danmaku_id,content,progress,ctime,user_hash
1510893569358271232,第一第一,1.699,1707203748,cde4d87e
1510899902287393024,因为翻译的过程信息会有误差,326.337,1707204503,18041a7d
1510909908177375488,大吹法螺，大敲法鼓,139.426,1707205696,6701cdaf
1510910844496804096,咒语：钵钵鸡 钵啊钵钵鸡 一元一串的钵钵鸡,264.042,1707205808,a2d527c6
1510919025335687680,角度新奇，有想法，尚,30.832,1707206783,68222e04
1510930884453687552,终于更新了,16.979,1707208197,520a78cf
1510950755354440448,临兵斗者皆烈阵在前,56.422,1707210566,7ab67633
1510958798544962048,传播的都是怎么分红，知识垄断和解释权垄断是宗教发展的重要手段,322.894,1707211524,68222e04
1511034478041378304,如果宗教失去神秘性，被彻底解构，那会彻底沦为娱乐产品，甚至被遗忘,316.877,1707220546,9f3bfdff
1511181262969388544,好家伙，这时长老夫相当满意,4.106,1707238044,cd48e03d
1511182539002482176,阿达瓦卡达哇,80.78,1707238196,c5b1b916
1511222906066129664,更新了,2.219,1707243008,2d45ce45
1511226942186302720,八利三藏,254.169,1707243490,925a8e
1511242451145711872,是临兵斗者皆阵组前行,60.751,1707245338,56542bc
1511243862948012288,呃稍微做个思想实验就知道了吧，两人用同一个咒语博弈，宇宙会让谁的生效？,48.369,1707245507,61765872
1511247346108166144,保持神秘性,324.439,1707245922,9ba24f69
1511269600958901504,起源于远古的傩戏吧，只是语言到后面音调之类的变了,229.695,1707248575,9a4d5722
1511286993429352448,傩戏？,195.086,1707250648,40e8b606
1511371366191285504,一本老书，魔界英雄传,56.191,1707260706,d7472b31
1511371955406711296,宗教、民俗需要权威啊，和普通人分开,332.559,1707260777,a03619e9
1511443430792994816,读作频率,50.419,1707269297,f170be36
1511449130046897920,ai是语音是ai服务人。所以按这个逻辑理解 咒语就是人服务神，而不是神服务人。,39.02,1707269976,c9088b35
1511456406702981888,欢乐豆效应,18.499,1707270844,9a409ed0
1511458951899097600,唵蓝净法界，乾元亨利贞,57.505,1707271147,935d4258
1511460489002457856,嘛哩嘛哩哄,115.187,1707271331,f79d57f0
1511461124523224064,巴啦啦小魔仙沙拉沙罗全身变~,122.181,1707271406,f79d57f0
1511464619930060288,大威天龙，般若妈妈哄！,123.144,1707271823,2694a6a3
1511484128527372544,盂兰神功,201.216,1707274149,b5a2bfa6
1511493372387584768,酆都,186.259,1707275251,aef8af5a
1511501312163094528,六字大明咒,65.699,1707276197,3c847720
1511518557304159744,但是指定语言可以掌握解释权，你传播了但是不听我的，那有什么用,321.567,1707278253,5eea56d8
1511520194298916352,惠州人冒头,133.131,1707278448,f388d0d7
1511530496667056128,奇术师,38.359,1707279676,9f798b2
1511539736383475456,背景音乐很好听,238.293,1707280778,e98af137
1511542792294497792,电的载，言的流音的体！！！~,92.155,1707281142,b98c9fb3
1511568683934632192,太平歌词,176.762,1707284228,dccf1241
1511634527880466688,嗯，用山东话来读论语对吧？！,303.511,1707292078,d9096a03
1511682304282562304,细思极恐,65.85,1707297773,e7a6fc0
1511691840704061440,这根本不是悖论，宗教信仰可以共享，但宗教解释权不能，用这些与众生不同的语言是刻意为之,314.645,1707298910,10fe7ea0
1511767484339176448,你要弄清楚什么是咒 在从你的语来研究,107.255,1707307927,c04d39b0
1511770286520144384,但咒语往往需要支付代价,42.49,1707308261,3e66d107
1511813234556941056,普罗米修斯！！！,263.753,1707313381,a151a368
1511845043487872768,我们称为：指令【狗头】,102.28,1707317173,8872ac8b
1511858711323561472,一切都会好起来的,9.076,1707318802,f57b51b5
1511865453088102912,其实就是呼出控制台输入权限内的命令而已,68.929,1707319606,de100637
1511902250002346752,日落西山呐～～～～～ 日落西山黑了天,180.056,1707323993,fe023968
1511930684984525312,殄文,153.507,1707327382,4024beb
1511982163430892032,涟漪到一定程度要么忽视要么被摧毁,76.168,1707333519,3b533936
1512199663267418368,异世界舅舅？,279.895,1707359447,668f1692
1512239974622197504,说不定咒语就是神鬼的语言,29.139,1707364253,cfd7ca0d
1512317236235702272,老法师啦。,154.589,1707373463,ac63fe8e
1512342985545859840,往生咒的话历史不会超过两千年,99.669,1707376532,ec1e650d
1512350557044727040,就连网庙上吹的不靠神仙的道教也是不受箓不拜师无法入道,325.259,1707377435,ec1e650d
1512385944664624896,真语音系统？,300.179,1707381653,85182cf1
1512396870666703616,是的，在河南搭台唱戏，只要开始了，哪怕没人看了，也要唱结束，因为还有鬼神要看,200.4,1707382956,e490b69f
1512401437198811648,前排提醒，这视频不是讲神秘学和民俗，也不是讲符号学人类学的，纯纯的地摊文未解之谜系列,0.0,1707383500,ec1e650d
1512411536671438080,配的视频太烂，为什么不用倩女幽魂里的夺命梵音？？！,65.249,1707384704,df179fd2
1512412001694205696,古代佛经没有文字，都是口口相传。分组背诵互为备份，防止荒腔走板。,130.443,1707384760,218bc651
1512413195863024640,戏曲规矩：一旦开唱就必须唱完，就算没有人听，也会有鬼神在听。,187.237,1707384902,218bc651
1512470663531772416,商博良也不能翻译吗？,254.691,1707391753,2192b47c
1512575622239711744,汽车人变形出发!,34.061,1707404265,1c876ed5
1512675556465262080,爷爷，你关注的up主更新了,0.053,1707416178,e6b1cced
1512800259246878720,雅语？,188.839,1707431044,22a12544
1512835991520727552,加油加油加油,49.519,1707435303,e2e36116
1512878834314398720,急急如律令,116.139,1707440411,ac66a05
1513407398424177664,咒语是古代文明在集体潜意识上构造的系统操作语言 辅助你用神识力共振现实,50.326,1707503420,bb2b695c
1513519125832521216,我知道了，来念，大威天龙,271.527,1707516739,8471b486
1513825907696042240,世界的本质就是震动,35.041,1707553310,97783db7
1513854484185655040,吃葡萄不吐葡萄皮,140.116,1707556717,d2d434c9
1513867228041500928,咒语很管用的，楞严咒大悲咒超管用，,79.791,1707558236,92141b11
1513869470635296768,楞严咒很厉害,124.271,1707558504,92141b11
1513869954716362240,太极腔,181.873,1707558561,92141b11
1513870167694691072,符合太极转动的腔调,207.251,1707558587,92141b11
1513875250914631936,哈嘛噼,256.295,1707559193,697c73c5
1514040566067789056,失传的语言,231.848,1707578900,2e37a580
1514042597747022336,传播的不是教义，而是以神秘把控对神言宗教的释义权，进而掌控教徒思想,318.305,1707579142,2e37a580
1514082080827877632,有句话叫做末法时代，咒语可能就是可以震动那些魔法元素的发音。越大的法术就是需要越多的魔法元素加入,159.257,1707583849,1d9e85c9
1514199858108791040,背景这个场景和美女好美好精致,97.689,1707597889,543b1b52
1514355957059465728,言灵,83.299,1707616497,b1181568
1514357118193747456,包饺砸！,221.677,1707616636,b1181568
1515017413597801984,玛卡巴卡,5.733,1707695349,65bbde51
1515075022790625536,港片能作为参考？？？,193.326,1707702217,19d790a7
1515323257966851840,龙族,33.379,1707731809,2a0baa1e
1515352156562250752,天猫精灵。开空调,86.414,1707735254,651def2b
1515858433734178048,不是讲究天人感应吗？我认为因该注重感应。,283.302,1707795606,38b7cd34
1515967506836537344,代码也是咒文←_←,144.937,1707808609,a1427164
1516076378326696448,纳米机器人就是魔法元素,168.409,1707821587,78fb5fc8
1516259650881020928,我认为一定不会是种真正的语言，或者说一定没有规律,11.119,1707843435,c9cb581b
1516599242444146176,这些咒语可能是调整自己能量的一种技巧，但是前提是对自身能量有认知，现在已失传了,121.64,1707883918,be0efab2
1517403587184422144,我知道，同伴加压耗时3防夜袭，是神秘交谈,276.082,1707979803,e63ec77b
1517533032255605248,恐怖的时长,9.17,1707995234,d8d03db0
1518137113181289216,陀螺么,9.807,1708067246,7fb60ea5
1518947474113374464,不算什么新想法，我小学时就在很多科普科幻书籍中见过了,34.415,1708163849,8d99378e
1518975570909053440,这些是谜因或者说是模因,88.047,1708167198,8d99378e
1518988018554381824,索绪尔《普通语言学教程》,207.331,1708168682,8d99378e
1518990509333373696,有没有可能神不需要语言,334.629,1708168979,8d99378e
1519019224050573312,手机便是魔杖,65.464,1708172402,eb2d8318
1519077329471963392,斯人已逝,155.313,1708179329,5ae573e0
1519119575835716352,终于有人说这个了！,14.259,1708184365,852f32d4
1519176036183758848,咒语 密码？,158.411,1708191095,f8fa38dc
1519415599787310080,摩西摩西,333.508,1708219654,a5fd0f2a
1519616248227790080,外星语吗,248.364,1708243573,c67dfee9
1519674270610095104,6++++++,227.168,1708250490,3ed244f1
1519776711493963008,梵文,128.253,1708262702,cac1ea43
1520599627219771648,"Hey, Siri就是一句咒语",52.979,1708360801,62dea387
1520960370053912832,把这个换成语音识别就对味了 哈哈,285.435,1708403805,6c47009f
1521046991315212032,一人之下--巫妖  神格面具,189.927,1708414131,484718e1
1521313780892562432,计算机语言和程序验证,344.643,1708445935,73ad9a4c
1521828578877088256,什么亚空间,274.869,1708507303,3f564a18
1522141123278263296,讲好一个故事,84.475,1708544561,749148d6
1522245180462621696,有没可能是为了所谓神秘感，你不懂就觉得神奇而已，有可能经文只是说你吃了没之类的话,349.408,1708556966,c4f0a743
1522338742013231104,言出法随！,72.482,1708568119,d4df00e7
1522739676061328128,言出法随,96.474,1708615914,9242b9d5
1523493689731924992,南无阿弥陀佛,132.559,1708705800,ed3aa3fa
1523727651624210944,说不定就是外星人教了一半,313.746,1708733690,9accefd7
1524238675792495360,古语或者外语加上误读？,120.786,1708794609,eb9bb181
1524350810652467456,纳米机械可以实现的,73.747,1708807977,3e145f2f
1524871559263616000,这其实和人类的傲慢有关,322.405,1708870055,334b68cd
1524951088132848640,宇宙系统的cmd指令,36.891,1708879535,4506ee92
1525478414050475264,大家不要误会这里，只是为了解释咒语，是一种娱乐的方向。研究的并不是宗教的政治性,325.499,1708942397,b958d312
1525514254814519040,唱诗人,282.422,1708946670,b6955852
1525986563543289088,失落的史前科技？！,42.619,1709002974,ea787008
1525990164084938496,有没有一种可能翻译后会失真？知其意，却不能知其境,315.411,1709003403,ea787008
1526707221625564160,已经关闭了，神远古的时候为了调试留的GM接口而已,51.784,1709088883,ac9c7a53
1527043400309016064,真名,289.935,1709128958,f2719655
1527406274621540096,遇事不决，外星语言,254.434,1709172216,b5f326f3
1527518713752931072,阿瓦达啃大瓜！！！！,75.721,1709185620,acc807f1
1529578567409916928,惊！晴雅集？！,29.392,1709431174,43bd4e89
1529581902888364032,一种保持自我文化的方式而已,313.873,1709431571,662e91a1
1530203757764441344,神秘主义,333.339,1709505702,961f4073
1531427263931784704,菠萝菠萝蜜~~~,139.178,1709651556,d798ad0c
1531911304212702464,？？巴利三藏是原始佛教语言，记录不应该是原始佛经么？怎么会翻译不出来,245.83,1709709258,1b499427
1532035581700394752,梵文,233.951,1709724073,180c64e8
1533269809557922048,我们所有的念想都是咒语,70.357,1709871204,62081682
1542529958940243200,是的，有的看似是梗，其实有些力量在的,90.778,1710975100,32e70d68
1543111050709208832,桐人：system call,56.917,1711044372,1fa48e31
1544947092043549440,想起句话，科学的尽头是玄学,207.987,1711263245,3e3a2c80
1547095614930966784,其他语种的经文怎么呢,303.683,1711519369,e6a80cdd
1547958184134834176,这里还有个悖论，当一个种族发展了一个宗教。那么肯定是这个种族的宝贝,330.11,1711622195,e32b7191
1548159716230860800,这不是维护正统核心地位的需要吗？,316.706,1711646219,41484aff
1548278444176366080,怎么证明或者证伪,44.389,1711660373,aa9228fe
1548340582077118976,表音文字,253.179,1711667780,26c06ef
1548341319083226368,为了最终解释权,332.879,1711667868,26c06ef
1548698437929915648,拉莱耶语,233.375,1711710440,cc4815cd
1549523100742364416,伊卜拉沙~,235.001,1711808747,145aa409
1555920021157790720,我也会：“小爱同学，帮我开灯”,47.483,1712571320,a7828a4c
1578907644843075328,就是高维能量语，链接你和你的原神,77.328,1715311658,89a93e3c
1579045791392150016,是高哥特语和低哥特语的意思吗？,256.159,1715328126,efbe4fb1
1579600572553052928,一陀翔,19.0,1715394262,c2ffcf2b
1593186662605772544,想让咒语变成真，你必须从相反视角观测咒语的实施～,6.368,1717013850,d9f65bf6
1595352854670238464,古神语,279.125,1717272080,548c6421
1613232999364002560,以前人少,319.025,1719403559,e64c5464
1625946687002524416,宇宙的代码,40.819,1720919149,3d151d8e
1639155093452823296,小孩子灵性高,163.464,1722493714,3b877167
1657286574037113856,科仪 密咒,211.368,1724655155,257a1ebb
1671812029079470592,宇宙编程语言,348.506,1726386724,67547af9
1685437688540383232,还有宇宙语,256.42,1728011029,f2f5aee3
1693835141027384576,巫在古代是指可以沟通天地的人,173.132,1729012083,76537ad9
1710183110169744896,没错，只要戏台子搭起来，没人也要唱，因为有鬼神也再看,183.934,1730960913,9820c3cc
,,0.0,1775655591.4716349,
lb.c,,0.0,1775655591.4716349,
,,0.0,1775655591.4716349,
1510900560373553408,撞到真空容器壁之后能量引起了容器壁的形变和内能增加，也就是做了功,659.79,1707204582,b9f37c81
1510900651868260864,现象难道不是人规定出来的吗？,458.885,1707204593,b7253f15
1511025437420547840,这里bgm有人知道吗,518.722,1707219468,9039f3b4
1511030251256490240,这个有解释,449.298,1707220042,1555eca4
1511042247267934720,达摩是真实的历史人物啊，有记载的,360.85,1707221472,3d58d951
1511091314459339776,光音天,449.444,1707227322,4404adee
1511091935325041920,光音天,447.529,1707227396,4404adee
1511092919216725760,阿凡达团建,389.076,1707227513,165e8d50
1511105664078934784,真空中应该是没有物质媒介来共振,579.255,1707229032,ff133554
1511151090589253376,那么问题来了，神无所不能，为啥不啥语言都懂,402.783,1707234447,4653de3d
1511177058464783872,这个逻辑有问题，就算耶稣真的复活了，那后世的人都没见过又凭什么相信，那没见过的后人可以相信，没见过的前人就也可以相信,385.196,1707237543,a002bc65
1511180170973705728,阵法？,686.459,1707237914,6d8b995d
1511196360635076352,吊在板上的原因,581.869,1707239844,8e8a9411
1511282684226246912,相信神存在≠神真的存在。,394.928,1707250135,be6a4a57
1511337549380404736,相信相信的力量,406.35,1707256675,d23c6e91
1511344816028825856,这个应该是心理学。,421.01,1707257541,86ff93e9
1511444496154427392,啊，竟然有文献？,539.327,1707269424,57b0d9a5
1511492257423854848,是催眠学，不是心理学，在很多时候是超心理学的概念,516.282,1707275118,2a863fc8
1511508387635012608,现象不是人规定的，是人发现归纳总结的，无法复现没找到规律的就是神秘,468.904,1707277041,3e818a27
1511522047493633792,"祝由术算不算,听说确实有一定效果",428.512,1707278669,f0e5ceae
1511531083693425920,共振就是功放,624.337,1707279746,3291c759
1511536718556469248,可以理解为神灵C语言,509.384,1707280418,25a3a2fb
1511545975553024768,遇事不决，量子力学,497.303,1707281521,18d3d9b6
1511604753430393344,好像臭名昭著的水知道答案也提过类似的理论吧,656.368,1707288528,c0dcfb2c
1511628251397654528,耶稣也是真实的历史人物啊,364.559,1707291329,be83c184
1511695680824204032,曼陀罗,630.593,1707299368,2b4097c
1511698937155826944,声音不是消耗了能量才出现的？,477.243,1707299756,e274e0d6
1511868531464402176,灵能科技会引发亚空间天灾,434.039,1707319973,de100637
1511906428947239424,这种事是完全有可能的 但是距离神学 十亿八千万光年,522.151,1707324491,fe023968
1511907011250652928,真空不空 朋友,583.404,1707324560,fe023968
1511986773247507200,别迷信了，就算法翻译成同样的语言也是近似意和本意肯定有区别的，声音也分很多种，人与人听到也会有差别，这方面确实大家都不懂就看谁在那装，相信科学，拒绝迷信,411.888,1707334069,3b533936
1511992122906106624,只要别傲慢就很难迷信,487.448,1707334706,3b533936
1512399397458329600,逸散成熵了,482.04,1707383257,e490b69f
1512416070420826624,全国无论南北，都有一种去除喉咙鱼刺的祝由术。无法用现代理论解释，但真管用。,424.813,1707385245,218bc651
1512417522790590464,压点效应会产生电磁波，另一块同规格压电材料能够接收同频电磁辐射。,532.909,1707385418,218bc651
1512553623576776704,这太扯了,499.588,1707401642,3ff15c6
1512961307039537152,听音识曲,557.452,1707450242,3b054801
1513120392393488640,曼陀罗 荷鲁斯,627.43,1707469206,cb704783
1513607207155996928,祝由术,431.192,1707527239,4c09d4ff
1513712709210978816,千里传音,544.654,1707539816,51e24fc0
1514046186527756800,金花,637.486,1707579570,2e37a580
1514414867174400768,扯什么？的布罗伊物质波也是这个差不多的情景,506.264,1707623520,2610031c
1514810229593054464,有时候挺好使的,424.53,1707670651,7abc00a5
1515079558796536832,是语言就能承载,442.446,1707702757,19d790a7
1515889347617151232,言出法随,688.232,1707799292,38e0cfa7
1516074366621033728,有体验，比如快睡着半梦半醒间有时就会听到别人的说话声,510.885,1707821348,87b7cc89
1516142762431414528,巫医:我用的巫药是地塞米松,371.827,1707829501,7885fa40
1517231888501551872,能量在引起介质震动时就损耗了,667.08,1707959335,b02b4760
1519097112141709824,脉轮,632.163,1708181687,b79fb829
1519149031283219968,六字大明咒的“唵”字声波成像出来的就是一个坛城的模样,702.861,1708187876,b4116d28
1520413688194932736,只看结果，不看过程,434.976,1708338635,18f90f29
1521193655723901440,打电话不也是这样吗,543.23,1708431614,1afc700e
1521515294374641152,很多佛世界是以音声形式存在的就是这个意思，佛说法的音声响彻三千大千世界乃至无量无边世界却互不干扰，个人推测原理也是如此甚至更高端,646.222,1708469957,2bc7f25d
1521869830855307520,九龙化骨水,428.984,1708512221,5e5b832e
1522614177301480704,我都不知道我是從哪裡開始聽不懂的,680.949,1708600954,e5b3855e
1523056658296037376,虚拟世界么？,434.293,1708653702,11aee060
1523111823023342080,这也是因为有电场啊,525.467,1708660278,caf65355
1523399379279849984,真空量子涨落产生虚粒子，这些虚粒子可以震动传递声音,509.3,1708694557,e0aa4922
1523733545385058304,就像音乐会影响人的情绪或行为,589.669,1708734393,c0cf273f
1523896536491566336,神说要有钱，于是真的有了钱,407.087,1708753823,a623f050
1523921070451773184,直接操作底层代码的意思？,460.701,1708756748,bc3c5dc4
1524083323922976512,听不懂，但是爱听,547.719,1708776090,3238262a
1524151221777249792,我想到了催眠！,451.94,1708784184,31a50c5b
1524872064241377536,找个海妖，她们有语言插件,395.524,1708870115,4df1c005
1525795062360167424,如果是相同结构的设备，很有可能只是因为固有频率相同,579.875,1708980145,38db071e
1525895530184793856,魔术？,376.219,1708992122,2846fd25
1526905709101803520,源代码,625.148,1709112544,53713d10
1527805746459515904,可以用同一条鱼用火烧软 放水中喝下去就可以了 没试过 可以试试,428.36,1709219837,c3660b3b
1528746137987852032,抵抗重力我笑死,447.8,1709331941,b18ca3c3
1529391240104563712,真空没有空气啊，能量没法传递呗。,474.731,1709408843,acab398a
1529393029109376512,图案与物质形成未必有关联，结,685.81,1709409056,acab398a
1530561309647992576,原神，启动,440.699,1709548326,7039cd78
1530563428618802176,原神，拯救世界,685.059,1709548578,7039cd78
1535763481922828288,你好。地球人,502.126,1710168473,369f2308
1538300396295406080,当你相信神存在的时候，你无法分辨神不存在,400.555,1710470897,380fb161
1543391465777099264,太阳：那我走？,403.631,1711077800,e185455b
1543744512340334080,雷达？,682.265,1711119886,3ab4cc58
1545168316992144640,别着急反驳～人家都有资料的，又不是信口胡说。先看看中不？,522.289,1711289617,2a2f81cb
1547835726564081664,大型演唱会,392.023,1711607597,ef69e866
1548724242135296000,这不是共振，这是系统的耦合运动，不要望文生义,587.954,1711713516,5e86f2be
1550077398274505728,披着科幻外衣的外星非洲,415.033,1711874825,594a703a
1551541533415911424,画符？,697.612,1712049363,f686d65e
1551666175614980608,电子设备的声音和人体的一样吗,654.95,1712064222,af883166
1559681438692134144,频率,462.398,1713019716,1d73ca06
1565534952362303744,分形几何,688.766,1713717509,5db64ff1
1578153244038174464,非局域耦合机械振子的同步及奇异态,589.095,1715221727,4350c6ed
1582038471336594176,史前超级治愈机器人，通过语音交流借用,417.043,1715684882,97213204
1587104621032583424,突然串戏到了浮世叁千问233,549.603,1716288814,482d75e4
1589353646557061120,看到这个我立马想到了麦田圈的图案,681.825,1716556919,5931d69a
1605616503556794112,==没人说达摩是神吧？佛教从来说佛是开悟的人而已,401.019,1718495602,926fe657
1616096372220716544,那就是每个读音都与某种波共振，或组织成固定的波形组合，这样的波形组合就产生某种能量，达到一定强度就能影响能量场,475.339,1719744900,13b5d3c3
1616896630853157376,转化成内能了啊,473.553,1719840298,22286d56
1622573075915028992,逗猫棒,585.05,1720516983,72808daf
1623704623200179200,真空不真，即使太空，也是相对真空，不是绝对,499.219,1720651874,4c99fc82
1639981537342845184,总裁那里看过这段,603.241,1722592233,95e48e44
1655747505583124480,麦田怪圈,690.774,1724471683,b7d61015
1657054149197909760,所以皇帝学天人的音乐就是为了拯救当年的人,705.618,1724627447,bb2b695c
1684301329097158656,节拍器,580.965,1727875564,fea2e132
1707933810337497600,神“说”：要有“光”,450.231,1730692776,c87e78db
1786962726779324416,首先发出声音的东西你必须得给它一个定位，或是锚点，一切从它出发才有对错，或许这就是人类限制？,712.141,1740113757,5486f4a0
,,0.0,1775655591.4716349,
lb.c,,0.0,1775655591.4716349,
,,0.0,1775655591.4716349,
1510908556394966784,芭芭拉：治疗就交给我吧,914.772,1707205535,66b8a922
1510931899072224768,就算时空不连续，我们感受到的也是连续的。,1022.773,1707208318,de0d96f7
1510932180552081408,比如：眨眼补帧。视频一顿一顿的，可是在我们看来，就是连续的。,1024.733,1707208351,de0d96f7
1510932571318612736,卡顿，对于连续来说，通过对比，才有卡顿。,1026.053,1707208398,de0d96f7
1510939667150138880,细说深入,977.537,1707209244,6840d8d4
1511037968390157824,图穷匕见,773.855,1707220962,f2194801
1511107728758915584,这是波纹攻击,919.726,1707229278,ff133554
1511108334592237824,开始看不懂了,1019.318,1707229350,ff133554
1511115165905922560,我喜欢,775.271,1707230165,21836113
1511154999126838016,那如果光可以被力吸引或者退离呢。。。,810.518,1707234913,4653de3d
1511215457519212800,这个招数电影里的神婆经常用,949.238,1707242121,833e8924
1511244701272300544,法术：言出法随,847.578,1707245607,ddd5415e
1511440245227354368,时间是否存在都是个问题，讨论这个,865.197,1707268917,cb122b68
1511450399830701568,魔术大师,951.539,1707270128,c35938f7
1511467769114449152,万事不决，量子力学,1006.523,1707272198,5d76bd6e
1511492002686982912,其实是魔术而已,992.258,1707275087,1253f646
1511543661714979840,如果魔术能救一个濒死的人就好了,1003.873,1707281246,f0e5ceae
1511544817807974400,我还以为我屏幕上有蚂蚁！！！,960.27,1707281383,275bd317
1511551857225513984,？,956.623,1707282223,18d3d9b6
1511686273318952960,遇事不决 量子力学,999.821,1707298246,afd6932a
1511694476094334976,图穷匕见+1,789.081,1707299224,e7d94bb0
1511739552522725888,这不会是芭芭拉的原型吧,919.964,1707304598,68b8b69b
1511765376005291776,所以关键是理解共振的本质吗，共振为什么存在,720.256,1707307676,d3926e93
1511837427696720384,我的老师跟我们讲过很多这种，老老师懂的很多，都给我们讲，现在可能没老师知道了,969.57,1707316265,928db7c7
1511839115250015744,不是魔术，我那个老老师说，超自然跟化学物理学有关，不是假的，只是我们现在不懂,996.13,1707316466,928db7c7
1511872289778621440,"光不会被引力吸引,而是沿着空间最短的路径传播而已.所以黑洞是扰动空间而非拉扯光子",823.721,1707320421,de100637
1511937045143108608,因为观测了,1052.265,1707328140,54505dd5
1512001545351270912,众所周知宏观效应会有一个概率趋势这不就连起来了？不想卡bug也不是不可以,1026.596,1707335830,3b533936
1512232402234451712,有没有可能芭芭拉学过医学，打着巫医的旗号在实施专业手术？,996.828,1707363350,668f1692
1512476769406749184,噗，再见,981.123,1707392481,2192b47c
1512608267246103808,就象我们看动画片那样，动画片也不是连续的，只是我们觉得是连续的。,1031.334,1707408156,aaba05d6
1514049108397391616,这类魔术手法被揭秘过,954.314,1707579918,2e37a580
1514763847821686528,科学的尽头是神学,1067.514,1707665122,ec0293b2
1515115708605221120,不，相对论证明时空是变量,782.777,1707707067,9ba94f75
1515382011794174720,路西法,799.388,1707738813,8b55cc44
1516202209334213888,遇事不决量子力学,989.899,1707836588,8e9d9c30
1516399092161618688,有没有一种可能，一切只是场物质流动产生的变化,857.976,1707860058,e4ab6b8a
1516472943654308608,直到魔法揭秘开始播放,997.288,1707868862,dc228f33
1516934833941766144,主要就是，声音的能量太少了，除非是有放大器，或者类似引动雪崩一样的引子,846.614,1707923923,8384b083
1516941263289824512,说其他我还不一定熟，这个芭芭拉帕奇塔不久前我还看过揭秘,875.114,1707924690,8384b083
1519459610443232512,芭芭拉 冲鸭,875.621,1708224900,bdcd674a
1519521141822387200,法器？,863.309,1708232235,85109700
1519734356447349760,我记得有书说 唵 代表世间万物,745.784,1708257652,6e104b80
1520925161463963648,造神嘛，哪都一样,977.215,1708399607,39380461
1521520242915206656,黄帝外经到底什么内容啊,953.712,1708470547,2bc7f25d
1522305516666245888,芭芭拉冲呀！,901.502,1708564159,cfd4b043
1522600013229157888,你这个芭芭拉回复效果有点强,901.821,1708599265,afb33c7e
1523116779063697664,这就是芭芭拉原型吗,894.658,1708660869,caf65355
1523117225723492096,研究出来可是能“水”一篇论文的啊，怎么会有学者不感兴趣呢,921.75,1708660922,caf65355
1523826720631923968,所有的一切都是能量的互相干涉,868.615,1708745500,3c7337bc
1524834345603342592,遇事不决，量子力学,990.708,1708865619,2ecd090a
1525447203026720512,来困了..............,1051.074,1708938677,733e5dc3
1526071318246951680,那倒立行走是不是会活的久一点,839.812,1709013077,aec86728
1526213258074652160,就喜欢这句！,722.968,1709029998,a48a250c
1526215241627702272,芭芭拉冲鸭,932.186,1709030234,3fc86396
1528921959411564288,时空之王，命运道标,858.034,1709352900,f7ab0be
1529095836045338112,那是你念唵这类时 你的肌肉呼吸机都在随着你念这个字时有规律运动 按摩内脏,787.375,1709373628,b2446d3b
1529096324883104000,将无序混乱 通过振动变的重新有序，规律,845.558,1709373686,b2446d3b
1530200422705674496,我更倾向于时间是一把尺子 本来不存在只是为了让人类理解而造出来的工具 ,1065.539,1709505305,a5220fbb
1534711957620495616,因为思维是线性的,1034.803,1710043122,62081682
1543746423835697152,这么离谱？,910.195,1711120114,3ab4cc58
1546005639908824320,算了吧,907.089,1711389433,990cb761
1549518129745755904,苗医没病拿水,995.939,1711808155,ceb9f1ab
1551541810399105024,咒语就是用声音画符,730.627,1712049396,f686d65e
1551542719128959232,衰变，老化,838.951,1712049505,f686d65e
1562180038324307456,科学没有尽头。,1077.795,1713317572,59236c22
1577511418495228928,咒令：我，秦始皇，打钱！！！,886.446,1715145215,d59fe5b0
1578778053835180544,芭芭拉：演唱，开始！,890.933,1715296210,b897fdc1
1594020501347522304,黑客帝国,944.659,1717113251,10d4dc90
1615813523726791168,我每次睡不着就看他视频，一听就困，比安眠药管用,1041.055,1719711182,29578a32
1622577590823022080,幻影移形,1038.551,1720517521,72808daf
1639987416305571072,回调芭芭拉！,906.754,1722592934,95e48e44
1655797195032993536,湖北某个道教县的某个局长，就是被这种方式治疗的癌症，还拍了视频,957.966,1724477607,f85c634d
1682123295757073152,遇事不决，量子力学,986.771,1727615923,46c0c30d
1682123743473752832,缩地术！,1036.086,1727615976,46c0c30d
1693841864656055296,憨豆先生也干过类似的事,948.417,1729012885,76537ad9
1727377496854866432,读书时巴不得有这能力省下通勤,1036.921,1733010644,9d6fe986
1801466163009000448,高手啊,966.308,1741842701,705a891
1812420769691477504,怪不得蒙德城有个芭芭拉,992.077,1743148592,94749c01
1825597102567617536, 那光的散射呢？,816.808,1744719333,1a6d2728
1825599134908975616,电影中环节在他眼前上演，不敢想象他当时得震惊到什么程度,957.706,1744719575,1a6d2728
,,0.0,1775655591.4716349,
lb.c,,0.0,1775655591.4716349,
,,0.0,1775655591.4716349,
1510937110897690880,如果说是量子隧穿的话，概率极低，忽略不计。不如直接把射向他人的子弹，无伤遂穿到脑后。,1232.142,1707208939,de0d96f7
1510938654141682944,这难度，比空间传送还难,1249.191,1707209123,de0d96f7
1510941287778876160,言出法随？,1238.539,1707209437,520a78cf
1510960014297565440,有道理,1356.308,1707211669,73dbef55
1510973142066364672,我小时候经常混淆绿色和蓝色,1337.774,1707213234,2eb64d21
1511086203624329984,有合理解释了,1302.605,1707226712,903d032f
1511164230840225536,集体潜意识,1433.111,1707236014,4b967118
1511215250052352256,狼孩的故事如果是真的，那么鸿蒙讲座的故事岂不是真的？传道是真的,1431.28,1707242096,b789a2e2
1511218110945282304,所以自旋到底是什么意思,1100.438,1707242437,ad5cbc3e
1511255395841472512,思想烙印.  ,1347.877,1707246882,b694ac7c
1511404765434047488,这不是道家学说，这是道教学说,1156.319,1707264688,925a8e
1511431593041043200,阿赖耶识,1436.598,1707267886,cdf28e6f
1511460786487543808,本来就没有时间，,1087.225,1707271366,af3bc664
1511478139933912064,有道理,1368.836,1707273435,7a0bddcc
1511516709016718080,阿赖耶,1437.162,1707278033,3e818a27
1511533126998994176,观测物质世界必会对物质世界造成扰动，也就是互动，所以在微观世界，所有观测均是与物质互动后的结果,1368.97,1707279990,2b0a5cad
1511534374871452416,陀一定是博士后，逻辑，章节环环相扣,1206.486,1707280138,62081682
1511536152619183104,这就是地球ol的规矩呀,1351.549,1707280350,baaac14b
1511592607808412416,我们的世界是虚拟的,1141.448,1707287080,6e468b55
1511730073613624064,意识冰山，水面上的冰山看似独立，下面却连成一片？,1434.891,1707303468,ed61d4d3
1511912129274695168,其实可以吃 你喜欢的话（用过的容易产生细菌 吃进去会生病）,1339.593,1707325170,d67e1d47
1512134764138867200,这点认同，在学校考试的时候，明明我自己不紧张，题感觉也不难，但就是脑子空白，不会思考，感觉自己的意识被别人影响了,1430.906,1707351710,95936744
1512240897428290560,五蕴,1348.701,1707364363,f7efa00d
1512262604377145344,假设空间本就在你只是在这空间里放了个烟花，接着烟花充斥整个空间并不断蔓延,1169.81,1707366950,6031d481
1512505554680108288,有些所谓的证明只是为了让事情变的合理,1411.255,1707395912,f49ebad4
1513928600649548288,懂了，太上老君是量子（bushi,1170.598,1707565552,1a1281fd
1514382712004454144,神学不为用，科技为用,1247.087,1707619687,26b4c7d7
1514692285949028608,这个突然出现，也许是奇点以外的更高维世界对它产生了什么影响,1165.973,1707656591,2562f491
1514708046239426560,因为人本身就在系统中,1295.196,1707658470,2562f491
1514710233921327104,绿色也可以叫green,1337.739,1707658730,2562f491
1514711110069364736,确实,1434.603,1707658835,2562f491
1516133256528101376,石头人是吧,1438.144,1707828368,eef05dc0
1519363206387544576,时间和空间是连续的吗,1312.594,1708213408,89704736
1519643780385783040,地球不就在自旋吗,1103.687,1708246855,9c248688
1521295412676657408,？？？,1192.427,1708443745,1892977d
1521523478031927808,所以各大正教都重视语言的作用，圣经里丈夫可以否掉妻子的发愿，佛教和道教都说言语能召来福祸就是这意思,1231.27,1708470932,2bc7f25d
1522116546367880448,这可以假设并不是不教，而是教不了，或者不知道怎么把这种共振甚至说同频的展示给我们，甚至这个可以理解为天赋说的夸张点也就是超能力般是独有的，可以传承但不一定遇到差不多能遇到一个对师傅会咒语一样有天赋的,1267.781,1708541632,f4485a9e
1522694772203129600,所以世界就是像素组成的，根本不连续,1123.286,1708610561,164ded48
1522697891523916800,集体潜意识,1437.666,1708610933,164ded48
1525303812967995136,混元行意,1136.666,1708921583,48beeaa6
1526282993864606208,矩阵,1348.66,1709038311,1596239a
1526913926909220608,真言咒,1234.346,1709113524,53713d10
1529101675288482560,一段振动同样是有序的 会改变无序 同样消除混乱的应力,1321.582,1709374324,b2446d3b
1529103192561254400,认知定义牢笼,1374.684,1709374505,b2446d3b
1535828119645251840,净土宗,1225.742,1710176179,a125d774
1539225571467521536,真空中各方向的力是相同的，但是空间被扭曲之后就会出现“引力”,1127.443,1710581186,9798cac3
1544269461069150720,薛定谔的猫,1332.189,1711182465,384ddeeb
1548355340456971520,为什么打死狼,1382.359,1711669540,26c06ef
1549858698313306624,一语成谶,1237.96,1711848754,6bfe7442
1550314692902376192,像不像一个游戏的世界，从仅有一个世界到加载各种内容的样子？,1156.541,1711903113,7991c86e
1554004188055479296,少数的听到一半，发现已经一句话都听不懂了的视频，世界真神奇,1123.397,1712342935,9cd415f0
1558134519037870080,AI开机了,1178.136,1712835309,569fb314
1579252691224311808,五蕴,1355.02,1715352791,36dd6ae7
1579800639058708992,假装自己能听懂。这是咒语的一部分。,1109.409,1715418111,1d5a13e1
1592047346571685888,普通人的意识、记忆太靠不住了,1339.163,1716878033,f9c33a0
1616905396319193856,《白发魔女传》,1392.275,1719841343,22286d56
1628290035444993792,其实是不确定原理,1291.341,1721198498,e9ae1482
1641605769663529728,言灵,1230.33,1722785857,885fe8e9
1650106204409803520,信则有，不信则无，是不是也是共振，相信才可以和对方同一频率才能感受到，不相信频率不对就什么都不会发生，所以同一个方法，有的人灵，有的人不灵,1249.341,1723799188,2562f491
1661697840449405952,开控制台了,1234.173,1725181019,766e2ccb
1688364293735441664,假的？这是有记录的，还被写入了教育心理学的,1406.421,1728359907,2852ec86
1801377511042126592,时间是人道的概念,1104.052,1741832133,bd550466
1801378425123447040,人类对游戏的开发与创造，像不像天道对人类社会的创造,1212.996,1741832242,bd550466
1806733657709799424,张祥前的《统一场理论》能解释这些现像吗？,1287.425,1742470635,e9102dea
1827140962385317888,你看名字也知道，原始既是原初开始,1133.215,1744903376,1e8ae9f6
1902998389101029120,来自于经验和集体定义,1348.111,1753946285,2f11bf61
,,0.0,1775655591.4716349,
lb.c,,0.0,1775655591.4716349,
,,0.0,1775655591.4716349,
1510906544102140160,这是否能证明一定程度上证明灵魂的存在？,1624.165,1707205295,b7253f15
1510910449561168640,这部分应该是荣格的集体潜意识理论,1440.31,1707205761,1492c5f6
1510914819380157184,是不是给乌龟养大我们也能长命百岁了,1482.1,1707206282,66b8a922
1510920275179427072,比如心里说谁，谁就会打喷嚏,1749.222,1707206932,f57edb10
1510935521063628032,少了云端的算力支持,1472.716,1707208750,fc3b5a83
1510938085855267072,我用在感应外卖员是否到门口了，突然身体本能去开门,1748.476,1707209055,fc3b5a83
1510939849174349568,最新研究，意识，滞后于行为。行为是明星，意识是行为的经纪人。先做，后记录，再修改，更新下一次的行为模式，然后无限循环,1611.618,1707209265,de0d96f7
1510940204163147520,观测者效应，只能说仅供参考,1639.328,1707209308,de0d96f7
1510941203993114112,开智,1688.672,1707209427,1175e65c
1510943420246570240,这是真实的,1483.775,1707209691,fb5a2a45
1510944543003220992,开悟,1713.61,1707209825,7414f425
1510961183887348992,因无所住而生其心,1706.063,1707211809,cf105ce1
1511035621878063616,乌龟那个没法验证，因为乌龟不是哺乳类不会养小孩,1485.194,1707220682,e81cc6
1511063764844415488,高维观测者,1482.859,1707224037,3d58d951
1511111395234618368,但是谁也不敢保证动物没有意识啊？,1506.329,1707229715,ff133554
1511209499552427264,全世界觉得世界是天堂，那么世界就会变成天堂？,1481.001,1707241410,be61b0c1
1511216834996027392,双胞胎？,1610.797,1707242285,b789a2e2
1511223146534047744,古希腊掌管某某的神（doge,1550.905,1707243037,ad5cbc3e
1511223961420548352,如数家珍,1623.444,1707243134,ad5cbc3e
1511228030968900864,应该有吧，比如幸存者偏差；你只记住了说曹操就到的情况，或者父母回家的时间是规律的，你的生物钟告诉了你，使你有所防备,1746.417,1707243619,ad5cbc3e
1511477452092956160,亚空间四小贩,1570.169,1707273353,7c4f903
1511495235413645056,共业,1629.976,1707275473,e6bdc74d
1511497316744741120,上帝,1497.298,1707275721,922862d0
1511508691051051264,阿赖耶识,1441.43,1707277077,aef8af5a
1511568011436567296,阿赖耶识,1692.985,1707284148,d2e363e1
1511621789049190912,凉宫春日的忧郁,1540.488,1707290559,c396cf1d
1511623568927411456,灵能者？,1602.063,1707290771,efbe4fb1
1511631995141424640,那么反过来是不是父母到家前会觉得你在看电视,1750.205,1707291776,c0dcfb2c
1511640842572549632,余光再广也广不到背后,1785.868,1707292830,be83c184
1511687451415241984,xia我一跳,1542.529,1707298387,b82e8d5b
1511708301216445696,提到荣格的集体潜意识，那就不得不提到他在中国看到的《太乙金华宗旨》，后来又翻译回来的的《金花的秘密了》,1735.111,1707300872,9d05f18f
1511795647848672768,悟道,1725.188,1707311285,22b0b17c
1511835804467800832,因为个人意识 改变不了 集体意识,1538.777,1707316072,12d7ee3c
1511842276740092928,【黑门】个体高度独立，目标高度一致,1574.604,1707316843,12d7ee3c
1511847891394797056,喧闹的教室里突然所有人都不说话了。。。。,1765.309,1707317513,32e883ab
1511851208367988480,这不就是佛学么,1697.612,1707317908,9a409ed0
1512144308310928896,答案很显然是能,1505.483,1707352848,a7dc3a93
1512507446907027200,未来人KFK说的2048年之后,1636.84,1707396138,f49ebad4
1512542422654299648,“小我，大我，无我”,1702.041,1707400307,9c484b9d
1513849460013352192,目光这个确实神奇，我从小就可以感知到后面有人看我,1790.395,1707556118,f3c434db
1514406144062621440,人生如梦 梦就是我 我就是梦,1687.096,1707622480,552666d8
1514627335700539648,膀光,1780.411,1707648848,c4510bcb
1515381706549783040,gumayusi,1584.18,1707738776,faace91f
1516918028389108480,神圣的卡拉链接这我们,1465.03,1707921920,999e69a0
1517597278641419520,是每个意识单位都储存了集体意识 是一个同系统中可以共享的系统,1572.941,1708002893,63d7d7da
1517666500956532480,阿赖耶识,1570.555,1708011145,a9fcc626
1518446959336199936,超心理學?,1652.517,1708104183,4d77aa7c
1518686839769391872,王阳明的心外无物？,1704.751,1708132779,b80c6dd6
1519156000530225152,本自具足,1738.358,1708188707,b4116d28
1519202762028528640,还有睡觉突然自然醒，下一秒家里人会上厕所，或者谁在外面开始吵，都有提前性,1742.498,1708194281,b4b0d916
1519465296652840704,我被监控了,1455.932,1708225578,bdcd674a
1519800696000798208,erf,1760.395,1708265561,3f86f535
1520216088720532736,人能常清静天地悉皆归,1715.183,1708315079,a950714f
1520302050620088832,阿赖耶？,1443.431,1708325327,3c73699e
1520317563220260352,我和老爸闻出饺子馅咸不咸 都没尝,1758.613,1708327176,4cbb01a9
1520611966702639104,量子层面的怎么检测？,1511.223,1708362272,5b4e526d
1520612472183090176,科学的尽头是神学,1557.242,1708362332,5b4e526d
1520613854860544000,我对信息的传播方式更感兴趣,1661.023,1708362497,5b4e526d
1520614712394699264,干掉意识，请潜意识接管,1729.544,1708362599,5b4e526d
1520616434609354240,潜意识也应该有一个特定的通道,1775.277,1708362804,5b4e526d
1521527782797361408,不然你以为各大教派的教祖们都是怎么拉人头的,1516.589,1708471446,2bc7f25d
1523572044858465792,光音天,1618.639,1708715141,64dba629
1523572161124859904,光音天,1628.666,1708715154,64dba629
1523572275033640192,光音天,1634.063,1708715168,64dba629
1523572371754514432,光音天,1573.019,1708715179,64dba629
1523747023587911168,吾心自足，不假外求,1711.148,1708736000,c0cf273f
1523816576254704128,人能常清静，天地悉皆归,1699.89,1708744291,82bd86f4
1526257160668196096,宇宙这破地方对我们来说太大了，对别人来说太小了，原子不到,1551.06,1709035231,812c45be
1526916016251444480,云空间,1477.227,1709113773,53713d10
1528515952529233920,背后看我我完全能感觉到,1791.179,1709304500,e10a7d61
1529106510876402176,不是的 心无或者空时 你的身体自愈能力因为没有意识干扰 而从混乱变的重新有序,1770.288,1709374900,b2446d3b
1530376323233619712,念力,1529.842,1709526274,5ebf297f
1534718542484718592,果然还是佛学最接近宇宙真相,1723.379,1710043907,62081682
1536894454429364736,格式塔,1458.951,1710303296,82c0412c
1544845675316129792,近朱者赤近墨者黑,1611.934,1711251155,8a1c28a0
1546345570111973120,神识传音,1624.429,1711429956,4c9bc43a
1547691396486664192,生物电,1787.056,1711590391,2f361cc9
1547828874304575488,感谢尊者,1716.918,1711606780,2924f963
1548014426916315392,量子纠缠,1441.439,1711628900,166ca231
1548417538671826432,有没有一种可能 因为是狼孩天天被展览 被折磨死的喃？,1459.171,1711676954,fa755f5a
1548563003577111552,阿根廷：这我们很懂,1732.447,1711694295,c2ebb559
1548730885837164800,亚空间竟遥遥领先,1563.0,1711714308,cc4815cd
1549298721945368064,战锤P都给我出来,1606.423,1711781999,b1be4194
1550142669161201920,所以一堆人许同一个愿望有可能成功？？！,1666.191,1711882606,426ba631
1550770763064439552,荣格是看太乙金华才写出这个东西的~道家核心,1735.942,1711957480,dd2809d
1555063178428207616,结婚十年后，就变成大智之人,1706.235,1712469176,d60f4f19
1558138007037515776,大圣灵,1585.527,1712835724,569fb314
1565316480193916928,阳明心学，不符合物质世界统治,1755.958,1713691465,a097799c
1578482733217387008,也许宇宙就是一台计算机,1495.132,1715261005,6a93eb7d
1579057566506747136,亚空间灵能,1573.999,1715329530,efbe4fb1
1579058387558354176,放个屏蔽灵能的设备就感应不到了,1631.979,1715329628,efbe4fb1
1579254921771946496,佛陀,1546.46,1715353057,36dd6ae7
1579256023708093184,心有灵犀一点通,1608.875,1715353188,36dd6ae7
1592049700339921920,看我用闪电光速拳打破这一切,1571.994,1716878313,f9c33a0
1612321553985591552,《黑科技》,1629.812,1719294906,a219ff4e
1625968406040107520,古希腊掌管意识,1554.605,1720921738,3d151d8e
1649055077350368768,给你个眼神，你理解一下,1636.409,1723673884,5aaf2537
1652352658549466368,灵觉,1641.621,1724066986,a16cb467
1661107407721556480,脑波可以散发，我之前在一次小区跑步的时候，想起了一首歌，但是我只开始发出一个音节，走在前面的人突然开始唱那个歌词了。,1604.769,1725110633,5d2d3a9
1682127693300132352,一直观测不累吗,1483.673,1727616447,46c0c30d
1701599915598113024,什么？个人意识？人从出生就在被环境塑造所谓个人意识大多只是环境结合以及自身思考的结果,1504.402,1729937717,dedb02ff
1701603790564615424,说的有理,1704.659,1729938178,dedb02ff
1783338091067602176,被重力束缚的灵魂,1524.8,1739681666,2c44889a
1783338729121912064,量子纠缠,1596.358,1739681742,2c44889a
1783339428169745152,元气弹,1675.578,1739681826,2c44889a
1786974265653554176,影响别人心理学上可以轻易做到,1504.76,1740115132,5486f4a0
1786975214421919232,心理学上一个人可以轻易做到影响别人，那么扩大一下，理论上可以影响世界，甚至物质不是不可以的！,1526.38,1740115245,5486f4a0
1786976220400488960,一个北海岸的猴子学会了用棍子，南海岸的猴子不久也会了用棍子,1592.42,1740115365,5486f4a0
1916143344204589824,进击的巨人是吧？,1622.518,1755513286,a8280c73
,,0.0,1775655591.4716349,
lb.c,,0.0,1775655591.4716349,
,,0.0,1775655591.4716349,
1510907383742748672,跑得很快，求生意识很强,1859.8,1707205395,b7253f15
1510918903147094528,他修炼了《太乙金华宗旨》,2023.924,1707206769,7de28024
1510991378388436224,借鉴了太乙金华宗旨,1837.888,1707215408,294d453
1511005315775364096,哈哈哈,1963.285,1707217070,927717c4
1511014668888519424,上帝之手,1918.028,1707218185,ca822b25
1511166440768539136,这个棋盘不对,2072.106,1707236277,4653de3d
1511371598396001024,有没有可能是来自DNA,1950.402,1707260734,7fac09c3
1511483614431370496,牛逼,2021.509,1707274087,7a0bddcc
1511485013181729024,如今的奇怪现象就是没有没有了封建迷信，而破除封建迷信的虽然不是科学，但是科学却已经快成为过去的封建迷信了，我们想看到一件事的源头的时候，就会可以加上所谓的科学,2130.976,1707274254,af3bc664
1511504705279391232,金花的秘密,1815.389,1707276602,a98acdbb
1511512530986694912,人活着就是为了结婚生子买楼买车,1866.718,1707277534,aef8af5a
1511559259358233600,是的,2055.246,1707283105,b98c9fb3
1511559430016283904,不是的,2075.589,1707283125,b98c9fb3
1511559759764321792,言的流,2114.893,1707283165,b98c9fb3
1511559948726130432,演的流音的体,2137.413,1707283187,b98c9fb3
1511560084688445696,言的流音的体,2153.621,1707283203,b98c9fb3
1511565634423857408,分不清~,1884.517,1707283865,933259ff
1511602383002993408,《周公解梦》,2037.176,1707288246,6ff793a8
1511624784738764544,某些时候也是知识水平决定的，夏虫不可语冰,2085.835,1707290916,50d5c8b
1511646783602726912,夏虫不可语冰是认知层面上的,2089.501,1707293539,be83c184
1511686028237673472,金花的秘密+1,1819.319,1707298217,a061f1a1
1512226107229853696,我认为，由于身体硬件相差不大，当思想到某一个峰值的时候，有可能会触发身体的某种开关，而引发现象,1877.869,1707362599,4000cde6
1512227452569843712,基因,1912.019,1707362760,4000cde6
1512227704295081216,基因希望存活、和延续的意志,1890.303,1707362790,4000cde6
1512236336088623360,或许曾经真的有魔法，因为人们认为世界上有魔法，现在没有魔法，是因为人们认为世界是科学的,2100.762,1707363819,4000cde6
1512239475148106496,人体，很奇妙吧！,2126.422,1707364193,27b83167
1512239655066593024,可是我在梦里是可以飞翔的,1994.485,1707364214,265b6271
1512362316396920064,好多次做梦都在飞，有时候觉得就算现实都能飞了,2001.879,1707378837,4220556d
1512364029216148480,其实有关联的,2134.299,1707379041,4220556d
1512480029035323904,鬼故事：进度条,1986.306,1707392869,65c077b4
1512511491256164608,就像那个著名的死囚实验，蒙上死囚的眼睛，在胳膊上滴水，但是告诉他是把手腕割破了，最后死囚死了,1998.61,1707396620,f49ebad4
1512758448813970688,……左和右的A和A以及左和右的B和B比较吗——相同,2073.468,1707426059,eb3ee6e6
1512924223243730432,说不同的吧图片保存下来吸取颜色画线就知道了,2080.35,1707445821,699e6f85
1514001847558388224,可我几乎记不得梦里的情形，甚至醒了后忘的很快,2013.071,1707574284,92e7c78e
1514629060230230784,共食性,1922.803,1707649054,c4510bcb
1515208208879558912,太乙金华宗旨,1820.396,1707718094,2562f491
1516831083335831808,曼德拉效应就是意识改变世界的例子,2115.96,1707911555,a0af2f4
1517339590636122880,一个人有个人意识，在群体中个体无意识,1856.843,1707972174,16f2bbca
1517340428742268160,基因表达的侵略和修改……,1922.122,1707972274,16f2bbca
1518340789556555008,这图不是著名的假图吗？,2076.051,1708091526,7bc7e17c
1518977214304181504,我用卫生纸遮住，亮度也是明显不同,2076.376,1708167394,7b4973e9
1519556650824935168,sOx的时候,1849.993,1708236468,bde99489
1519704264153583360,根本就不一样,1987.828,1708254065,c4176682
1519724956970561024,庄生晓梦迷蝴蝶,2000.801,1708256532,71375078
1520496850229345536,"我怎么彷佛听到哀乐的声音,,,",1958.693,1708348549,8d4759ff
1520618504934856704,你牛逼,1956.753,1708363051,5b4e526d
1520621387814055936,意识可以改变世界，方法、强度、时间,2113.674,1708363395,5b4e526d
1521535987929572352,乌合之众也说过这个事儿吧,1846.43,1708472424,2bc7f25d
1521537440450462976,一般来说治疗这种病的话求助巫医的多，以及，很多都是能量附体啥的就很能说明问题，总归是业力，负面能量集中在某几个人身上以之为祭品的话，守村人啥的就出现了,1900.246,1708472597,2bc7f25d
1521538643486181120,宗教里对梦境的解释更加合理而且能找到和现实显化的对应的特别多,1982.965,1708472740,2bc7f25d
1522429998416676096,我看过,2027.856,1708578998,1a2551f2
1522430086144580096,红叔，我是真的没有懂他的逻辑在哪里，因为确实讲了很多他的梦境，特别是二战的时候,2029.696,1708579008,1a2551f2
1522449276075153152,涂尔干的集体欢腾,1849.819,1708581296,2268529f
1522702111547525632,阿努纳奇,1914.388,1708611436,164ded48
1523066636838878720,《世界是一个巨大的人类补完计划》,1884.829,1708654891,ded02f3a
1524532962606070784,通过对比RGB发现，AB两点颜色是有明显差异的,2073.796,1708829691,22aa0f2b
1526036773640537600,人的动物性，也就是深层次潜意识占了肉体主导地位。人类受的教育是未了压制原始伤害性欲望，所以人性本恶？,1906.67,1709008959,5990b651
1526309394483435520,意识在我看来最大的作用是编码，而对我们行为做出决定的是潜意识，所以，我是意识在编码的时候形成的虚幻概念,1804.446,1709041458,f635abf2
1529108745760615680,中医精神病患烦躁的 是有身体热,2036.695,1709375167,b2446d3b
1529109335303665664,黑客的信息病毒会让硬件过载烧掉,2107.015,1709375237,b2446d3b
1530381264878675712,盗梦空间?,2050.537,1709526863,5ebf297f
1530381665493414912,"以前的日心说,地心说",2098.366,1709526911,5ebf297f
1534719463906337280,荣格就是星际宝宝,1822.664,1710044016,62081682
1539231689010641152,我们班级基本上看一眼就知道对方的情绪，而且，有时候我前桌甚至知道我在想什么,1801.193,1710581916,9798cac3
1539233523800655616,那是你要长高了,1999.187,1710582134,9798cac3
1543386100599866880,曼德拉效应,2122.645,1711077160,7b1896f7
1565315906044132608,佛学和道家比，差几个境界,1809.015,1713691397,a097799c
1573349828916924160,他有修炼,2032.259,1714649115,336113a1
1573350443558662912,太极,2102.099,1714649188,336113a1
1578361954559677440,有人尝试过AI解梦没？很有意思,2041.123,1715246607,d607362e
1590228868223436800,意识水平这词说的妙啊,2088.428,1716661253,32e70d68
1600658511925350656,我听懂了他在说什么。他说的没错,2052.81,1717904564,3080c9a7
1602239587080851712,看了东方的书 吕洞宾,1832.756,1718093042,69bea4b0
1624819953872344064,靠，颜色居然真的想通，具体看评论区,2075.46,1720784832,fe252aac
1649059446992731392,意识是不是种能量,2157.324,1723674405,5aaf2537
1657206902897253376,左右图不一样啊,2071.912,1724645657,bb2b695c
1786980775188154112,这点承认，多层意识观测的结果，总结的很好,2103.861,1740115908,5486f4a0
,,0.0,1775655591.4716349,
lb.c,,0.0,1775655591.4716349,
,,0.0,1775655591.4716349,
1510911112671956992,我们过于相信科学，认为他是真理了。这是否是一种固步自封？,2425.662,1707205840,b7253f15
1511043103258296832,免疫系统：啊对对对,2316.231,1707221574,2ab2c67e
1511044392453046528,从青城山下来的老中医让我感受到真实的炁,2355.993,1707221728,b35f19a4
1511116286984442880,不是抵抗力吗？,2322.185,1707230298,ff133554
1511235917728701440,←宗教神学等被认为与科学相对立的学科现在也被认为是人们对于无法用科学解释的现象的自我安慰,2429.827,1707244560,ad5cbc3e
1511272775527040768,好的中医实在太少 遇到是福气,2364.25,1707248953,dfbee101
1511487267166930432,针灸,2457.037,1707274523,7a0bddcc
1511488226815205888,最可怕的就是如今，已经脱离了所谓的封建迷信，可是我们脱离的真的是封建迷信吗，而且如今证明任何事情的时候一定要加一些有关科学的东西，这也是一种对科学的过度迷信吧,2424.626,1707274637,af3bc664
1511490249644360192,西医和中医还真不是有关联，这点我不认同，中医和西医文化上就是相反的，中医和西医不在一个维度上，一个年轻人发现了老者走过的路，你能硬说他们是有关联的吗，西方文化的弊端,2473.872,1707274878,af3bc664
1511491297306146304,在治疗过程之后，人开始认为自己会好起来？,2422.389,1707275003,85a4eac4
1511516174092251392,然而恰恰相反,2214.264,1707277969,aef8af5a
1511531146054523648,是的，上学的时候胃痉挛，当时生物老师，就用力掐我虎口，一点点的缓解了,2472.447,1707279754,2a157ba2
1511540666142896896,针灸：我TM来了,2449.592,1707280888,ac9066d7
1511560550700850688,是普洱的味我这,2209.157,1707283259,b98c9fb3
1511561083603974144,表象是化学的，本质是物理的。其实整体上化学是物理的宏观而已。,2394.803,1707283322,dc8b0e4a
1511562175272190720,是电脑制作的,2402.846,1707283453,b98c9fb3
1511562415010359808,电的载言的流音的体,2431.439,1707283481,b98c9fb3
1511616696140648192,有没有一种可能，人的思维就是高维生物思维在三维世界的投射,2233.578,1707289952,51f3e284
1511629591763218432,《金花的秘密》,2198.031,1707291489,50d5c8b
1511713660849069824,卧槽,2252.769,1707301511,9d05f18f
1511845184265346816,任何的任何，所有的所有，尽头都是易经。,2400.141,1707317190,2cb16c2f
1511848725457576960,每个个体意识都是高维意识的神经突触？,2239.216,1707317612,12d7ee3c
1512021031039366400,每一个字都看得懂，句意也知道但是深度不够就会产生一些别人一看就知道是错误的猜想,2435.828,1707338152,3b533936
1512219504078473472,S于新冠？,2246.511,1707361812,ad11dac3
1512243732911897088,个体影响主体，主体影响个体,2501.573,1707364701,4000cde6
1512397767090551040,中医里没有癌症这个概念并不是说不能这就能解释断肢者为什么还能感觉到到失去肢体的疼痛,2427.562,1707383063,5a4a6244
1512442956387476992,寡人二刷,2469.849,1707388450,85d43060
1512444733740298496,抵抗力，是个比较抽象的概念；你心情不好的时候，抵抗力就会差些……,2329.185,1707388662,ae0ac0c3
1512515443531734272,在圣经里有一些奇妙的描述，用身体必须人，用人必须身体。与这段类似,2500.145,1707397091,74b8ee47
1512549070609536000,针灸,2458.17,1707401100,9c484b9d
1512896328530001152,缓解没有用，不满意，要治愈。因为可能欺骗身体,2509.863,1707442496,1c12d50
1514036594607452672,不太正确，人的思维本身拥有更高维度，只是身体在目前空间最高只能是三维,2237.494,1707578426,4f1113dd
1514062225051420928,心理健康与身体健康确实关联很深,2304.737,1707581482,2e37a580
1515215889161593600,有听过得了癌症然后全世界旅游最后癌症反而痊愈的例子，也许就是脱离了致癌环境加上好的精神状态的结果,2221.041,1707719009,2562f491
1515795323803729664,这个真实体验，真的是这样,2292.632,1707788083,776bda24
1516057247812173568,经脉,2467.808,1707819307,82e8dd71
1516098734025386240,难道不是靠免疫系统吗,2217.268,1707824252,57df44d5
1516612670131155712,其实西医也有很玄的东西，比如免疫力，什么时候叫免疫力好，根本没有具体的概念,2352.269,1707885518,6697a20f
1516991386145065216,高维世界的VR游戏,2242.624,1707930665,48d70840
1517344831318743040,用人参、黄芪,2224.338,1707972799,16f2bbca
1517347802605385216,精神意识=软件信息，身体物质=下载3D打印,2410.515,1707973153,16f2bbca
1517582444402952449,卧槽，这就是天赋异禀,2209.346,1708001125,88fbb66
1518174427320574720,不是西医是现代医学,2493.541,1708071694,3c60f134
1519730201108750592,科学是方法，为何要不相信呢？,2430.059,1708257157,71375078
1520622084756373248,他修炼了,2190.139,1708363478,5b4e526d
1520623330330361344,自己！有个外国医生实验过，靠强烈的心理暗示治好了牛皮癣,2265.456,1708363626,5b4e526d
1520908359560115456,气伤则痛，形伤则肿。气比血先行六寸。,2463.567,1708397605,a0cafc8b
1520963744061128704,前面那个，火子哥直呼内行,2236.008,1708404207,80f2eb12
1520976130982018816,迷迷糊糊的是玄学 不解的神学 懂得科学,2164.245,1708405683,6c47009f
1521541107815769088,这算啥异端啊，打坐在基督教里又不是没有，很少有人修到那么深而已,2197.052,1708473034,2bc7f25d
1521544602920772096,万一西医本来继承的是黄帝外径那乐子就大了，岐伯万一就是那个希波克拉底岂不更可怕，很好奇当年恩基作为蛇族老大到底传了什么功法和理论下来,2474.618,1708473451,2bc7f25d
1523114759841384448,先生大义,2220.415,1708660628,db9cfae7
1523126538688596992,橙汁还是纯水,2313.98,1708662032,caf65355
1523127209450338816,地上对应马斯洛需求前两层，天对应后三层,2330.991,1708662112,caf65355
1525636257588286464,按摩！！！！,2448.508,1708961214,c53b682b
1528241822726842368,信念生物学,2263.622,1709271821,67438bf5
1529109935458407680,因为不到的时候没惊喜 你记不住 只有曹操到了 有惊喜 你记住了,2178.542,1709375309,b2446d3b
1529110732233364480,你意识紧张了 身体一系列物理化学反应 给你留下了太多应力,2273.522,1709375404,b2446d3b
1529112483883823616,但你的意识会干扰这种修复运动 天长日久 应力积累 你修复不了,2482.358,1709375612,b2446d3b
1534725077554193920,疗愈我们的，永远是自己的内在,2271.099,1710044686,62081682
1539356874623708928,睡的好，第二天精神抖擞心情自然就好，所以认为自己健康，重点在开心快乐,2335.221,1710596839,bfc60bba
1548194627050484736,那这个流行性病毒怎么解释呢,2357.649,1711650381,1d7ce053
1548737409313900288,针灸和点穴！,2457.962,1711715086,cc4815cd
1548993516074816768,针灸穴位？,2464.159,1711745616,6a29f185
1550050407584231168,把他理解成状态就行了，科学也是一种状态。,2376.561,1711871607,ccb411bd
1551006195068880640,我曾把气壁离体外，，还发出了影响世界的声音噗噗,2375.778,1711985546,f522bbb6
1555121621273371136,因为电的手疼,2473.939,1712476143,ea11837c
1565496225019493120,西医无法治疗检测不出原因的病症，但中医却能从不同角度解释并治愈,2218.107,1713712892,db9fdcf0
1571601289748546816,分形，局部是整体和自己的可变参数，万花筒,2504.482,1714440673,21037bc0
1573351739003034624,爽,2252.579,1714649343,336113a1
1573352303841283328,三魂七魄,2315.899,1714649410,336113a1
1573352830830809344,穴位,2374.619,1714649473,336113a1
1573353742068092672,任督二脉,2456.859,1714649581,336113a1
1578362787087190528,天魔入侵意识,2212.663,1715246706,d607362e
1579291454101486848,吸引力法则,2176.759,1715357412,ee107ec5
1580492236670840064,针灸,2507.608,1715500556,cfe44174
1582387350733290240,nonono，是玄学,2264.528,1715726471,19d5eff4
1590230282005697024,描述的很准确啊,2206.25,1716661422,32e70d68
1590232687867065344,这类人的意识程度较高,2296.406,1716661708,32e70d68
1590234558584909056,针灸的原理,2452.39,1716661931,32e70d68
1605835904344478464,足疗必须入医保,2518.927,1718521757,9969ad27
1626647873456418816,双系统是吧,2310.978,1721002737,8dd59655
1629547859357964288,在陕西上学时，跑遍各大医院一年都治不好的过敏，被一个小镇的中医14副中药治好了,2341.119,1721348442,29760c94
1650116862052451072,先天体质差,2285.144,1723800458,2562f491
1650261338385420800,阿赖耶识,2391.787,1723817681,a2dbbf2a
1682133631210146048,？？,2169.502,1727617155,46c0c30d
1682136044864119808,……这个所谓“先兆”用中医更好解释,2414.885,1727617442,46c0c30d
1784896564435635712,手术治不了疾病，只是切掉病坏的组织，最终战胜疾病还是靠自身免疫力,2269.278,1739867451,9cb0fde9
1786987271728803072,为什么那么多人总认为一切理所当然呢？你身体有问题，你第一想法是啥？,2446.361,1740116683,5486f4a0
1830415254694682880,这个就像很多人挠痒痒明明挠左手结果连带着身上一个地方也痒痒,2511.665,1745293702,16af4bf5
1862541813677282816,真相：活得百岁以上的人体内不是没有癌症，而是没有去过度处理，或者根本不知道。,2259.253,1749123486,fa202f09
1903035108337248768,嗯嗯，所以说科学一点是优于玄学的，所谓玄学，就是你没办法证明真，所谓科学是你要想办法证伪。恕我无才，看不出孰高孰低。,2433.468,1753950663,bd550466
,,0.0,1775655591.4716349,
lb.c,,0.0,1775655591.4716349,
,,0.0,1775655591.4716349,
1510952832432415488,经络,2577.363,1707210813,da322836
1510991273237134336,此处需要二舅,2787.883,1707215396,e61716b0
1511219917113070592,逐渐忘记标题,2540.273,1707242652,cd48e03d
1511241564939450880,也有观点认为量子坍缩是应为受到了外界的干扰，干扰源和意识没关系，比如一个光子,2647.722,1707245233,ad5cbc3e
1511250899723715072,质的变幻,2604.981,1707246346,99d607ef
1511251694502139648,有时候分不清是意识还是欲望或是意志,2699.741,1707246440,99d607ef
1511252858329573632,锻刀赛，奥德彪,2838.509,1707246579,99d607ef
1511489279375808768,集体潜意识是不是就是宗教里面的神,2696.952,1707274763,7a0bddcc
1511539839638453248,问题是双缝实验并不是意识干涉物质，只是对应的观测行为导致了结果不同，就像人眼观测万物只是万物把光反射进人眼而已,2598.026,1707280790,2b0a5cad
1511543098244037120,内观,2829.376,1707281178,2bd59f90
1511563184681708288,是承合,2523.182,1707283573,b98c9fb3
1511573785415964416,心理作用确实在起作用....现有科学体系认知下，确实离谱了,2616.921,1707284837,933259ff
1511574982160060416,看到这想起了我朋友总说的“有些东西的意思，只有在特定的语言下，才能不变形的完整表达出来，翻译成别的语言，就不是原本的东西了”，虽然他调侃的是网络河蟹,2683.356,1707284979,933259ff
1511633916526979840,进击的巨人-路,2675.093,1707292005,50d5c8b
1511780150743128320,催化剂是参与反应的,2548.702,1707309437,1eda1f81
1511852761502107648,这里可能指：被屠宰分割后的牛肉块的肌肉还能正常颤动,2847.467,1707318093,16cebda2
1512029021372691200,低于标准线的拉上去高于标准线的误导下去结局早已注定,2860.137,1707339105,3b533936
1512214670243791360,炼神返虚、,2769.67,1707361236,749823ac
1512214775856221440,炼虚合道,2782.265,1707361249,749823ac
1512247837205778176,或许养生主本来就是一个词，他有一个单独的意思,2728.225,1707365190,4000cde6
1512265698607546368,都对，文言文言简意赅,2710.272,1707367319,6df0c1d6
1512897040949031168,假说不能验证，就有点伪科学了,2559.982,1707442581,1c12d50
1512988025402061568,“名可名，非恒名”,2630.507,1707453427,bf7bf192
1514006800888858368,经脉,2527.311,1707574875,92e7c78e
1514008915740832768,催化剂很多种类的，有参与后还原型的，也有不参反应与只影响的,2559.507,1707575127,92e7c78e
1514065585376442880,不是推向玄学，而是曾经以为是玄学的现象有了能以科学理解的可能,2635.15,1707581882,2e37a580
1514637225634528256,庖丁·：舍不得刀,2834.589,1707650027,c4510bcb
1514643111123638016,维特斯根坦：语言的边界...,2698.257,1707650729,608c8027
1515917648968501760,玄之又玄众妙之门,2657.089,1707802665,38e0cfa7
1517587125145587968,要是长期催眠自己会怎么样,2725.298,1708001683,88fbb66
1517675852157326336,读金刚经,2672.59,1708012260,a9fcc626
1519780859342057216,感受到过，甚至知道是什么。但是害怕接触。,2665.365,1708263196,58acec7
1520469782808481536,道可道非常道,2629.481,1708345322,d762be28
1520627791895512064,我更赞同三个分开,2718.688,1708364158,5b4e526d
1521023430105978880,哈哈哈，前面的,2563.92,1708411322,b553b98a
1521547084388373504,克苏鲁了起来,2745.87,1708473746,2bc7f25d
1522708604589951232,是哪个意识在观测,2595.771,1708612210,164ded48
1523734953245245696,哈哈前面的，你是真信教科书上说的呀，参与反应本身就存在问题，能量一定会变的，也就是量,2552.856,1708734561,d8b5495b
1524372883437014528,人体有按钮，按下去就能触发某种联动,2562.916,1708810608,3e145f2f
1527738967150391040,性命双修,2796.143,1709211876,70a57111
1529115662369318912,都是要么一念正确的引起于正确的道路上让身体有序 要么就是无思像睡觉一样,2861.229,1709375991,b2446d3b
1530385645233783040,还有物理学,2572.795,1709527385,5ebf297f
1530387079006374400,练气,2743.662,1709527556,5ebf297f
1530388143193323264,"蚯蚓,壁虎断尾求生",2870.574,1709527683,5ebf297f
1532534714815294208,所有宗教的最高层都完整的说明了只是你不懂,2675.576,1709783574,a5469906
1534890321371221248,催化剂就是相信的力量,2561.12,1710064384,62081682
1547839603913129984,汉尼拔：庖丁解人？,2866.091,1711608059,2924f963
1565343465338884096,我悟了！随心所欲！想睡就睡，不行起床就不起床！工作爱谁干谁干，老子不爽，啥也不干,2865.521,1713694682,a097799c
1572567091251712256,养生=主；逍遥=游,2769.161,1714555805,372c8582
1590239059560099584,名可名，非恒名也,2630.965,1716662468,32e70d68
1590239493980714240,人的天赋差异,2665.61,1716662520,32e70d68
1590240603575560448,易经中的物极必反,2765.451,1716662652,32e70d68
1592060581706304768,啊，这个真没想到，有实证吗？,2560.711,1716879610,f9c33a0
1592061687744197376,大家好，我是新生代科玄家,2643.455,1716879742,f9c33a0
1594314014312289536,黄帝内经,2534.97,1717148240,10d4dc90
1616707099876686080,文惠君：解压短视频——庖丁解牛,2805.71,1719817704,67bcbd29
1626675886122125312,又回来了,2591.958,1721006076,5633d2a9
1631438955083855104,突然想起标题,2585.702,1721573878,21c7b3eb
1651791865642563072,有谁知道现在的背景音乐是什么吗？求求告诉我。,2643.134,1724000134,5f181478
1651794047494518272,AI识片酱,2699.113,1724000394,5f181478
1786991413704718848,分不清欲望意识的，修炼就是种方法,2714.281,1740117176,5486f4a0
1831179479373324544,早期解压小视频,2816.9,1745384804,b710be43
1831457109842711808,学音乐的人有体会，学音乐之前都是完整的听歌，学完以后现在都会无意中注意各个声部，很难完整的听了,2843.746,1745417900,dfe4b0fd
1862545145472995072,意识是其中一部分原因吧,2613.311,1749123883,fa202f09
2024269125094457856,我觉得是倒过来读,2729.341,1768402884,69b55d6
,,0.0,1775655591.4716349,
lb.c,,0.0,1775655591.4716349,
,,0.0,1775655591.4716349,
1510957622461777920,天魂,3128.676,1707211384,da322836
1511218571445973248,一个人不行的 量变才能引起质变,3198.341,1707242492,d42c8ad
1511230160643446528,阿卡西记录呗~,3238.541,1707243873,cd48e03d
1511530686627303424,NPC的集体AI啊,3237.649,1707279699,f170be36
1511568884010922240,是梦与愿望,3125.115,1707284252,b98c9fb3
1511570884618528512,是通灵的梦境,3206.23,1707284491,b98c9fb3
1511822907737834496,庄子：原来我时这么想的啊！,3134.221,1707314534,bda1f123
1512251072759342080,突然失去或者将情感带入了,3070.429,1707365576,4000cde6
1512252022500783360,灵光一闪，突然想到,3150.493,1707365689,4000cde6
1512252635288549376,其实是循序渐进，早有征兆，但大多数人无法察觉,3191.345,1707365762,4000cde6
1512253239452826112,那之前的猴子们为什么会开始蘸着海水吃呢,3230.319,1707365834,4000cde6
1512774213281604608,卧槽。混沌理论系统！！！！,3153.81,1707427939,8ed0c3de
1514016509931098624,你猜第一个发现螃蟹能吃的，到底怎么发现的？猴子又不傻,3209.326,1707576032,92e7c78e
1514073298105808384,迷因，或者说信息木马,3180.678,1707582802,2e37a580
1514583535271749888,第一只猴子受到启发后并做出的行动，是对猴子这个集体意识里编入了规则，从而改变了集体,3218.418,1707643627,c665640
1514639174123334656,自性,3026.532,1707650259,c4510bcb
1514640437590583296,更高的维度,3120.485,1707650410,81689b77
1514641035211329792,猴子阿卡西,3230.978,1707650481,c4510bcb
1514698547189152000,这里已经看不懂了。。。,2926.085,1707657337,9ffb6953
1514744780003978496,到这里就已经是我的认知极限了,2941.535,1707662849,9dd3ff7c
1514824981765295104,这BGM,2972.822,1707672409,e2780229
1515242570916536832,之前的是跟科学家学的,3233.369,1707722190,2562f491
1516890290877783552,火之意志,3111.925,1707918613,88702550
1518665084443254784,哎呦，不听了bgm太诡异,3049.544,1708130185,be292ef8
1518807268521512192,相信后人的智慧,3102.257,1708147135,f9adf723
1520316968576921600,应该是王浩，,3176.635,1708327105,3c73699e
1522419705653141504,形神俱秒，与道合真,3022.407,1708577771,be610f50
1523014509801892096,集体潜意识,3111.359,1708648677,1d21615c
1525945910948258816,传火,3093.569,1708998127,d2dd72c0
1526325358331251200,这里的理解就是形是个容器，而神就是被这个容器盛着的,2938.91,1709043361,f635abf2
1527744800521370112,薪火相传,3096.725,1709212572,70a57111
1527758035026471424,神能入石，神能飞形,2920.882,1709214149,62568114
1528889413248482048,传火黑魂,3116.323,1709349020,6f32af52
1530108341492489472,好困啊,3034.209,1709494328,5804464b
1534893210164506624,超体,2897.908,1710064729,62081682
1537580659072350720,想听妖怪篇,3181.802,1710385097,91e0a9c8
1544285120998244864,蝴蝶效应,3176.236,1711184332,384ddeeb
1544357386121272832,不会是共同意识吧,3095.67,1711192946,5783e517
1575480378784163840,信上帝,3134.598,1714903096,a388be22
1579708203527511552,问法官啊,3179.339,1715407092,36b4895d
1579948250130296320,精神,3090.485,1715435708,9b4ce596
1581621475461416704,这种背景音是什么，太喜欢了,3108.623,1715635172,de41b98e
1592064944445303808,你这CPU架构该优化了,2936.602,1716880130,f9c33a0
1592066053209484544,你也许不能创造自己，但至少可以改造自己，能不能创造也不一定,2998.077,1716880263,f9c33a0
1592067141253920768,我在乎的这一个失去了，我还不能难过？,3084.918,1716880392,f9c33a0
1596308833918038528,我还是会扶的,3164.151,1717386041,50e7d22
1606223054693128192,胖猫,3160.501,1718567909,daf8c946
1623418737971474432,昆山龙哥,3189.659,1720617794,db4ca287
1631442855685806336,大圣灵,3123.419,1721574343,21c7b3eb
1786995063336434432,如果潜意识是真的，那么人类身体的共生微观生物的集体潜意识是不是就是人类意识的温床？,3025.581,1740117611,5486f4a0
1806748969587135744,陀，你不是一个合格的科学家，但是，你是一个好心理医生！！！！,3076.512,1742472461,e9102dea
1916164431202230528,进击的巨人。,3222.153,1755515800,a8280c73
,,0.0,1775655591.4716349,
lb.c,,0.0,1775655591.4716349,
,,0.0,1775655591.4716349,
1510971530572945408,病毒也是,3260.161,1707213042,68adfe97
1510983347998903808,所以为什么说公众人物说话和行为是有影响力的。。,3271.184,1707214451,5344860d
1511047425832659456,虚空终端,3240.373,1707222090,8327211f
1511152281444385536,这个进度条够带劲,3267.0,1707234589,c82172ab
1511578410852420352,吃过,3323.709,1707285388,b98c9fb3
1511680385774603008,呜呜呜呜呜,3381.092,1707297544,350b71bd
1511864251613163520,好赞！！！已三连！！,3375.957,1707319463,a151a368
1511912731333112064,尼古拉特斯拉,3242.059,1707325242,e77b4efc
1512209128251316224,国之大事，唯戎唯祭,3343.927,1707360575,3d3ac38c
1512361484406102784,我说：看过这个视频的人都很快财富自由,3374.202,1707378738,c811e88f
1512905877231943168,如果可以，我请求我父亲的病症可以通过中医治好，不需要手术化疗,3385.38,1707443634,96c0ea62
1514017550168926720,这个叫榜样~,3263.867,1707576156,92e7c78e
1514052802664623104,巨人里也是这麽说的,3250.246,1707580358,8b405922
1514074494271267840,榜样,3250.657,1707582944,2e37a580
1514426217699705088,"随众生心,应所知量,循业发现",3338.047,1707624873,552666d8
1514467136347857152,传播学,3252.723,1707629751,fdae21aa
1514585089571321600,本质如up所讲，表观来看，是个体与其他体的互相影响,3257.288,1707643812,c665640
1514586357778151424,意识能向上编辑规则，从而让其他个体受到影响。,3375.288,1707643963,c665640
1515244400329096192,终于回到标题,3352.533,1707722408,2562f491
1515245365908168192,会，我赞美一个人，对方就会开心,3371.569,1707722523,2562f491
1515327875191339520,每个生物，即使不是生物也都有自己的编码程序，找到合适的接口，输入各种形式的命令就会产生各种光怪陆离的结果。。。,3381.143,1707732359,1ffbc1b5
1515820269367795712,言出法随,3371.896,1707791057,776bda24
1516768920881824512,我很有钱我会很有钱,3387.47,1707904145,70fd3c54
1516954469592933632,但是呢，很可惜，天地不仁以万物为刍狗，物质宇宙也不会因人的想法而转动,3336.001,1707926264,8384b083
1517633712840660224,真的已经三连了，你已经言出法随了,3390.09,1708007236,1733fcea
1518174832104131072,闭口禅开口定乾坤,3371.615,1708071743,8efd754e
1522714113464572160,阿卡西记录,3252.427,1708612867,164ded48
1522755371783948800,相信相信的力量,3370.14,1708617786,e361d6e7
1523774884663086848,不是八级大狂风吗？,3328.519,1708739321,66fc55c1
1525948176568456704,其实我也觉得我能影响天气,3349.825,1708998398,d2dd72c0
1526329365493732096,拉马努金,3246.818,1709043839,f635abf2
1527761067525454080,君子之德风，小人之德草,3264.903,1709214511,62568114
1528252348273969408,←前面发这个弹幕的，回旋镖在等着你,3334.468,1709273076,67438bf5
1528302863489519616,董仲舒的天人感应。。。,3335.263,1709279098,eb692ff6
1529666599341484032,岛上没有番薯，科学家带的,3240.346,1709441668,3c7337bc
1529668256988820992,首先得找到输入代码的入口,3366.077,1709441866,3c7337bc
1531277046981185792,原神，拯救世界,3377.201,1709633648,7039cd78
1532749734215975936,能影响天气？那不是萧敬腾吗？,3335.762,1709809206,a48a250c
1548578720279697920,关键小人物,3375.09,1711696169,c2ebb559
1561767342860648960,上传到云平台了，全人类的意识都在训练同一个AI模型,3240.735,1713268375,43544b2e
1579709736914476800,人定胜天,3362.094,1715407275,36b4895d
1592069102250627584,反正预知梦我确实做过,3243.288,1716880626,f9c33a0
1592069806364986880,罪己诏？,3318.523,1716880710,f9c33a0
1592070266757056768,所以萧雨神是怎么影响天气的？,3344.159,1716880765,f9c33a0
1606399670735766016,同样适用于所有宗教、政治,3277.292,1718588963,726a651a
1608730598024060416,终于绕回来了，哈哈づ♡ど,3350.983,1718866831,92bbae6d
1837860283956193536,刚开始说什么来着？咒语,3369.517,1746181218,eb39c167
1862551286277790976,媒体,3273.964,1749124615,fa202f09
1916166274984708352,等等，这不是董仲舒的天人感应吗？,3313.709,1755516020,a8280c73
1916166598281445376,这不是天人感应吗？,3285.004,1755516058,a8280c73
,,0.0,1775655591.4716349,
lb.c,,0.0,1775655591.4716349,
,,0.0,1775655591.4716349,
1510893569358271232,第一第一,1.699,1707203748,cde4d87e
1510899902287393024,因为翻译的过程信息会有误差,326.337,1707204503,18041a7d
1510909908177375488,大吹法螺，大敲法鼓,139.426,1707205696,6701cdaf
1510910844496804096,咒语：钵钵鸡 钵啊钵钵鸡 一元一串的钵钵鸡,264.042,1707205808,a2d527c6
1510919025335687680,角度新奇，有想法，尚,30.832,1707206783,68222e04
1510930940716041728,占座,18.899,1707208203,520a78cf
1510950755354440448,临兵斗者皆烈阵在前,56.422,1707210566,7ab67633
1510958798544962048,传播的都是怎么分红，知识垄断和解释权垄断是宗教发展的重要手段,322.894,1707211524,68222e04
1511034478041378304,如果宗教失去神秘性，被彻底解构，那会彻底沦为娱乐产品，甚至被遗忘,316.877,1707220546,9f3bfdff
1511181262969388544,好家伙，这时长老夫相当满意,4.106,1707238044,cd48e03d
1511182539002482176,阿达瓦卡达哇,80.78,1707238196,c5b1b916
1511222906066129664,更新了,2.219,1707243008,2d45ce45
1511226942186302720,八利三藏,254.169,1707243490,925a8e
1511242451145711872,是临兵斗者皆阵组前行,60.751,1707245338,56542bc
1511243862948012288,呃稍微做个思想实验就知道了吧，两人用同一个咒语博弈，宇宙会让谁的生效？,48.369,1707245507,61765872
1511247346108166144,保持神秘性,324.439,1707245922,9ba24f69
1511269600958901504,起源于远古的傩戏吧，只是语言到后面音调之类的变了,229.695,1707248575,9a4d5722
1511286993429352448,傩戏？,195.086,1707250648,40e8b606
1511371366191285504,一本老书，魔界英雄传,56.191,1707260706,d7472b31
1511371955406711296,宗教、民俗需要权威啊，和普通人分开,332.559,1707260777,a03619e9
1511443430792994816,读作频率,50.419,1707269297,f170be36
1511449130046897920,ai是语音是ai服务人。所以按这个逻辑理解 咒语就是人服务神，而不是神服务人。,39.02,1707269976,c9088b35
1511456406702981888,欢乐豆效应,18.499,1707270844,9a409ed0
1511458951899097600,唵蓝净法界，乾元亨利贞,57.505,1707271147,935d4258
1511460489002457856,嘛哩嘛哩哄,115.187,1707271331,f79d57f0
1511461124523224064,巴啦啦小魔仙沙拉沙罗全身变~,122.181,1707271406,f79d57f0
1511464619930060288,大威天龙，般若妈妈哄！,123.144,1707271823,2694a6a3
1511484128527372544,盂兰神功,201.216,1707274149,b5a2bfa6
1511493372387584768,酆都,186.259,1707275251,aef8af5a
1511501312163094528,六字大明咒,65.699,1707276197,3c847720
1511518557304159744,但是指定语言可以掌握解释权，你传播了但是不听我的，那有什么用,321.567,1707278253,5eea56d8
1511520194298916352,惠州人冒头,133.131,1707278448,f388d0d7
1511530496667056128,奇术师,38.359,1707279676,9f798b2
1511539736383475456,背景音乐很好听,238.293,1707280778,e98af137
1511542792294497792,电的载，言的流音的体！！！~,92.155,1707281142,b98c9fb3
1511568683934632192,太平歌词,176.762,1707284228,dccf1241
1511634527880466688,嗯，用山东话来读论语对吧？！,303.511,1707292078,d9096a03
1511682304282562304,细思极恐,65.85,1707297773,e7a6fc0
1511691840704061440,这根本不是悖论，宗教信仰可以共享，但宗教解释权不能，用这些与众生不同的语言是刻意为之,314.645,1707298910,10fe7ea0
1511767484339176448,你要弄清楚什么是咒 在从你的语来研究,107.255,1707307927,c04d39b0
1511770286520144384,但咒语往往需要支付代价,42.49,1707308261,3e66d107
1511813234556941056,普罗米修斯！！！,263.753,1707313381,a151a368
1511845043487872768,我们称为：指令【狗头】,102.28,1707317173,8872ac8b
1511858711323561472,一切都会好起来的,9.076,1707318802,f57b51b5
1511865453088102912,其实就是呼出控制台输入权限内的命令而已,68.929,1707319606,de100637
1511902250002346752,日落西山呐～～～～～ 日落西山黑了天,180.056,1707323993,fe023968
1511930684984525312,殄文,153.507,1707327382,4024beb
1511982163430892032,涟漪到一定程度要么忽视要么被摧毁,76.168,1707333519,3b533936
1512199663267418368,异世界舅舅？,279.895,1707359447,668f1692
1512239974622197504,说不定咒语就是神鬼的语言,29.139,1707364253,cfd7ca0d
1512317236235702272,老法师啦。,154.589,1707373463,ac63fe8e
1512342985545859840,往生咒的话历史不会超过两千年,99.669,1707376532,ec1e650d
1512350557044727040,就连网庙上吹的不靠神仙的道教也是不受箓不拜师无法入道,325.259,1707377435,ec1e650d
1512385944664624896,真语音系统？,300.179,1707381653,85182cf1
1512396870666703616,是的，在河南搭台唱戏，只要开始了，哪怕没人看了，也要唱结束，因为还有鬼神要看,200.4,1707382956,e490b69f
1512401437198811648,前排提醒，这视频不是讲神秘学和民俗，也不是讲符号学人类学的，纯纯的地摊文未解之谜系列,0.0,1707383500,ec1e650d
1512411536671438080,配的视频太烂，为什么不用倩女幽魂里的夺命梵音？？！,65.249,1707384704,df179fd2
1512412001694205696,古代佛经没有文字，都是口口相传。分组背诵互为备份，防止荒腔走板。,130.443,1707384760,218bc651
1512413195863024640,戏曲规矩：一旦开唱就必须唱完，就算没有人听，也会有鬼神在听。,187.237,1707384902,218bc651
1512470663531772416,商博良也不能翻译吗？,254.691,1707391753,2192b47c
1512575622239711744,汽车人变形出发!,34.061,1707404265,1c876ed5
1512675556465262080,爷爷，你关注的up主更新了,0.053,1707416178,e6b1cced
1512800259246878720,雅语？,188.839,1707431044,22a12544
1512835991520727552,加油加油加油,49.519,1707435303,e2e36116
1512878834314398720,急急如律令,116.139,1707440411,ac66a05
1513407398424177664,咒语是古代文明在集体潜意识上构造的系统操作语言 辅助你用神识力共振现实,50.326,1707503420,bb2b695c
1513519125832521216,我知道了，来念，大威天龙,271.527,1707516739,8471b486
1513825907696042240,世界的本质就是震动,35.041,1707553310,97783db7
1513854484185655040,吃葡萄不吐葡萄皮,140.116,1707556717,d2d434c9
1513867228041500928,咒语很管用的，楞严咒大悲咒超管用，,79.791,1707558236,92141b11
1513869470635296768,楞严咒很厉害,124.271,1707558504,92141b11
1513869954716362240,太极腔,181.873,1707558561,92141b11
1513870167694691072,符合太极转动的腔调,207.251,1707558587,92141b11
1513875250914631936,哈嘛噼,256.295,1707559193,697c73c5
1514040566067789056,失传的语言,231.848,1707578900,2e37a580
1514042597747022336,传播的不是教义，而是以神秘把控对神言宗教的释义权，进而掌控教徒思想,318.305,1707579142,2e37a580
1514082080827877632,有句话叫做末法时代，咒语可能就是可以震动那些魔法元素的发音。越大的法术就是需要越多的魔法元素加入,159.257,1707583849,1d9e85c9
1514199858108791040,背景这个场景和美女好美好精致,97.689,1707597889,543b1b52
1514355957059465728,言灵,83.299,1707616497,b1181568
1514357118193747456,包饺砸！,221.677,1707616636,b1181568
1515017413597801984,玛卡巴卡,5.733,1707695349,65bbde51
1515075022790625536,港片能作为参考？？？,193.326,1707702217,19d790a7
1515323257966851840,龙族,33.379,1707731809,2a0baa1e
1515352156562250752,天猫精灵。开空调,86.414,1707735254,651def2b
1515858433734178048,不是讲究天人感应吗？我认为因该注重感应。,283.302,1707795606,38b7cd34
1515967506836537344,代码也是咒文←_←,144.937,1707808609,a1427164
1516076378326696448,纳米机器人就是魔法元素,168.409,1707821587,78fb5fc8
1516259650881020928,我认为一定不会是种真正的语言，或者说一定没有规律,11.119,1707843435,c9cb581b
1516599242444146176,这些咒语可能是调整自己能量的一种技巧，但是前提是对自身能量有认知，现在已失传了,121.64,1707883918,be0efab2
1517403587184422144,我知道，同伴加压耗时3防夜袭，是神秘交谈,276.082,1707979803,e63ec77b
1517533032255605248,恐怖的时长,9.17,1707995234,d8d03db0
1518137113181289216,陀螺么,9.807,1708067246,7fb60ea5
1518947474113374464,不算什么新想法，我小学时就在很多科普科幻书籍中见过了,34.415,1708163849,8d99378e
1518975570909053440,这些是谜因或者说是模因,88.047,1708167198,8d99378e
1518988018554381824,索绪尔《普通语言学教程》,207.331,1708168682,8d99378e
1518990509333373696,有没有可能神不需要语言,334.629,1708168979,8d99378e
1519019224050573312,手机便是魔杖,65.464,1708172402,eb2d8318
1519077329471963392,斯人已逝,155.313,1708179329,5ae573e0
1519119575835716352,终于有人说这个了！,14.259,1708184365,852f32d4
1519176036183758848,咒语 密码？,158.411,1708191095,f8fa38dc
1519415599787310080,摩西摩西,333.508,1708219654,a5fd0f2a
1519616248227790080,外星语吗,248.364,1708243573,c67dfee9
1519674270610095104,6++++++,227.168,1708250490,3ed244f1
1519776711493963008,梵文,128.253,1708262702,cac1ea43
1520599627219771648,"Hey, Siri就是一句咒语",52.979,1708360801,62dea387
1520960370053912832,把这个换成语音识别就对味了 哈哈,285.435,1708403805,6c47009f
1521046991315212032,一人之下--巫妖  神格面具,189.927,1708414131,484718e1
1521313780892562432,计算机语言和程序验证,344.643,1708445935,73ad9a4c
1521828578877088256,什么亚空间,274.869,1708507303,3f564a18
1522141123278263296,讲好一个故事,84.475,1708544561,749148d6
1522245180462621696,有没可能是为了所谓神秘感，你不懂就觉得神奇而已，有可能经文只是说你吃了没之类的话,349.408,1708556966,c4f0a743
1522338742013231104,言出法随！,72.482,1708568119,d4df00e7
1522739676061328128,言出法随,96.474,1708615914,9242b9d5
1523493689731924992,南无阿弥陀佛,132.559,1708705800,ed3aa3fa
1523727651624210944,说不定就是外星人教了一半,313.746,1708733690,9accefd7
1524238675792495360,古语或者外语加上误读？,120.786,1708794609,eb9bb181
1524350810652467456,纳米机械可以实现的,73.747,1708807977,3e145f2f
1524871559263616000,这其实和人类的傲慢有关,322.405,1708870055,334b68cd
1524951088132848640,宇宙系统的cmd指令,36.891,1708879535,4506ee92
1525478414050475264,大家不要误会这里，只是为了解释咒语，是一种娱乐的方向。研究的并不是宗教的政治性,325.499,1708942397,b958d312
1525514254814519040,唱诗人,282.422,1708946670,b6955852
1525986563543289088,失落的史前科技？！,42.619,1709002974,ea787008
1525990164084938496,有没有一种可能翻译后会失真？知其意，却不能知其境,315.411,1709003403,ea787008
1526707221625564160,已经关闭了，神远古的时候为了调试留的GM接口而已,51.784,1709088883,ac9c7a53
1527043400309016064,真名,289.935,1709128958,f2719655
1527406274621540096,遇事不决，外星语言,254.434,1709172216,b5f326f3
1527518713752931072,阿瓦达啃大瓜！！！！,75.721,1709185620,acc807f1
1529578567409916928,惊！晴雅集？！,29.392,1709431174,43bd4e89
1529581902888364032,一种保持自我文化的方式而已,313.873,1709431571,662e91a1
1530203757764441344,神秘主义,333.339,1709505702,961f4073
1531427263931784704,菠萝菠萝蜜~~~,139.178,1709651556,d798ad0c
1531911304212702464,？？巴利三藏是原始佛教语言，记录不应该是原始佛经么？怎么会翻译不出来,245.83,1709709258,1b499427
1532035581700394752,梵文,233.951,1709724073,180c64e8
1533269809557922048,我们所有的念想都是咒语,70.357,1709871204,62081682
1542529958940243200,是的，有的看似是梗，其实有些力量在的,90.778,1710975100,32e70d68
1543111050709208832,桐人：system call,56.917,1711044372,1fa48e31
1544947092043549440,想起句话，科学的尽头是玄学,207.987,1711263245,3e3a2c80
1547095614930966784,其他语种的经文怎么呢,303.683,1711519369,e6a80cdd
1547958184134834176,这里还有个悖论，当一个种族发展了一个宗教。那么肯定是这个种族的宝贝,330.11,1711622195,e32b7191
1548159716230860800,这不是维护正统核心地位的需要吗？,316.706,1711646219,41484aff
1548278444176366080,怎么证明或者证伪,44.389,1711660373,aa9228fe
1548340582077118976,表音文字,253.179,1711667780,26c06ef
1548341319083226368,为了最终解释权,332.879,1711667868,26c06ef
1548698437929915648,拉莱耶语,233.375,1711710440,cc4815cd
1549523100742364416,伊卜拉沙~,235.001,1711808747,145aa409
1555920021157790720,我也会：“小爱同学，帮我开灯”,47.483,1712571320,a7828a4c
1578907644843075328,就是高维能量语，链接你和你的原神,77.328,1715311658,89a93e3c
1579045791392150016,是高哥特语和低哥特语的意思吗？,256.159,1715328126,efbe4fb1
1579600572553052928,一陀翔,19.0,1715394262,c2ffcf2b
1593186662605772544,想让咒语变成真，你必须从相反视角观测咒语的实施～,6.368,1717013850,d9f65bf6
1595352854670238464,古神语,279.125,1717272080,548c6421
1613232999364002560,以前人少,319.025,1719403559,e64c5464
1625946687002524416,宇宙的代码,40.819,1720919149,3d151d8e
1639155093452823296,小孩子灵性高,163.464,1722493714,3b877167
1657286574037113856,科仪 密咒,211.368,1724655155,257a1ebb
1671812029079470592,宇宙编程语言,348.506,1726386724,67547af9
1685437688540383232,还有宇宙语,256.42,1728011029,f2f5aee3
1693835141027384576,巫在古代是指可以沟通天地的人,173.132,1729012083,76537ad9
1710183110169744896,没错，只要戏台子搭起来，没人也要唱，因为有鬼神也再看,183.934,1730960913,9820c3cc
,,0.0,1775655591.4716349,
lb.c,,0.0,1775655591.4716349,
,,0.0,1775655591.4716349,
1510900560373553408,撞到真空容器壁之后能量引起了容器壁的形变和内能增加，也就是做了功,659.79,1707204582,b9f37c81
1510900651868260864,现象难道不是人规定出来的吗？,458.885,1707204593,b7253f15
1511025437420547840,这里bgm有人知道吗,518.722,1707219468,9039f3b4
1511030251256490240,这个有解释,449.298,1707220042,1555eca4
1511042247267934720,达摩是真实的历史人物啊，有记载的,360.85,1707221472,3d58d951
1511091314459339776,光音天,449.444,1707227322,4404adee
1511091935325041920,光音天,447.529,1707227396,4404adee
1511092919216725760,阿凡达团建,389.076,1707227513,165e8d50
1511105664078934784,真空中应该是没有物质媒介来共振,579.255,1707229032,ff133554
1511151090589253376,那么问题来了，神无所不能，为啥不啥语言都懂,402.783,1707234447,4653de3d
1511177058464783872,这个逻辑有问题，就算耶稣真的复活了，那后世的人都没见过又凭什么相信，那没见过的后人可以相信，没见过的前人就也可以相信,385.196,1707237543,a002bc65
1511180170973705728,阵法？,686.459,1707237914,6d8b995d
1511196360635076352,吊在板上的原因,581.869,1707239844,8e8a9411
1511282684226246912,相信神存在≠神真的存在。,394.928,1707250135,be6a4a57
1511337549380404736,相信相信的力量,406.35,1707256675,d23c6e91
1511344816028825856,这个应该是心理学。,421.01,1707257541,86ff93e9
1511444496154427392,啊，竟然有文献？,539.327,1707269424,57b0d9a5
1511492257423854848,是催眠学，不是心理学，在很多时候是超心理学的概念,516.282,1707275118,2a863fc8
1511508387635012608,现象不是人规定的，是人发现归纳总结的，无法复现没找到规律的就是神秘,468.904,1707277041,3e818a27
1511522047493633792,"祝由术算不算,听说确实有一定效果",428.512,1707278669,f0e5ceae
1511531083693425920,共振就是功放,624.337,1707279746,3291c759
1511536718556469248,可以理解为神灵C语言,509.384,1707280418,25a3a2fb
1511545975553024768,遇事不决，量子力学,497.303,1707281521,18d3d9b6
1511604753430393344,好像臭名昭著的水知道答案也提过类似的理论吧,656.368,1707288528,c0dcfb2c
1511628251397654528,耶稣也是真实的历史人物啊,364.559,1707291329,be83c184
1511695680824204032,曼陀罗,630.593,1707299368,2b4097c
1511698937155826944,声音不是消耗了能量才出现的？,477.243,1707299756,e274e0d6
1511868531464402176,灵能科技会引发亚空间天灾,434.039,1707319973,de100637
1511906428947239424,这种事是完全有可能的 但是距离神学 十亿八千万光年,522.151,1707324491,fe023968
1511907011250652928,真空不空 朋友,583.404,1707324560,fe023968
1511986773247507200,别迷信了，就算法翻译成同样的语言也是近似意和本意肯定有区别的，声音也分很多种，人与人听到也会有差别，这方面确实大家都不懂就看谁在那装，相信科学，拒绝迷信,411.888,1707334069,3b533936
1511992122906106624,只要别傲慢就很难迷信,487.448,1707334706,3b533936
1512399397458329600,逸散成熵了,482.04,1707383257,e490b69f
1512416070420826624,全国无论南北，都有一种去除喉咙鱼刺的祝由术。无法用现代理论解释，但真管用。,424.813,1707385245,218bc651
1512417522790590464,压点效应会产生电磁波，另一块同规格压电材料能够接收同频电磁辐射。,532.909,1707385418,218bc651
1512553623576776704,这太扯了,499.588,1707401642,3ff15c6
1512961307039537152,听音识曲,557.452,1707450242,3b054801
1513120392393488640,曼陀罗 荷鲁斯,627.43,1707469206,cb704783
1513607207155996928,祝由术,431.192,1707527239,4c09d4ff
1513712709210978816,千里传音,544.654,1707539816,51e24fc0
1514046186527756800,金花,637.486,1707579570,2e37a580
1514414867174400768,扯什么？的布罗伊物质波也是这个差不多的情景,506.264,1707623520,2610031c
1514810229593054464,有时候挺好使的,424.53,1707670651,7abc00a5
1515079558796536832,是语言就能承载,442.446,1707702757,19d790a7
1515889347617151232,言出法随,688.232,1707799292,38e0cfa7
1516074366621033728,有体验，比如快睡着半梦半醒间有时就会听到别人的说话声,510.885,1707821348,87b7cc89
1516142762431414528,巫医:我用的巫药是地塞米松,371.827,1707829501,7885fa40
1517231888501551872,能量在引起介质震动时就损耗了,667.08,1707959335,b02b4760
1519097112141709824,脉轮,632.163,1708181687,b79fb829
1519149031283219968,六字大明咒的“唵”字声波成像出来的就是一个坛城的模样,702.861,1708187876,b4116d28
1520413688194932736,只看结果，不看过程,434.976,1708338635,18f90f29
1521193655723901440,打电话不也是这样吗,543.23,1708431614,1afc700e
1521515294374641152,很多佛世界是以音声形式存在的就是这个意思，佛说法的音声响彻三千大千世界乃至无量无边世界却互不干扰，个人推测原理也是如此甚至更高端,646.222,1708469957,2bc7f25d
1521869830855307520,九龙化骨水,428.984,1708512221,5e5b832e
1522614177301480704,我都不知道我是從哪裡開始聽不懂的,680.949,1708600954,e5b3855e
1523056658296037376,虚拟世界么？,434.293,1708653702,11aee060
1523111823023342080,这也是因为有电场啊,525.467,1708660278,caf65355
1523399379279849984,真空量子涨落产生虚粒子，这些虚粒子可以震动传递声音,509.3,1708694557,e0aa4922
1523733545385058304,就像音乐会影响人的情绪或行为,589.669,1708734393,c0cf273f
1523896536491566336,神说要有钱，于是真的有了钱,407.087,1708753823,a623f050
1523921070451773184,直接操作底层代码的意思？,460.701,1708756748,bc3c5dc4
1524083323922976512,听不懂，但是爱听,547.719,1708776090,3238262a
1524151221777249792,我想到了催眠！,451.94,1708784184,31a50c5b
1524872064241377536,找个海妖，她们有语言插件,395.524,1708870115,4df1c005
1525795062360167424,如果是相同结构的设备，很有可能只是因为固有频率相同,579.875,1708980145,38db071e
1525895530184793856,魔术？,376.219,1708992122,2846fd25
1526905709101803520,源代码,625.148,1709112544,53713d10
1527805746459515904,可以用同一条鱼用火烧软 放水中喝下去就可以了 没试过 可以试试,428.36,1709219837,c3660b3b
1528746137987852032,抵抗重力我笑死,447.8,1709331941,b18ca3c3
1529391240104563712,真空没有空气啊，能量没法传递呗。,474.731,1709408843,acab398a
1529393029109376512,图案与物质形成未必有关联，结,685.81,1709409056,acab398a
1530561309647992576,原神，启动,440.699,1709548326,7039cd78
1530563428618802176,原神，拯救世界,685.059,1709548578,7039cd78
1535763481922828288,你好。地球人,502.126,1710168473,369f2308
1538300396295406080,当你相信神存在的时候，你无法分辨神不存在,400.555,1710470897,380fb161
1543391465777099264,太阳：那我走？,403.631,1711077800,e185455b
1543744512340334080,雷达？,682.265,1711119886,3ab4cc58
1545168316992144640,别着急反驳～人家都有资料的，又不是信口胡说。先看看中不？,522.289,1711289617,2a2f81cb
1547835726564081664,大型演唱会,392.023,1711607597,ef69e866
1548724242135296000,这不是共振，这是系统的耦合运动，不要望文生义,587.954,1711713516,5e86f2be
1550077398274505728,披着科幻外衣的外星非洲,415.033,1711874825,594a703a
1551541533415911424,画符？,697.612,1712049363,f686d65e
1551666175614980608,电子设备的声音和人体的一样吗,654.95,1712064222,af883166
1559681438692134144,频率,462.398,1713019716,1d73ca06
1565534952362303744,分形几何,688.766,1713717509,5db64ff1
1578153244038174464,非局域耦合机械振子的同步及奇异态,589.095,1715221727,4350c6ed
1582038471336594176,史前超级治愈机器人，通过语音交流借用,417.043,1715684882,97213204
1587104621032583424,突然串戏到了浮世叁千问233,549.603,1716288814,482d75e4
1589353646557061120,看到这个我立马想到了麦田圈的图案,681.825,1716556919,5931d69a
1605616503556794112,==没人说达摩是神吧？佛教从来说佛是开悟的人而已,401.019,1718495602,926fe657
1616096372220716544,那就是每个读音都与某种波共振，或组织成固定的波形组合，这样的波形组合就产生某种能量，达到一定强度就能影响能量场,475.339,1719744900,13b5d3c3
1616896630853157376,转化成内能了啊,473.553,1719840298,22286d56
1622573075915028992,逗猫棒,585.05,1720516983,72808daf
1623704623200179200,真空不真，即使太空，也是相对真空，不是绝对,499.219,1720651874,4c99fc82
1639981537342845184,总裁那里看过这段,603.241,1722592233,95e48e44
1655747505583124480,麦田怪圈,690.774,1724471683,b7d61015
1657054149197909760,所以皇帝学天人的音乐就是为了拯救当年的人,705.618,1724627447,bb2b695c
1684301329097158656,节拍器,580.965,1727875564,fea2e132
1707933810337497600,神“说”：要有“光”,450.231,1730692776,c87e78db
1786962726779324416,首先发出声音的东西你必须得给它一个定位，或是锚点，一切从它出发才有对错，或许这就是人类限制？,712.141,1740113757,5486f4a0
,,0.0,1775655591.4716349,
lb.c,,0.0,1775655591.4716349,
,,0.0,1775655591.4716349,
1510908556394966784,芭芭拉：治疗就交给我吧,914.772,1707205535,66b8a922
1510931899072224768,就算时空不连续，我们感受到的也是连续的。,1022.773,1707208318,de0d96f7
1510932180552081408,比如：眨眼补帧。视频一顿一顿的，可是在我们看来，就是连续的。,1024.733,1707208351,de0d96f7
1510932571318612736,卡顿，对于连续来说，通过对比，才有卡顿。,1026.053,1707208398,de0d96f7
1510939667150138880,细说深入,977.537,1707209244,6840d8d4
1511037968390157824,图穷匕见,773.855,1707220962,f2194801
1511107728758915584,这是波纹攻击,919.726,1707229278,ff133554
1511108334592237824,开始看不懂了,1019.318,1707229350,ff133554
1511115165905922560,我喜欢,775.271,1707230165,21836113
1511154999126838016,那如果光可以被力吸引或者退离呢。。。,810.518,1707234913,4653de3d
1511215457519212800,这个招数电影里的神婆经常用,949.238,1707242121,833e8924
1511244701272300544,法术：言出法随,847.578,1707245607,ddd5415e
1511440245227354368,时间是否存在都是个问题，讨论这个,865.197,1707268917,cb122b68
1511450399830701568,魔术大师,951.539,1707270128,c35938f7
1511467769114449152,万事不决，量子力学,1006.523,1707272198,5d76bd6e
1511492002686982912,其实是魔术而已,992.258,1707275087,1253f646
1511543661714979840,如果魔术能救一个濒死的人就好了,1003.873,1707281246,f0e5ceae
1511544817807974400,我还以为我屏幕上有蚂蚁！！！,960.27,1707281383,275bd317
1511551857225513984,？,956.623,1707282223,18d3d9b6
1511686273318952960,遇事不决 量子力学,999.821,1707298246,afd6932a
1511694476094334976,图穷匕见+1,789.081,1707299224,e7d94bb0
1511739552522725888,这不会是芭芭拉的原型吧,919.964,1707304598,68b8b69b
1511765376005291776,所以关键是理解共振的本质吗，共振为什么存在,720.256,1707307676,d3926e93
1511837427696720384,我的老师跟我们讲过很多这种，老老师懂的很多，都给我们讲，现在可能没老师知道了,969.57,1707316265,928db7c7
1511839115250015744,不是魔术，我那个老老师说，超自然跟化学物理学有关，不是假的，只是我们现在不懂,996.13,1707316466,928db7c7
1511872289778621440,"光不会被引力吸引,而是沿着空间最短的路径传播而已.所以黑洞是扰动空间而非拉扯光子",823.721,1707320421,de100637
1511937045143108608,因为观测了,1052.265,1707328140,54505dd5
1512001545351270912,众所周知宏观效应会有一个概率趋势这不就连起来了？不想卡bug也不是不可以,1026.596,1707335830,3b533936
1512232402234451712,有没有可能芭芭拉学过医学，打着巫医的旗号在实施专业手术？,996.828,1707363350,668f1692
1512476769406749184,噗，再见,981.123,1707392481,2192b47c
1512608267246103808,就象我们看动画片那样，动画片也不是连续的，只是我们觉得是连续的。,1031.334,1707408156,aaba05d6
1514049108397391616,这类魔术手法被揭秘过,954.314,1707579918,2e37a580
1514763847821686528,科学的尽头是神学,1067.514,1707665122,ec0293b2
1515115708605221120,不，相对论证明时空是变量,782.777,1707707067,9ba94f75
1515382011794174720,路西法,799.388,1707738813,8b55cc44
1516202209334213888,遇事不决量子力学,989.899,1707836588,8e9d9c30
1516399092161618688,有没有一种可能，一切只是场物质流动产生的变化,857.976,1707860058,e4ab6b8a
1516472943654308608,直到魔法揭秘开始播放,997.288,1707868862,dc228f33
1516934833941766144,主要就是，声音的能量太少了，除非是有放大器，或者类似引动雪崩一样的引子,846.614,1707923923,8384b083
1516941263289824512,说其他我还不一定熟，这个芭芭拉帕奇塔不久前我还看过揭秘,875.114,1707924690,8384b083
1519459610443232512,芭芭拉 冲鸭,875.621,1708224900,bdcd674a
1519521141822387200,法器？,863.309,1708232235,85109700
1519734356447349760,我记得有书说 唵 代表世间万物,745.784,1708257652,6e104b80
1520925161463963648,造神嘛，哪都一样,977.215,1708399607,39380461
1521520242915206656,黄帝外经到底什么内容啊,953.712,1708470547,2bc7f25d
1522305516666245888,芭芭拉冲呀！,901.502,1708564159,cfd4b043
1522600013229157888,你这个芭芭拉回复效果有点强,901.821,1708599265,afb33c7e
1523116779063697664,这就是芭芭拉原型吗,894.658,1708660869,caf65355
1523117225723492096,研究出来可是能“水”一篇论文的啊，怎么会有学者不感兴趣呢,921.75,1708660922,caf65355
1523826720631923968,所有的一切都是能量的互相干涉,868.615,1708745500,3c7337bc
1524834345603342592,遇事不决，量子力学,990.708,1708865619,2ecd090a
1525447203026720512,来困了..............,1051.074,1708938677,733e5dc3
1526071318246951680,那倒立行走是不是会活的久一点,839.812,1709013077,aec86728
1526213258074652160,就喜欢这句！,722.968,1709029998,a48a250c
1526215241627702272,芭芭拉冲鸭,932.186,1709030234,3fc86396
1528921959411564288,时空之王，命运道标,858.034,1709352900,f7ab0be
1529095836045338112,那是你念唵这类时 你的肌肉呼吸机都在随着你念这个字时有规律运动 按摩内脏,787.375,1709373628,b2446d3b
1529096324883104000,将无序混乱 通过振动变的重新有序，规律,845.558,1709373686,b2446d3b
1530200422705674496,我更倾向于时间是一把尺子 本来不存在只是为了让人类理解而造出来的工具 ,1065.539,1709505305,a5220fbb
1534711957620495616,因为思维是线性的,1034.803,1710043122,62081682
1543746423835697152,这么离谱？,910.195,1711120114,3ab4cc58
1546005639908824320,算了吧,907.089,1711389433,990cb761
1549518129745755904,苗医没病拿水,995.939,1711808155,ceb9f1ab
1551541810399105024,咒语就是用声音画符,730.627,1712049396,f686d65e
1551542719128959232,衰变，老化,838.951,1712049505,f686d65e
1562180038324307456,科学没有尽头。,1077.795,1713317572,59236c22
1577511418495228928,咒令：我，秦始皇，打钱！！！,886.446,1715145215,d59fe5b0
1578778053835180544,芭芭拉：演唱，开始！,890.933,1715296210,b897fdc1
1594020501347522304,黑客帝国,944.659,1717113251,10d4dc90
1615813523726791168,我每次睡不着就看他视频，一听就困，比安眠药管用,1041.055,1719711182,29578a32
1622577590823022080,幻影移形,1038.551,1720517521,72808daf
1639987416305571072,回调芭芭拉！,906.754,1722592934,95e48e44
1655797195032993536,湖北某个道教县的某个局长，就是被这种方式治疗的癌症，还拍了视频,957.966,1724477607,f85c634d
1682123295757073152,遇事不决，量子力学,986.771,1727615923,46c0c30d
1682123743473752832,缩地术！,1036.086,1727615976,46c0c30d
1693841864656055296,憨豆先生也干过类似的事,948.417,1729012885,76537ad9
1727377496854866432,读书时巴不得有这能力省下通勤,1036.921,1733010644,9d6fe986
1801466163009000448,高手啊,966.308,1741842701,705a891
1812420769691477504,怪不得蒙德城有个芭芭拉,992.077,1743148592,94749c01
1825597102567617536, 那光的散射呢？,816.808,1744719333,1a6d2728
1825599134908975616,电影中环节在他眼前上演，不敢想象他当时得震惊到什么程度,957.706,1744719575,1a6d2728
,,0.0,1775655591.4716349,
lb.c,,0.0,1775655591.4716349,
,,0.0,1775655591.4716349,
1510937110897690880,如果说是量子隧穿的话，概率极低，忽略不计。不如直接把射向他人的子弹，无伤遂穿到脑后。,1232.142,1707208939,de0d96f7
1510938654141682944,这难度，比空间传送还难,1249.191,1707209123,de0d96f7
1510941287778876160,言出法随？,1238.539,1707209437,520a78cf
1510960014297565440,有道理,1356.308,1707211669,73dbef55
1510973142066364672,我小时候经常混淆绿色和蓝色,1337.774,1707213234,2eb64d21
1511086203624329984,有合理解释了,1302.605,1707226712,903d032f
1511164230840225536,集体潜意识,1433.111,1707236014,4b967118
1511215250052352256,狼孩的故事如果是真的，那么鸿蒙讲座的故事岂不是真的？传道是真的,1431.28,1707242096,b789a2e2
1511218110945282304,所以自旋到底是什么意思,1100.438,1707242437,ad5cbc3e
1511255395841472512,思想烙印.  ,1347.877,1707246882,b694ac7c
1511404765434047488,这不是道家学说，这是道教学说,1156.319,1707264688,925a8e
1511431593041043200,阿赖耶识,1436.598,1707267886,cdf28e6f
1511460786487543808,本来就没有时间，,1087.225,1707271366,af3bc664
1511478139933912064,有道理,1368.836,1707273435,7a0bddcc
1511516709016718080,阿赖耶,1437.162,1707278033,3e818a27
1511533126998994176,观测物质世界必会对物质世界造成扰动，也就是互动，所以在微观世界，所有观测均是与物质互动后的结果,1368.97,1707279990,2b0a5cad
1511534374871452416,陀一定是博士后，逻辑，章节环环相扣,1206.486,1707280138,62081682
1511536152619183104,这就是地球ol的规矩呀,1351.549,1707280350,baaac14b
1511592607808412416,我们的世界是虚拟的,1141.448,1707287080,6e468b55
1511730073613624064,意识冰山，水面上的冰山看似独立，下面却连成一片？,1434.891,1707303468,ed61d4d3
1511912129274695168,其实可以吃 你喜欢的话（用过的容易产生细菌 吃进去会生病）,1339.593,1707325170,d67e1d47
1512134764138867200,这点认同，在学校考试的时候，明明我自己不紧张，题感觉也不难，但就是脑子空白，不会思考，感觉自己的意识被别人影响了,1430.906,1707351710,95936744
1512240897428290560,五蕴,1348.701,1707364363,f7efa00d
1512262604377145344,假设空间本就在你只是在这空间里放了个烟花，接着烟花充斥整个空间并不断蔓延,1169.81,1707366950,6031d481
1512505554680108288,有些所谓的证明只是为了让事情变的合理,1411.255,1707395912,f49ebad4
1513928600649548288,懂了，太上老君是量子（bushi,1170.598,1707565552,1a1281fd
1514382712004454144,神学不为用，科技为用,1247.087,1707619687,26b4c7d7
1514692285949028608,这个突然出现，也许是奇点以外的更高维世界对它产生了什么影响,1165.973,1707656591,2562f491
1514708046239426560,因为人本身就在系统中,1295.196,1707658470,2562f491
1514710233921327104,绿色也可以叫green,1337.739,1707658730,2562f491
1514711110069364736,确实,1434.603,1707658835,2562f491
1516133256528101376,石头人是吧,1438.144,1707828368,eef05dc0
1519363206387544576,时间和空间是连续的吗,1312.594,1708213408,89704736
1519643780385783040,地球不就在自旋吗,1103.687,1708246855,9c248688
1521295412676657408,？？？,1192.427,1708443745,1892977d
1521523478031927808,所以各大正教都重视语言的作用，圣经里丈夫可以否掉妻子的发愿，佛教和道教都说言语能召来福祸就是这意思,1231.27,1708470932,2bc7f25d
1522116546367880448,这可以假设并不是不教，而是教不了，或者不知道怎么把这种共振甚至说同频的展示给我们，甚至这个可以理解为天赋说的夸张点也就是超能力般是独有的，可以传承但不一定遇到差不多能遇到一个对师傅会咒语一样有天赋的,1267.781,1708541632,f4485a9e
1522694772203129600,所以世界就是像素组成的，根本不连续,1123.286,1708610561,164ded48
1522697891523916800,集体潜意识,1437.666,1708610933,164ded48
1525303812967995136,混元行意,1136.666,1708921583,48beeaa6
1526282993864606208,矩阵,1348.66,1709038311,1596239a
1526913926909220608,真言咒,1234.346,1709113524,53713d10
1529101675288482560,一段振动同样是有序的 会改变无序 同样消除混乱的应力,1321.582,1709374324,b2446d3b
1529103192561254400,认知定义牢笼,1374.684,1709374505,b2446d3b
1535828119645251840,净土宗,1225.742,1710176179,a125d774
1539225571467521536,真空中各方向的力是相同的，但是空间被扭曲之后就会出现“引力”,1127.443,1710581186,9798cac3
1544269461069150720,薛定谔的猫,1332.189,1711182465,384ddeeb
1548355340456971520,为什么打死狼,1382.359,1711669540,26c06ef
1549858698313306624,一语成谶,1237.96,1711848754,6bfe7442
1550314692902376192,像不像一个游戏的世界，从仅有一个世界到加载各种内容的样子？,1156.541,1711903113,7991c86e
1554004188055479296,少数的听到一半，发现已经一句话都听不懂了的视频，世界真神奇,1123.397,1712342935,9cd415f0
1558134519037870080,AI开机了,1178.136,1712835309,569fb314
1579252691224311808,五蕴,1355.02,1715352791,36dd6ae7
1579800639058708992,假装自己能听懂。这是咒语的一部分。,1109.409,1715418111,1d5a13e1
1592047346571685888,普通人的意识、记忆太靠不住了,1339.163,1716878033,f9c33a0
1616905396319193856,《白发魔女传》,1392.275,1719841343,22286d56
1628290035444993792,其实是不确定原理,1291.341,1721198498,e9ae1482
1641605769663529728,言灵,1230.33,1722785857,885fe8e9
1650106204409803520,信则有，不信则无，是不是也是共振，相信才可以和对方同一频率才能感受到，不相信频率不对就什么都不会发生，所以同一个方法，有的人灵，有的人不灵,1249.341,1723799188,2562f491
1661697840449405952,开控制台了,1234.173,1725181019,766e2ccb
1688364293735441664,假的？这是有记录的，还被写入了教育心理学的,1406.421,1728359907,2852ec86
1801377511042126592,时间是人道的概念,1104.052,1741832133,bd550466
1801378425123447040,人类对游戏的开发与创造，像不像天道对人类社会的创造,1212.996,1741832242,bd550466
1806733657709799424,张祥前的《统一场理论》能解释这些现像吗？,1287.425,1742470635,e9102dea
1827140962385317888,你看名字也知道，原始既是原初开始,1133.215,1744903376,1e8ae9f6
1902998389101029120,来自于经验和集体定义,1348.111,1753946285,2f11bf61
,,0.0,1775655591.4716349,
lb.c,,0.0,1775655591.4716349,
,,0.0,1775655591.4716349,
1510906544102140160,这是否能证明一定程度上证明灵魂的存在？,1624.165,1707205295,b7253f15
1510910449561168640,这部分应该是荣格的集体潜意识理论,1440.31,1707205761,1492c5f6
1510914819380157184,是不是给乌龟养大我们也能长命百岁了,1482.1,1707206282,66b8a922
1510920275179427072,比如心里说谁，谁就会打喷嚏,1749.222,1707206932,f57edb10
1510935521063628032,少了云端的算力支持,1472.716,1707208750,fc3b5a83
1510938085855267072,我用在感应外卖员是否到门口了，突然身体本能去开门,1748.476,1707209055,fc3b5a83
1510939849174349568,最新研究，意识，滞后于行为。行为是明星，意识是行为的经纪人。先做，后记录，再修改，更新下一次的行为模式，然后无限循环,1611.618,1707209265,de0d96f7
1510940204163147520,观测者效应，只能说仅供参考,1639.328,1707209308,de0d96f7
1510941203993114112,开智,1688.672,1707209427,1175e65c
1510943420246570240,这是真实的,1483.775,1707209691,fb5a2a45
1510944543003220992,开悟,1713.61,1707209825,7414f425
1510961183887348992,因无所住而生其心,1706.063,1707211809,cf105ce1
1511035621878063616,乌龟那个没法验证，因为乌龟不是哺乳类不会养小孩,1485.194,1707220682,e81cc6
1511063764844415488,高维观测者,1482.859,1707224037,3d58d951
1511111395234618368,但是谁也不敢保证动物没有意识啊？,1506.329,1707229715,ff133554
1511209499552427264,全世界觉得世界是天堂，那么世界就会变成天堂？,1481.001,1707241410,be61b0c1
1511216834996027392,双胞胎？,1610.797,1707242285,b789a2e2
1511223146534047744,古希腊掌管某某的神（doge,1550.905,1707243037,ad5cbc3e
1511223961420548352,如数家珍,1623.444,1707243134,ad5cbc3e
1511228030968900864,应该有吧，比如幸存者偏差；你只记住了说曹操就到的情况，或者父母回家的时间是规律的，你的生物钟告诉了你，使你有所防备,1746.417,1707243619,ad5cbc3e
1511477452092956160,亚空间四小贩,1570.169,1707273353,7c4f903
1511495235413645056,共业,1629.976,1707275473,e6bdc74d
1511497316744741120,上帝,1497.298,1707275721,922862d0
1511508691051051264,阿赖耶识,1441.43,1707277077,aef8af5a
1511568011436567296,阿赖耶识,1692.985,1707284148,d2e363e1
1511621789049190912,凉宫春日的忧郁,1540.488,1707290559,c396cf1d
1511623568927411456,灵能者？,1602.063,1707290771,efbe4fb1
1511631995141424640,那么反过来是不是父母到家前会觉得你在看电视,1750.205,1707291776,c0dcfb2c
1511640842572549632,余光再广也广不到背后,1785.868,1707292830,be83c184
1511687451415241984,xia我一跳,1542.529,1707298387,b82e8d5b
1511708301216445696,提到荣格的集体潜意识，那就不得不提到他在中国看到的《太乙金华宗旨》，后来又翻译回来的的《金花的秘密了》,1735.111,1707300872,9d05f18f
1511795647848672768,悟道,1725.188,1707311285,22b0b17c
1511835804467800832,因为个人意识 改变不了 集体意识,1538.777,1707316072,12d7ee3c
1511842276740092928,【黑门】个体高度独立，目标高度一致,1574.604,1707316843,12d7ee3c
1511847891394797056,喧闹的教室里突然所有人都不说话了。。。。,1765.309,1707317513,32e883ab
1511851208367988480,这不就是佛学么,1697.612,1707317908,9a409ed0
1512144308310928896,答案很显然是能,1505.483,1707352848,a7dc3a93
1512507446907027200,未来人KFK说的2048年之后,1636.84,1707396138,f49ebad4
1512542422654299648,“小我，大我，无我”,1702.041,1707400307,9c484b9d
1513849460013352192,目光这个确实神奇，我从小就可以感知到后面有人看我,1790.395,1707556118,f3c434db
1514406144062621440,人生如梦 梦就是我 我就是梦,1687.096,1707622480,552666d8
1514627335700539648,膀光,1780.411,1707648848,c4510bcb
1515381706549783040,gumayusi,1584.18,1707738776,faace91f
1516918028389108480,神圣的卡拉链接这我们,1465.03,1707921920,999e69a0
1517597278641419520,是每个意识单位都储存了集体意识 是一个同系统中可以共享的系统,1572.941,1708002893,63d7d7da
1517666500956532480,阿赖耶识,1570.555,1708011145,a9fcc626
1518446959336199936,超心理學?,1652.517,1708104183,4d77aa7c
1518686839769391872,王阳明的心外无物？,1704.751,1708132779,b80c6dd6
1519156000530225152,本自具足,1738.358,1708188707,b4116d28
1519202762028528640,还有睡觉突然自然醒，下一秒家里人会上厕所，或者谁在外面开始吵，都有提前性,1742.498,1708194281,b4b0d916
1519465296652840704,我被监控了,1455.932,1708225578,bdcd674a
1519800696000798208,erf,1760.395,1708265561,3f86f535
1520216088720532736,人能常清静天地悉皆归,1715.183,1708315079,a950714f
1520302050620088832,阿赖耶？,1443.431,1708325327,3c73699e
1520317563220260352,我和老爸闻出饺子馅咸不咸 都没尝,1758.613,1708327176,4cbb01a9
1520611966702639104,量子层面的怎么检测？,1511.223,1708362272,5b4e526d
1520612472183090176,科学的尽头是神学,1557.242,1708362332,5b4e526d
1520613854860544000,我对信息的传播方式更感兴趣,1661.023,1708362497,5b4e526d
1520614712394699264,干掉意识，请潜意识接管,1729.544,1708362599,5b4e526d
1520616434609354240,潜意识也应该有一个特定的通道,1775.277,1708362804,5b4e526d
1521527782797361408,不然你以为各大教派的教祖们都是怎么拉人头的,1516.589,1708471446,2bc7f25d
1523572044858465792,光音天,1618.639,1708715141,64dba629
1523572161124859904,光音天,1628.666,1708715154,64dba629
1523572275033640192,光音天,1634.063,1708715168,64dba629
1523572371754514432,光音天,1573.019,1708715179,64dba629
1523747023587911168,吾心自足，不假外求,1711.148,1708736000,c0cf273f
1523816576254704128,人能常清静，天地悉皆归,1699.89,1708744291,82bd86f4
1526257160668196096,宇宙这破地方对我们来说太大了，对别人来说太小了，原子不到,1551.06,1709035231,812c45be
1526916016251444480,云空间,1477.227,1709113773,53713d10
1528515952529233920,背后看我我完全能感觉到,1791.179,1709304500,e10a7d61
1529106510876402176,不是的 心无或者空时 你的身体自愈能力因为没有意识干扰 而从混乱变的重新有序,1770.288,1709374900,b2446d3b
1530376323233619712,念力,1529.842,1709526274,5ebf297f
1534718542484718592,果然还是佛学最接近宇宙真相,1723.379,1710043907,62081682
1536894454429364736,格式塔,1458.951,1710303296,82c0412c
1544845675316129792,近朱者赤近墨者黑,1611.934,1711251155,8a1c28a0
1546345570111973120,神识传音,1624.429,1711429956,4c9bc43a
1547691396486664192,生物电,1787.056,1711590391,2f361cc9
1547828874304575488,感谢尊者,1716.918,1711606780,2924f963
1548014426916315392,量子纠缠,1441.439,1711628900,166ca231
1548417538671826432,有没有一种可能 因为是狼孩天天被展览 被折磨死的喃？,1459.171,1711676954,fa755f5a
1548563003577111552,阿根廷：这我们很懂,1732.447,1711694295,c2ebb559
1548730885837164800,亚空间竟遥遥领先,1563.0,1711714308,cc4815cd
1549298721945368064,战锤P都给我出来,1606.423,1711781999,b1be4194
1550142669161201920,所以一堆人许同一个愿望有可能成功？？！,1666.191,1711882606,426ba631
1550770763064439552,荣格是看太乙金华才写出这个东西的~道家核心,1735.942,1711957480,dd2809d
1555063178428207616,结婚十年后，就变成大智之人,1706.235,1712469176,d60f4f19
1558138007037515776,大圣灵,1585.527,1712835724,569fb314
1565316480193916928,阳明心学，不符合物质世界统治,1755.958,1713691465,a097799c
1578482733217387008,也许宇宙就是一台计算机,1495.132,1715261005,6a93eb7d
1579057566506747136,亚空间灵能,1573.999,1715329530,efbe4fb1
1579058387558354176,放个屏蔽灵能的设备就感应不到了,1631.979,1715329628,efbe4fb1
1579254921771946496,佛陀,1546.46,1715353057,36dd6ae7
1579256023708093184,心有灵犀一点通,1608.875,1715353188,36dd6ae7
1592049700339921920,看我用闪电光速拳打破这一切,1571.994,1716878313,f9c33a0
1612321553985591552,《黑科技》,1629.812,1719294906,a219ff4e
1625968406040107520,古希腊掌管意识,1554.605,1720921738,3d151d8e
1649055077350368768,给你个眼神，你理解一下,1636.409,1723673884,5aaf2537
1652352658549466368,灵觉,1641.621,1724066986,a16cb467
1661107407721556480,脑波可以散发，我之前在一次小区跑步的时候，想起了一首歌，但是我只开始发出一个音节，走在前面的人突然开始唱那个歌词了。,1604.769,1725110633,5d2d3a9
1682127693300132352,一直观测不累吗,1483.673,1727616447,46c0c30d
1701599915598113024,什么？个人意识？人从出生就在被环境塑造所谓个人意识大多只是环境结合以及自身思考的结果,1504.402,1729937717,dedb02ff
1701603790564615424,说的有理,1704.659,1729938178,dedb02ff
1783338091067602176,被重力束缚的灵魂,1524.8,1739681666,2c44889a
1783338729121912064,量子纠缠,1596.358,1739681742,2c44889a
1783339428169745152,元气弹,1675.578,1739681826,2c44889a
1786974265653554176,影响别人心理学上可以轻易做到,1504.76,1740115132,5486f4a0
1786975214421919232,心理学上一个人可以轻易做到影响别人，那么扩大一下，理论上可以影响世界，甚至物质不是不可以的！,1526.38,1740115245,5486f4a0
1786976220400488960,一个北海岸的猴子学会了用棍子，南海岸的猴子不久也会了用棍子,1592.42,1740115365,5486f4a0
1916143344204589824,进击的巨人是吧？,1622.518,1755513286,a8280c73
,,0.0,1775655591.4716349,
lb.c,,0.0,1775655591.4716349,
,,0.0,1775655591.4716349,
1510907383742748672,跑得很快，求生意识很强,1859.8,1707205395,b7253f15
1510918903147094528,他修炼了《太乙金华宗旨》,2023.924,1707206769,7de28024
1510991378388436224,借鉴了太乙金华宗旨,1837.888,1707215408,294d453
1511005315775364096,哈哈哈,1963.285,1707217070,927717c4
1511014668888519424,上帝之手,1918.028,1707218185,ca822b25
1511166440768539136,这个棋盘不对,2072.106,1707236277,4653de3d
1511371598396001024,有没有可能是来自DNA,1950.402,1707260734,7fac09c3
1511483614431370496,牛逼,2021.509,1707274087,7a0bddcc
1511485013181729024,如今的奇怪现象就是没有没有了封建迷信，而破除封建迷信的虽然不是科学，但是科学却已经快成为过去的封建迷信了，我们想看到一件事的源头的时候，就会可以加上所谓的科学,2130.976,1707274254,af3bc664
1511504705279391232,金花的秘密,1815.389,1707276602,a98acdbb
1511512530986694912,人活着就是为了结婚生子买楼买车,1866.718,1707277534,aef8af5a
1511559259358233600,是的,2055.246,1707283105,b98c9fb3
1511559430016283904,不是的,2075.589,1707283125,b98c9fb3
1511559759764321792,言的流,2114.893,1707283165,b98c9fb3
1511559948726130432,演的流音的体,2137.413,1707283187,b98c9fb3
1511560084688445696,言的流音的体,2153.621,1707283203,b98c9fb3
1511565634423857408,分不清~,1884.517,1707283865,933259ff
1511602383002993408,《周公解梦》,2037.176,1707288246,6ff793a8
1511624784738764544,某些时候也是知识水平决定的，夏虫不可语冰,2085.835,1707290916,50d5c8b
1511646783602726912,夏虫不可语冰是认知层面上的,2089.501,1707293539,be83c184
1511686028237673472,金花的秘密+1,1819.319,1707298217,a061f1a1
1512226107229853696,我认为，由于身体硬件相差不大，当思想到某一个峰值的时候，有可能会触发身体的某种开关，而引发现象,1877.869,1707362599,4000cde6
1512227452569843712,基因,1912.019,1707362760,4000cde6
1512227704295081216,基因希望存活、和延续的意志,1890.303,1707362790,4000cde6
1512236336088623360,或许曾经真的有魔法，因为人们认为世界上有魔法，现在没有魔法，是因为人们认为世界是科学的,2100.762,1707363819,4000cde6
1512239475148106496,人体，很奇妙吧！,2126.422,1707364193,27b83167
1512239655066593024,可是我在梦里是可以飞翔的,1994.485,1707364214,265b6271
1512362316396920064,好多次做梦都在飞，有时候觉得就算现实都能飞了,2001.879,1707378837,4220556d
1512364029216148480,其实有关联的,2134.299,1707379041,4220556d
1512480029035323904,鬼故事：进度条,1986.306,1707392869,65c077b4
1512511491256164608,就像那个著名的死囚实验，蒙上死囚的眼睛，在胳膊上滴水，但是告诉他是把手腕割破了，最后死囚死了,1998.61,1707396620,f49ebad4
1512758448813970688,……左和右的A和A以及左和右的B和B比较吗——相同,2073.468,1707426059,eb3ee6e6
1512924223243730432,说不同的吧图片保存下来吸取颜色画线就知道了,2080.35,1707445821,699e6f85
1514001847558388224,可我几乎记不得梦里的情形，甚至醒了后忘的很快,2013.071,1707574284,92e7c78e
1514629060230230784,共食性,1922.803,1707649054,c4510bcb
1515208208879558912,太乙金华宗旨,1820.396,1707718094,2562f491
1516831083335831808,曼德拉效应就是意识改变世界的例子,2115.96,1707911555,a0af2f4
1517339590636122880,一个人有个人意识，在群体中个体无意识,1856.843,1707972174,16f2bbca
1517340428742268160,基因表达的侵略和修改……,1922.122,1707972274,16f2bbca
1518340789556555008,这图不是著名的假图吗？,2076.051,1708091526,7bc7e17c
1518977214304181504,我用卫生纸遮住，亮度也是明显不同,2076.376,1708167394,7b4973e9
1519556650824935168,sOx的时候,1849.993,1708236468,bde99489
1519704264153583360,根本就不一样,1987.828,1708254065,c4176682
1519724956970561024,庄生晓梦迷蝴蝶,2000.801,1708256532,71375078
1520496850229345536,"我怎么彷佛听到哀乐的声音,,,",1958.693,1708348549,8d4759ff
1520618504934856704,你牛逼,1956.753,1708363051,5b4e526d
1520621387814055936,意识可以改变世界，方法、强度、时间,2113.674,1708363395,5b4e526d
1521535987929572352,乌合之众也说过这个事儿吧,1846.43,1708472424,2bc7f25d
1521537440450462976,一般来说治疗这种病的话求助巫医的多，以及，很多都是能量附体啥的就很能说明问题，总归是业力，负面能量集中在某几个人身上以之为祭品的话，守村人啥的就出现了,1900.246,1708472597,2bc7f25d
1521538643486181120,宗教里对梦境的解释更加合理而且能找到和现实显化的对应的特别多,1982.965,1708472740,2bc7f25d
1522429998416676096,我看过,2027.856,1708578998,1a2551f2
1522430086144580096,红叔，我是真的没有懂他的逻辑在哪里，因为确实讲了很多他的梦境，特别是二战的时候,2029.696,1708579008,1a2551f2
1522449276075153152,涂尔干的集体欢腾,1849.819,1708581296,2268529f
1522702111547525632,阿努纳奇,1914.388,1708611436,164ded48
1523066636838878720,《世界是一个巨大的人类补完计划》,1884.829,1708654891,ded02f3a
1524532962606070784,通过对比RGB发现，AB两点颜色是有明显差异的,2073.796,1708829691,22aa0f2b
1526036773640537600,人的动物性，也就是深层次潜意识占了肉体主导地位。人类受的教育是未了压制原始伤害性欲望，所以人性本恶？,1906.67,1709008959,5990b651
1526309394483435520,意识在我看来最大的作用是编码，而对我们行为做出决定的是潜意识，所以，我是意识在编码的时候形成的虚幻概念,1804.446,1709041458,f635abf2
1529108745760615680,中医精神病患烦躁的 是有身体热,2036.695,1709375167,b2446d3b
1529109335303665664,黑客的信息病毒会让硬件过载烧掉,2107.015,1709375237,b2446d3b
1530381264878675712,盗梦空间?,2050.537,1709526863,5ebf297f
1530381665493414912,"以前的日心说,地心说",2098.366,1709526911,5ebf297f
1534719463906337280,荣格就是星际宝宝,1822.664,1710044016,62081682
1539231689010641152,我们班级基本上看一眼就知道对方的情绪，而且，有时候我前桌甚至知道我在想什么,1801.193,1710581916,9798cac3
1539233523800655616,那是你要长高了,1999.187,1710582134,9798cac3
1543386100599866880,曼德拉效应,2122.645,1711077160,7b1896f7
1565315906044132608,佛学和道家比，差几个境界,1809.015,1713691397,a097799c
1573349828916924160,他有修炼,2032.259,1714649115,336113a1
1573350443558662912,太极,2102.099,1714649188,336113a1
1578361954559677440,有人尝试过AI解梦没？很有意思,2041.123,1715246607,d607362e
1590228868223436800,意识水平这词说的妙啊,2088.428,1716661253,32e70d68
1600658511925350656,我听懂了他在说什么。他说的没错,2052.81,1717904564,3080c9a7
1602239587080851712,看了东方的书 吕洞宾,1832.756,1718093042,69bea4b0
1624819953872344064,靠，颜色居然真的想通，具体看评论区,2075.46,1720784832,fe252aac
1649059446992731392,意识是不是种能量,2157.324,1723674405,5aaf2537
1657206902897253376,左右图不一样啊,2071.912,1724645657,bb2b695c
1786980775188154112,这点承认，多层意识观测的结果，总结的很好,2103.861,1740115908,5486f4a0
,,0.0,1775655591.4716349,
lb.c,,0.0,1775655591.4716349,
,,0.0,1775655591.4716349,
1510911112671956992,我们过于相信科学，认为他是真理了。这是否是一种固步自封？,2425.662,1707205840,b7253f15
1511043103258296832,免疫系统：啊对对对,2316.231,1707221574,2ab2c67e
1511044392453046528,从青城山下来的老中医让我感受到真实的炁,2355.993,1707221728,b35f19a4
1511116286984442880,不是抵抗力吗？,2322.185,1707230298,ff133554
1511235917728701440,←宗教神学等被认为与科学相对立的学科现在也被认为是人们对于无法用科学解释的现象的自我安慰,2429.827,1707244560,ad5cbc3e
1511272775527040768,好的中医实在太少 遇到是福气,2364.25,1707248953,dfbee101
1511487267166930432,针灸,2457.037,1707274523,7a0bddcc
1511488226815205888,最可怕的就是如今，已经脱离了所谓的封建迷信，可是我们脱离的真的是封建迷信吗，而且如今证明任何事情的时候一定要加一些有关科学的东西，这也是一种对科学的过度迷信吧,2424.626,1707274637,af3bc664
1511490249644360192,西医和中医还真不是有关联，这点我不认同，中医和西医文化上就是相反的，中医和西医不在一个维度上，一个年轻人发现了老者走过的路，你能硬说他们是有关联的吗，西方文化的弊端,2473.872,1707274878,af3bc664
1511491297306146304,在治疗过程之后，人开始认为自己会好起来？,2422.389,1707275003,85a4eac4
1511516174092251392,然而恰恰相反,2214.264,1707277969,aef8af5a
1511531146054523648,是的，上学的时候胃痉挛，当时生物老师，就用力掐我虎口，一点点的缓解了,2472.447,1707279754,2a157ba2
1511540666142896896,针灸：我TM来了,2449.592,1707280888,ac9066d7
1511560550700850688,是普洱的味我这,2209.157,1707283259,b98c9fb3
1511561083603974144,表象是化学的，本质是物理的。其实整体上化学是物理的宏观而已。,2394.803,1707283322,dc8b0e4a
1511562175272190720,是电脑制作的,2402.846,1707283453,b98c9fb3
1511562415010359808,电的载言的流音的体,2431.439,1707283481,b98c9fb3
1511616696140648192,有没有一种可能，人的思维就是高维生物思维在三维世界的投射,2233.578,1707289952,51f3e284
1511629591763218432,《金花的秘密》,2198.031,1707291489,50d5c8b
1511713660849069824,卧槽,2252.769,1707301511,9d05f18f
1511845184265346816,任何的任何，所有的所有，尽头都是易经。,2400.141,1707317190,2cb16c2f
1511848725457576960,每个个体意识都是高维意识的神经突触？,2239.216,1707317612,12d7ee3c
1512021031039366400,每一个字都看得懂，句意也知道但是深度不够就会产生一些别人一看就知道是错误的猜想,2435.828,1707338152,3b533936
1512219504078473472,S于新冠？,2246.511,1707361812,ad11dac3
1512243732911897088,个体影响主体，主体影响个体,2501.573,1707364701,4000cde6
1512397767090551040,中医里没有癌症这个概念并不是说不能这就能解释断肢者为什么还能感觉到到失去肢体的疼痛,2427.562,1707383063,5a4a6244
1512442956387476992,寡人二刷,2469.849,1707388450,85d43060
1512444733740298496,抵抗力，是个比较抽象的概念；你心情不好的时候，抵抗力就会差些……,2329.185,1707388662,ae0ac0c3
1512515443531734272,在圣经里有一些奇妙的描述，用身体必须人，用人必须身体。与这段类似,2500.145,1707397091,74b8ee47
1512549070609536000,针灸,2458.17,1707401100,9c484b9d
1512896328530001152,缓解没有用，不满意，要治愈。因为可能欺骗身体,2509.863,1707442496,1c12d50
1514036594607452672,不太正确，人的思维本身拥有更高维度，只是身体在目前空间最高只能是三维,2237.494,1707578426,4f1113dd
1514062225051420928,心理健康与身体健康确实关联很深,2304.737,1707581482,2e37a580
1515215889161593600,有听过得了癌症然后全世界旅游最后癌症反而痊愈的例子，也许就是脱离了致癌环境加上好的精神状态的结果,2221.041,1707719009,2562f491
1515795323803729664,这个真实体验，真的是这样,2292.632,1707788083,776bda24
1516057247812173568,经脉,2467.808,1707819307,82e8dd71
1516098734025386240,难道不是靠免疫系统吗,2217.268,1707824252,57df44d5
1516612670131155712,其实西医也有很玄的东西，比如免疫力，什么时候叫免疫力好，根本没有具体的概念,2352.269,1707885518,6697a20f
1516991386145065216,高维世界的VR游戏,2242.624,1707930665,48d70840
1517344831318743040,用人参、黄芪,2224.338,1707972799,16f2bbca
1517347802605385216,精神意识=软件信息，身体物质=下载3D打印,2410.515,1707973153,16f2bbca
1517582444402952449,卧槽，这就是天赋异禀,2209.346,1708001125,88fbb66
1518174427320574720,不是西医是现代医学,2493.541,1708071694,3c60f134
1519730201108750592,科学是方法，为何要不相信呢？,2430.059,1708257157,71375078
1520622084756373248,他修炼了,2190.139,1708363478,5b4e526d
1520623330330361344,自己！有个外国医生实验过，靠强烈的心理暗示治好了牛皮癣,2265.456,1708363626,5b4e526d
1520908359560115456,气伤则痛，形伤则肿。气比血先行六寸。,2463.567,1708397605,a0cafc8b
1520963744061128704,前面那个，火子哥直呼内行,2236.008,1708404207,80f2eb12
1520976130982018816,迷迷糊糊的是玄学 不解的神学 懂得科学,2164.245,1708405683,6c47009f
1521541107815769088,这算啥异端啊，打坐在基督教里又不是没有，很少有人修到那么深而已,2197.052,1708473034,2bc7f25d
1521544602920772096,万一西医本来继承的是黄帝外径那乐子就大了，岐伯万一就是那个希波克拉底岂不更可怕，很好奇当年恩基作为蛇族老大到底传了什么功法和理论下来,2474.618,1708473451,2bc7f25d
1523114759841384448,先生大义,2220.415,1708660628,db9cfae7
1523126538688596992,橙汁还是纯水,2313.98,1708662032,caf65355
1523127209450338816,地上对应马斯洛需求前两层，天对应后三层,2330.991,1708662112,caf65355
1525636257588286464,按摩！！！！,2448.508,1708961214,c53b682b
1528241822726842368,信念生物学,2263.622,1709271821,67438bf5
1529109935458407680,因为不到的时候没惊喜 你记不住 只有曹操到了 有惊喜 你记住了,2178.542,1709375309,b2446d3b
1529110732233364480,你意识紧张了 身体一系列物理化学反应 给你留下了太多应力,2273.522,1709375404,b2446d3b
1529112483883823616,但你的意识会干扰这种修复运动 天长日久 应力积累 你修复不了,2482.358,1709375612,b2446d3b
1534725077554193920,疗愈我们的，永远是自己的内在,2271.099,1710044686,62081682
1539356874623708928,睡的好，第二天精神抖擞心情自然就好，所以认为自己健康，重点在开心快乐,2335.221,1710596839,bfc60bba
1548194627050484736,那这个流行性病毒怎么解释呢,2357.649,1711650381,1d7ce053
1548737409313900288,针灸和点穴！,2457.962,1711715086,cc4815cd
1548993516074816768,针灸穴位？,2464.159,1711745616,6a29f185
1550050407584231168,把他理解成状态就行了，科学也是一种状态。,2376.561,1711871607,ccb411bd
1551006195068880640,我曾把气壁离体外，，还发出了影响世界的声音噗噗,2375.778,1711985546,f522bbb6
1555121621273371136,因为电的手疼,2473.939,1712476143,ea11837c
1565496225019493120,西医无法治疗检测不出原因的病症，但中医却能从不同角度解释并治愈,2218.107,1713712892,db9fdcf0
1571601289748546816,分形，局部是整体和自己的可变参数，万花筒,2504.482,1714440673,21037bc0
1573351739003034624,爽,2252.579,1714649343,336113a1
1573352303841283328,三魂七魄,2315.899,1714649410,336113a1
1573352830830809344,穴位,2374.619,1714649473,336113a1
1573353742068092672,任督二脉,2456.859,1714649581,336113a1
1578362787087190528,天魔入侵意识,2212.663,1715246706,d607362e
1579291454101486848,吸引力法则,2176.759,1715357412,ee107ec5
1580492236670840064,针灸,2507.608,1715500556,cfe44174
1582387350733290240,nonono，是玄学,2264.528,1715726471,19d5eff4
1590230282005697024,描述的很准确啊,2206.25,1716661422,32e70d68
1590232687867065344,这类人的意识程度较高,2296.406,1716661708,32e70d68
1590234558584909056,针灸的原理,2452.39,1716661931,32e70d68
1605835904344478464,足疗必须入医保,2518.927,1718521757,9969ad27
1626647873456418816,双系统是吧,2310.978,1721002737,8dd59655
1629547859357964288,在陕西上学时，跑遍各大医院一年都治不好的过敏，被一个小镇的中医14副中药治好了,2341.119,1721348442,29760c94
1650116862052451072,先天体质差,2285.144,1723800458,2562f491
1650261338385420800,阿赖耶识,2391.787,1723817681,a2dbbf2a
1682133631210146048,？？,2169.502,1727617155,46c0c30d
1682136044864119808,……这个所谓“先兆”用中医更好解释,2414.885,1727617442,46c0c30d
1784896564435635712,手术治不了疾病，只是切掉病坏的组织，最终战胜疾病还是靠自身免疫力,2269.278,1739867451,9cb0fde9
1786987271728803072,为什么那么多人总认为一切理所当然呢？你身体有问题，你第一想法是啥？,2446.361,1740116683,5486f4a0
1830415254694682880,这个就像很多人挠痒痒明明挠左手结果连带着身上一个地方也痒痒,2511.665,1745293702,16af4bf5
1862541813677282816,真相：活得百岁以上的人体内不是没有癌症，而是没有去过度处理，或者根本不知道。,2259.253,1749123486,fa202f09
1903035108337248768,嗯嗯，所以说科学一点是优于玄学的，所谓玄学，就是你没办法证明真，所谓科学是你要想办法证伪。恕我无才，看不出孰高孰低。,2433.468,1753950663,bd550466
,,0.0,1775655591.4716349,
lb.c,,0.0,1775655591.4716349,
,,0.0,1775655591.4716349,
1510952832432415488,经络,2577.363,1707210813,da322836
1510991273237134336,此处需要二舅,2787.883,1707215396,e61716b0
1511219917113070592,逐渐忘记标题,2540.273,1707242652,cd48e03d
1511241564939450880,也有观点认为量子坍缩是应为受到了外界的干扰，干扰源和意识没关系，比如一个光子,2647.722,1707245233,ad5cbc3e
1511250899723715072,质的变幻,2604.981,1707246346,99d607ef
1511251694502139648,有时候分不清是意识还是欲望或是意志,2699.741,1707246440,99d607ef
1511252858329573632,锻刀赛，奥德彪,2838.509,1707246579,99d607ef
1511489279375808768,集体潜意识是不是就是宗教里面的神,2696.952,1707274763,7a0bddcc
1511539839638453248,问题是双缝实验并不是意识干涉物质，只是对应的观测行为导致了结果不同，就像人眼观测万物只是万物把光反射进人眼而已,2598.026,1707280790,2b0a5cad
1511543098244037120,内观,2829.376,1707281178,2bd59f90
1511563184681708288,是承合,2523.182,1707283573,b98c9fb3
1511573785415964416,心理作用确实在起作用....现有科学体系认知下，确实离谱了,2616.921,1707284837,933259ff
1511574982160060416,看到这想起了我朋友总说的“有些东西的意思，只有在特定的语言下，才能不变形的完整表达出来，翻译成别的语言，就不是原本的东西了”，虽然他调侃的是网络河蟹,2683.356,1707284979,933259ff
1511633916526979840,进击的巨人-路,2675.093,1707292005,50d5c8b
1511780150743128320,催化剂是参与反应的,2548.702,1707309437,1eda1f81
1511852761502107648,这里可能指：被屠宰分割后的牛肉块的肌肉还能正常颤动,2847.467,1707318093,16cebda2
1512029021372691200,低于标准线的拉上去高于标准线的误导下去结局早已注定,2860.137,1707339105,3b533936
1512214670243791360,炼神返虚、,2769.67,1707361236,749823ac
1512214775856221440,炼虚合道,2782.265,1707361249,749823ac
1512247837205778176,或许养生主本来就是一个词，他有一个单独的意思,2728.225,1707365190,4000cde6
1512265698607546368,都对，文言文言简意赅,2710.272,1707367319,6df0c1d6
1512897040949031168,假说不能验证，就有点伪科学了,2559.982,1707442581,1c12d50
1512988025402061568,“名可名，非恒名”,2630.507,1707453427,bf7bf192
1514006800888858368,经脉,2527.311,1707574875,92e7c78e
1514008915740832768,催化剂很多种类的，有参与后还原型的，也有不参反应与只影响的,2559.507,1707575127,92e7c78e
1514065585376442880,不是推向玄学，而是曾经以为是玄学的现象有了能以科学理解的可能,2635.15,1707581882,2e37a580
1514637225634528256,庖丁·：舍不得刀,2834.589,1707650027,c4510bcb
1514643111123638016,维特斯根坦：语言的边界...,2698.257,1707650729,608c8027
1515917648968501760,玄之又玄众妙之门,2657.089,1707802665,38e0cfa7
1517587125145587968,要是长期催眠自己会怎么样,2725.298,1708001683,88fbb66
1517675852157326336,读金刚经,2672.59,1708012260,a9fcc626
1519780859342057216,感受到过，甚至知道是什么。但是害怕接触。,2665.365,1708263196,58acec7
1520469782808481536,道可道非常道,2629.481,1708345322,d762be28
1520627791895512064,我更赞同三个分开,2718.688,1708364158,5b4e526d
1521023430105978880,哈哈哈，前面的,2563.92,1708411322,b553b98a
1521547084388373504,克苏鲁了起来,2745.87,1708473746,2bc7f25d
1522708604589951232,是哪个意识在观测,2595.771,1708612210,164ded48
1523734953245245696,哈哈前面的，你是真信教科书上说的呀，参与反应本身就存在问题，能量一定会变的，也就是量,2552.856,1708734561,d8b5495b
1524372883437014528,人体有按钮，按下去就能触发某种联动,2562.916,1708810608,3e145f2f
1527738967150391040,性命双修,2796.143,1709211876,70a57111
1529115662369318912,都是要么一念正确的引起于正确的道路上让身体有序 要么就是无思像睡觉一样,2861.229,1709375991,b2446d3b
1530385645233783040,还有物理学,2572.795,1709527385,5ebf297f
1530387079006374400,练气,2743.662,1709527556,5ebf297f
1530388143193323264,"蚯蚓,壁虎断尾求生",2870.574,1709527683,5ebf297f
1532534714815294208,所有宗教的最高层都完整的说明了只是你不懂,2675.576,1709783574,a5469906
1534890321371221248,催化剂就是相信的力量,2561.12,1710064384,62081682
1547839603913129984,汉尼拔：庖丁解人？,2866.091,1711608059,2924f963
1565343465338884096,我悟了！随心所欲！想睡就睡，不行起床就不起床！工作爱谁干谁干，老子不爽，啥也不干,2865.521,1713694682,a097799c
1572567091251712256,养生=主；逍遥=游,2769.161,1714555805,372c8582
1590239059560099584,名可名，非恒名也,2630.965,1716662468,32e70d68
1590239493980714240,人的天赋差异,2665.61,1716662520,32e70d68
1590240603575560448,易经中的物极必反,2765.451,1716662652,32e70d68
1592060581706304768,啊，这个真没想到，有实证吗？,2560.711,1716879610,f9c33a0
1592061687744197376,大家好，我是新生代科玄家,2643.455,1716879742,f9c33a0
1594314014312289536,黄帝内经,2534.97,1717148240,10d4dc90
1616707099876686080,文惠君：解压短视频——庖丁解牛,2805.71,1719817704,67bcbd29
1626675886122125312,又回来了,2591.958,1721006076,5633d2a9
1631438955083855104,突然想起标题,2585.702,1721573878,21c7b3eb
1651791865642563072,有谁知道现在的背景音乐是什么吗？求求告诉我。,2643.134,1724000134,5f181478
1651794047494518272,AI识片酱,2699.113,1724000394,5f181478
1786991413704718848,分不清欲望意识的，修炼就是种方法,2714.281,1740117176,5486f4a0
1831179479373324544,早期解压小视频,2816.9,1745384804,b710be43
1831457109842711808,学音乐的人有体会，学音乐之前都是完整的听歌，学完以后现在都会无意中注意各个声部，很难完整的听了,2843.746,1745417900,dfe4b0fd
1862545145472995072,意识是其中一部分原因吧,2613.311,1749123883,fa202f09
2024269125094457856,我觉得是倒过来读,2729.341,1768402884,69b55d6
,,0.0,1775655591.4716349,
lb.c,,0.0,1775655591.4716349,
,,0.0,1775655591.4716349,
1510957622461777920,天魂,3128.676,1707211384,da322836
1511218571445973248,一个人不行的 量变才能引起质变,3198.341,1707242492,d42c8ad
1511230160643446528,阿卡西记录呗~,3238.541,1707243873,cd48e03d
1511530686627303424,NPC的集体AI啊,3237.649,1707279699,f170be36
1511568884010922240,是梦与愿望,3125.115,1707284252,b98c9fb3
1511570884618528512,是通灵的梦境,3206.23,1707284491,b98c9fb3
1511822907737834496,庄子：原来我时这么想的啊！,3134.221,1707314534,bda1f123
1512251072759342080,突然失去或者将情感带入了,3070.429,1707365576,4000cde6
1512252022500783360,灵光一闪，突然想到,3150.493,1707365689,4000cde6
1512252635288549376,其实是循序渐进，早有征兆，但大多数人无法察觉,3191.345,1707365762,4000cde6
1512253239452826112,那之前的猴子们为什么会开始蘸着海水吃呢,3230.319,1707365834,4000cde6
1512774213281604608,卧槽。混沌理论系统！！！！,3153.81,1707427939,8ed0c3de
1514016509931098624,你猜第一个发现螃蟹能吃的，到底怎么发现的？猴子又不傻,3209.326,1707576032,92e7c78e
1514073298105808384,迷因，或者说信息木马,3180.678,1707582802,2e37a580
1514583535271749888,第一只猴子受到启发后并做出的行动，是对猴子这个集体意识里编入了规则，从而改变了集体,3218.418,1707643627,c665640
1514639174123334656,自性,3026.532,1707650259,c4510bcb
1514640437590583296,更高的维度,3120.485,1707650410,81689b77
1514641035211329792,猴子阿卡西,3230.978,1707650481,c4510bcb
1514698547189152000,这里已经看不懂了。。。,2926.085,1707657337,9ffb6953
1514744780003978496,到这里就已经是我的认知极限了,2941.535,1707662849,9dd3ff7c
1514824981765295104,这BGM,2972.822,1707672409,e2780229
1515242570916536832,之前的是跟科学家学的,3233.369,1707722190,2562f491
1516890290877783552,火之意志,3111.925,1707918613,88702550
1518665084443254784,哎呦，不听了bgm太诡异,3049.544,1708130185,be292ef8
1518807268521512192,相信后人的智慧,3102.257,1708147135,f9adf723
1520316968576921600,应该是王浩，,3176.635,1708327105,3c73699e
1522419705653141504,形神俱秒，与道合真,3022.407,1708577771,be610f50
1523014509801892096,集体潜意识,3111.359,1708648677,1d21615c
1525945910948258816,传火,3093.569,1708998127,d2dd72c0
1526325358331251200,这里的理解就是形是个容器，而神就是被这个容器盛着的,2938.91,1709043361,f635abf2
1527744800521370112,薪火相传,3096.725,1709212572,70a57111
1527758035026471424,神能入石，神能飞形,2920.882,1709214149,62568114
1528889413248482048,传火黑魂,3116.323,1709349020,6f32af52
1530108341492489472,好困啊,3034.209,1709494328,5804464b
1534893210164506624,超体,2897.908,1710064729,62081682
1537580659072350720,想听妖怪篇,3181.802,1710385097,91e0a9c8
1544285120998244864,蝴蝶效应,3176.236,1711184332,384ddeeb
1544357386121272832,不会是共同意识吧,3095.67,1711192946,5783e517
1575480378784163840,信上帝,3134.598,1714903096,a388be22
1579708203527511552,问法官啊,3179.339,1715407092,36b4895d
1579948250130296320,精神,3090.485,1715435708,9b4ce596
1581621475461416704,这种背景音是什么，太喜欢了,3108.623,1715635172,de41b98e
1592064944445303808,你这CPU架构该优化了,2936.602,1716880130,f9c33a0
1592066053209484544,你也许不能创造自己，但至少可以改造自己，能不能创造也不一定,2998.077,1716880263,f9c33a0
1592067141253920768,我在乎的这一个失去了，我还不能难过？,3084.918,1716880392,f9c33a0
1596308833918038528,我还是会扶的,3164.151,1717386041,50e7d22
1606223054693128192,胖猫,3160.501,1718567909,daf8c946
1623418737971474432,昆山龙哥,3189.659,1720617794,db4ca287
1631442855685806336,大圣灵,3123.419,1721574343,21c7b3eb
1786995063336434432,如果潜意识是真的，那么人类身体的共生微观生物的集体潜意识是不是就是人类意识的温床？,3025.581,1740117611,5486f4a0
1806748969587135744,陀，你不是一个合格的科学家，但是，你是一个好心理医生！！！！,3076.512,1742472461,e9102dea
1916164431202230528,进击的巨人。,3222.153,1755515800,a8280c73
,,0.0,1775655591.4716349,
lb.c,,0.0,1775655591.4716349,
,,0.0,1775655591.4716349,
1510971530572945408,病毒也是,3260.161,1707213042,68adfe97
1510983347998903808,所以为什么说公众人物说话和行为是有影响力的。。,3271.184,1707214451,5344860d
1511047425832659456,虚空终端,3240.373,1707222090,8327211f
1511152281444385536,这个进度条够带劲,3267.0,1707234589,c82172ab
1511578410852420352,吃过,3323.709,1707285388,b98c9fb3
1511680385774603008,呜呜呜呜呜,3381.092,1707297544,350b71bd
1511864251613163520,好赞！！！已三连！！,3375.957,1707319463,a151a368
1511912731333112064,尼古拉特斯拉,3242.059,1707325242,e77b4efc
1512209128251316224,国之大事，唯戎唯祭,3343.927,1707360575,3d3ac38c
1512361484406102784,我说：看过这个视频的人都很快财富自由,3374.202,1707378738,c811e88f
1512905877231943168,如果可以，我请求我父亲的病症可以通过中医治好，不需要手术化疗,3385.38,1707443634,96c0ea62
1514017550168926720,这个叫榜样~,3263.867,1707576156,92e7c78e
1514052802664623104,巨人里也是这麽说的,3250.246,1707580358,8b405922
1514074494271267840,榜样,3250.657,1707582944,2e37a580
1514426217699705088,"随众生心,应所知量,循业发现",3338.047,1707624873,552666d8
1514467136347857152,传播学,3252.723,1707629751,fdae21aa
1514585089571321600,本质如up所讲，表观来看，是个体与其他体的互相影响,3257.288,1707643812,c665640
1514586357778151424,意识能向上编辑规则，从而让其他个体受到影响。,3375.288,1707643963,c665640
1515244400329096192,终于回到标题,3352.533,1707722408,2562f491
1515245365908168192,会，我赞美一个人，对方就会开心,3371.569,1707722523,2562f491
1515327875191339520,每个生物，即使不是生物也都有自己的编码程序，找到合适的接口，输入各种形式的命令就会产生各种光怪陆离的结果。。。,3381.143,1707732359,1ffbc1b5
1515820269367795712,言出法随,3371.896,1707791057,776bda24
1516768920881824512,我很有钱我会很有钱,3387.47,1707904145,70fd3c54
1516954469592933632,但是呢，很可惜，天地不仁以万物为刍狗，物质宇宙也不会因人的想法而转动,3336.001,1707926264,8384b083
1517633712840660224,真的已经三连了，你已经言出法随了,3390.09,1708007236,1733fcea
1518174832104131072,闭口禅开口定乾坤,3371.615,1708071743,8efd754e
1522714113464572160,阿卡西记录,3252.427,1708612867,164ded48
1522755371783948800,相信相信的力量,3370.14,1708617786,e361d6e7
1523774884663086848,不是八级大狂风吗？,3328.519,1708739321,66fc55c1
1525948176568456704,其实我也觉得我能影响天气,3349.825,1708998398,d2dd72c0
1526329365493732096,拉马努金,3246.818,1709043839,f635abf2
1527761067525454080,君子之德风，小人之德草,3264.903,1709214511,62568114
1528252348273969408,←前面发这个弹幕的，回旋镖在等着你,3334.468,1709273076,67438bf5
1528302863489519616,董仲舒的天人感应。。。,3335.263,1709279098,eb692ff6
1529666599341484032,岛上没有番薯，科学家带的,3240.346,1709441668,3c7337bc
1529668256988820992,首先得找到输入代码的入口,3366.077,1709441866,3c7337bc
1531277046981185792,原神，拯救世界,3377.201,1709633648,7039cd78
1532749734215975936,能影响天气？那不是萧敬腾吗？,3335.762,1709809206,a48a250c
1548578720279697920,关键小人物,3375.09,1711696169,c2ebb559
1561767342860648960,上传到云平台了，全人类的意识都在训练同一个AI模型,3240.735,1713268375,43544b2e
1579709736914476800,人定胜天,3362.094,1715407275,36b4895d
1592069102250627584,反正预知梦我确实做过,3243.288,1716880626,f9c33a0
1592069806364986880,罪己诏？,3318.523,1716880710,f9c33a0
1592070266757056768,所以萧雨神是怎么影响天气的？,3344.159,1716880765,f9c33a0
1606399670735766016,同样适用于所有宗教、政治,3277.292,1718588963,726a651a
1608730598024060416,终于绕回来了，哈哈づ♡ど,3350.983,1718866831,92bbae6d
1837860283956193536,刚开始说什么来着？咒语,3369.517,1746181218,eb39c167
1862551286277790976,媒体,3273.964,1749124615,fa202f09
1916166274984708352,等等，这不是董仲舒的天人感应吗？,3313.709,1755516020,a8280c73
1916166598281445376,这不是天人感应吗？,3285.004,1755516058,a8280c73
,,0.0,1775655591.4716349,
lb.c,,0.0,1775655591.4716349,
,,0.0,1775655591.4716349,
1510893569358271232,第一第一,1.699,1707203748,cde4d87e
1510899902287393024,因为翻译的过程信息会有误差,326.337,1707204503,18041a7d
1510909908177375488,大吹法螺，大敲法鼓,139.426,1707205696,6701cdaf
1510910844496804096,咒语：钵钵鸡 钵啊钵钵鸡 一元一串的钵钵鸡,264.042,1707205808,a2d527c6
1510919025335687680,角度新奇，有想法，尚,30.832,1707206783,68222e04
1510930940716041728,占座,18.899,1707208203,520a78cf
1510950755354440448,临兵斗者皆烈阵在前,56.422,1707210566,7ab67633
1510958798544962048,传播的都是怎么分红，知识垄断和解释权垄断是宗教发展的重要手段,322.894,1707211524,68222e04
1511034478041378304,如果宗教失去神秘性，被彻底解构，那会彻底沦为娱乐产品，甚至被遗忘,316.877,1707220546,9f3bfdff
1511181262969388544,好家伙，这时长老夫相当满意,4.106,1707238044,cd48e03d
1511182539002482176,阿达瓦卡达哇,80.78,1707238196,c5b1b916
1511222906066129664,更新了,2.219,1707243008,2d45ce45
1511226942186302720,八利三藏,254.169,1707243490,925a8e
1511242451145711872,是临兵斗者皆阵组前行,60.751,1707245338,56542bc
1511243862948012288,呃稍微做个思想实验就知道了吧，两人用同一个咒语博弈，宇宙会让谁的生效？,48.369,1707245507,61765872
1511247346108166144,保持神秘性,324.439,1707245922,9ba24f69
1511269600958901504,起源于远古的傩戏吧，只是语言到后面音调之类的变了,229.695,1707248575,9a4d5722
1511286993429352448,傩戏？,195.086,1707250648,40e8b606
1511371366191285504,一本老书，魔界英雄传,56.191,1707260706,d7472b31
1511371955406711296,宗教、民俗需要权威啊，和普通人分开,332.559,1707260777,a03619e9
1511443430792994816,读作频率,50.419,1707269297,f170be36
1511449130046897920,ai是语音是ai服务人。所以按这个逻辑理解 咒语就是人服务神，而不是神服务人。,39.02,1707269976,c9088b35
1511456406702981888,欢乐豆效应,18.499,1707270844,9a409ed0
1511458951899097600,唵蓝净法界，乾元亨利贞,57.505,1707271147,935d4258
1511460489002457856,嘛哩嘛哩哄,115.187,1707271331,f79d57f0
1511461124523224064,巴啦啦小魔仙沙拉沙罗全身变~,122.181,1707271406,f79d57f0
1511464619930060288,大威天龙，般若妈妈哄！,123.144,1707271823,2694a6a3
1511484128527372544,盂兰神功,201.216,1707274149,b5a2bfa6
1511493372387584768,酆都,186.259,1707275251,aef8af5a
1511501312163094528,六字大明咒,65.699,1707276197,3c847720
1511518557304159744,但是指定语言可以掌握解释权，你传播了但是不听我的，那有什么用,321.567,1707278253,5eea56d8
1511520194298916352,惠州人冒头,133.131,1707278448,f388d0d7
1511530496667056128,奇术师,38.359,1707279676,9f798b2
1511539736383475456,背景音乐很好听,238.293,1707280778,e98af137
1511542792294497792,电的载，言的流音的体！！！~,92.155,1707281142,b98c9fb3
1511568683934632192,太平歌词,176.762,1707284228,dccf1241
1511634527880466688,嗯，用山东话来读论语对吧？！,303.511,1707292078,d9096a03
1511682304282562304,细思极恐,65.85,1707297773,e7a6fc0
1511691840704061440,这根本不是悖论，宗教信仰可以共享，但宗教解释权不能，用这些与众生不同的语言是刻意为之,314.645,1707298910,10fe7ea0
1511767484339176448,你要弄清楚什么是咒 在从你的语来研究,107.255,1707307927,c04d39b0
1511770286520144384,但咒语往往需要支付代价,42.49,1707308261,3e66d107
1511813234556941056,普罗米修斯！！！,263.753,1707313381,a151a368
1511845043487872768,我们称为：指令【狗头】,102.28,1707317173,8872ac8b
1511858711323561472,一切都会好起来的,9.076,1707318802,f57b51b5
1511865453088102912,其实就是呼出控制台输入权限内的命令而已,68.929,1707319606,de100637
1511902250002346752,日落西山呐～～～～～ 日落西山黑了天,180.056,1707323993,fe023968
1511930684984525312,殄文,153.507,1707327382,4024beb
1511982163430892032,涟漪到一定程度要么忽视要么被摧毁,76.168,1707333519,3b533936
1512199663267418368,异世界舅舅？,279.895,1707359447,668f1692
1512239974622197504,说不定咒语就是神鬼的语言,29.139,1707364253,cfd7ca0d
1512317236235702272,老法师啦。,154.589,1707373463,ac63fe8e
1512342985545859840,往生咒的话历史不会超过两千年,99.669,1707376532,ec1e650d
1512350557044727040,就连网庙上吹的不靠神仙的道教也是不受箓不拜师无法入道,325.259,1707377435,ec1e650d
1512385944664624896,真语音系统？,300.179,1707381653,85182cf1
1512396870666703616,是的，在河南搭台唱戏，只要开始了，哪怕没人看了，也要唱结束，因为还有鬼神要看,200.4,1707382956,e490b69f
1512401437198811648,前排提醒，这视频不是讲神秘学和民俗，也不是讲符号学人类学的，纯纯的地摊文未解之谜系列,0.0,1707383500,ec1e650d
1512411536671438080,配的视频太烂，为什么不用倩女幽魂里的夺命梵音？？！,65.249,1707384704,df179fd2
1512412001694205696,古代佛经没有文字，都是口口相传。分组背诵互为备份，防止荒腔走板。,130.443,1707384760,218bc651
1512413195863024640,戏曲规矩：一旦开唱就必须唱完，就算没有人听，也会有鬼神在听。,187.237,1707384902,218bc651
1512470663531772416,商博良也不能翻译吗？,254.691,1707391753,2192b47c
1512575622239711744,汽车人变形出发!,34.061,1707404265,1c876ed5
1512675556465262080,爷爷，你关注的up主更新了,0.053,1707416178,e6b1cced
1512800259246878720,雅语？,188.839,1707431044,22a12544
1512835991520727552,加油加油加油,49.519,1707435303,e2e36116
1512878834314398720,急急如律令,116.139,1707440411,ac66a05
1513407398424177664,咒语是古代文明在集体潜意识上构造的系统操作语言 辅助你用神识力共振现实,50.326,1707503420,bb2b695c
1513519125832521216,我知道了，来念，大威天龙,271.527,1707516739,8471b486
1513825907696042240,世界的本质就是震动,35.041,1707553310,97783db7
1513854484185655040,吃葡萄不吐葡萄皮,140.116,1707556717,d2d434c9
1513867228041500928,咒语很管用的，楞严咒大悲咒超管用，,79.791,1707558236,92141b11
1513869470635296768,楞严咒很厉害,124.271,1707558504,92141b11
1513869954716362240,太极腔,181.873,1707558561,92141b11
1513870167694691072,符合太极转动的腔调,207.251,1707558587,92141b11
1513875250914631936,哈嘛噼,256.295,1707559193,697c73c5
1514040566067789056,失传的语言,231.848,1707578900,2e37a580
1514042597747022336,传播的不是教义，而是以神秘把控对神言宗教的释义权，进而掌控教徒思想,318.305,1707579142,2e37a580
1514082080827877632,有句话叫做末法时代，咒语可能就是可以震动那些魔法元素的发音。越大的法术就是需要越多的魔法元素加入,159.257,1707583849,1d9e85c9
1514199858108791040,背景这个场景和美女好美好精致,97.689,1707597889,543b1b52
1514355957059465728,言灵,83.299,1707616497,b1181568
1514357118193747456,包饺砸！,221.677,1707616636,b1181568
1515017413597801984,玛卡巴卡,5.733,1707695349,65bbde51
1515075022790625536,港片能作为参考？？？,193.326,1707702217,19d790a7
1515323257966851840,龙族,33.379,1707731809,2a0baa1e
1515352156562250752,天猫精灵。开空调,86.414,1707735254,651def2b
1515858433734178048,不是讲究天人感应吗？我认为因该注重感应。,283.302,1707795606,38b7cd34
1515967506836537344,代码也是咒文←_←,144.937,1707808609,a1427164
1516076378326696448,纳米机器人就是魔法元素,168.409,1707821587,78fb5fc8
1516259650881020928,我认为一定不会是种真正的语言，或者说一定没有规律,11.119,1707843435,c9cb581b
1516599242444146176,这些咒语可能是调整自己能量的一种技巧，但是前提是对自身能量有认知，现在已失传了,121.64,1707883918,be0efab2
1517403587184422144,我知道，同伴加压耗时3防夜袭，是神秘交谈,276.082,1707979803,e63ec77b
1517533032255605248,恐怖的时长,9.17,1707995234,d8d03db0
1518137113181289216,陀螺么,9.807,1708067246,7fb60ea5
1518947474113374464,不算什么新想法，我小学时就在很多科普科幻书籍中见过了,34.415,1708163849,8d99378e
1518975570909053440,这些是谜因或者说是模因,88.047,1708167198,8d99378e
1518988018554381824,索绪尔《普通语言学教程》,207.331,1708168682,8d99378e
1518990509333373696,有没有可能神不需要语言,334.629,1708168979,8d99378e
1519019224050573312,手机便是魔杖,65.464,1708172402,eb2d8318
1519077329471963392,斯人已逝,155.313,1708179329,5ae573e0
1519119575835716352,终于有人说这个了！,14.259,1708184365,852f32d4
1519176036183758848,咒语 密码？,158.411,1708191095,f8fa38dc
1519415599787310080,摩西摩西,333.508,1708219654,a5fd0f2a
1519616248227790080,外星语吗,248.364,1708243573,c67dfee9
1519674270610095104,6++++++,227.168,1708250490,3ed244f1
1519776711493963008,梵文,128.253,1708262702,cac1ea43
1520599627219771648,"Hey, Siri就是一句咒语",52.979,1708360801,62dea387
1520960370053912832,把这个换成语音识别就对味了 哈哈,285.435,1708403805,6c47009f
1521046991315212032,一人之下--巫妖  神格面具,189.927,1708414131,484718e1
1521313780892562432,计算机语言和程序验证,344.643,1708445935,73ad9a4c
1521828578877088256,什么亚空间,274.869,1708507303,3f564a18
1522141123278263296,讲好一个故事,84.475,1708544561,749148d6
1522245180462621696,有没可能是为了所谓神秘感，你不懂就觉得神奇而已，有可能经文只是说你吃了没之类的话,349.408,1708556966,c4f0a743
1522338742013231104,言出法随！,72.482,1708568119,d4df00e7
1522739676061328128,言出法随,96.474,1708615914,9242b9d5
1523493689731924992,南无阿弥陀佛,132.559,1708705800,ed3aa3fa
1523727651624210944,说不定就是外星人教了一半,313.746,1708733690,9accefd7
1524238675792495360,古语或者外语加上误读？,120.786,1708794609,eb9bb181
1524350810652467456,纳米机械可以实现的,73.747,1708807977,3e145f2f
1524871559263616000,这其实和人类的傲慢有关,322.405,1708870055,334b68cd
1524951088132848640,宇宙系统的cmd指令,36.891,1708879535,4506ee92
1525478414050475264,大家不要误会这里，只是为了解释咒语，是一种娱乐的方向。研究的并不是宗教的政治性,325.499,1708942397,b958d312
1525514254814519040,唱诗人,282.422,1708946670,b6955852
1525986563543289088,失落的史前科技？！,42.619,1709002974,ea787008
1525990164084938496,有没有一种可能翻译后会失真？知其意，却不能知其境,315.411,1709003403,ea787008
1526707221625564160,已经关闭了，神远古的时候为了调试留的GM接口而已,51.784,1709088883,ac9c7a53
1527043400309016064,真名,289.935,1709128958,f2719655
1527406274621540096,遇事不决，外星语言,254.434,1709172216,b5f326f3
1527518713752931072,阿瓦达啃大瓜！！！！,75.721,1709185620,acc807f1
1529578567409916928,惊！晴雅集？！,29.392,1709431174,43bd4e89
1529581902888364032,一种保持自我文化的方式而已,313.873,1709431571,662e91a1
1530203757764441344,神秘主义,333.339,1709505702,961f4073
1531427263931784704,菠萝菠萝蜜~~~,139.178,1709651556,d798ad0c
1531911304212702464,？？巴利三藏是原始佛教语言，记录不应该是原始佛经么？怎么会翻译不出来,245.83,1709709258,1b499427
1532035581700394752,梵文,233.951,1709724073,180c64e8
1533269809557922048,我们所有的念想都是咒语,70.357,1709871204,62081682
1542529958940243200,是的，有的看似是梗，其实有些力量在的,90.778,1710975100,32e70d68
1543111050709208832,桐人：system call,56.917,1711044372,1fa48e31
1544947092043549440,想起句话，科学的尽头是玄学,207.987,1711263245,3e3a2c80
1547095614930966784,其他语种的经文怎么呢,303.683,1711519369,e6a80cdd
1547958184134834176,这里还有个悖论，当一个种族发展了一个宗教。那么肯定是这个种族的宝贝,330.11,1711622195,e32b7191
1548159716230860800,这不是维护正统核心地位的需要吗？,316.706,1711646219,41484aff
1548278444176366080,怎么证明或者证伪,44.389,1711660373,aa9228fe
1548340582077118976,表音文字,253.179,1711667780,26c06ef
1548341319083226368,为了最终解释权,332.879,1711667868,26c06ef
1548698437929915648,拉莱耶语,233.375,1711710440,cc4815cd
1549523100742364416,伊卜拉沙~,235.001,1711808747,145aa409
1555920021157790720,我也会：“小爱同学，帮我开灯”,47.483,1712571320,a7828a4c
1578907644843075328,就是高维能量语，链接你和你的原神,77.328,1715311658,89a93e3c
1579045791392150016,是高哥特语和低哥特语的意思吗？,256.159,1715328126,efbe4fb1
1579600572553052928,一陀翔,19.0,1715394262,c2ffcf2b
1593186662605772544,想让咒语变成真，你必须从相反视角观测咒语的实施～,6.368,1717013850,d9f65bf6
1595352854670238464,古神语,279.125,1717272080,548c6421
1613232999364002560,以前人少,319.025,1719403559,e64c5464
1625946687002524416,宇宙的代码,40.819,1720919149,3d151d8e
1639155093452823296,小孩子灵性高,163.464,1722493714,3b877167
1657286574037113856,科仪 密咒,211.368,1724655155,257a1ebb
1671812029079470592,宇宙编程语言,348.506,1726386724,67547af9
1685437688540383232,还有宇宙语,256.42,1728011029,f2f5aee3
1693835141027384576,巫在古代是指可以沟通天地的人,173.132,1729012083,76537ad9
1710183110169744896,没错，只要戏台子搭起来，没人也要唱，因为有鬼神也再看,183.934,1730960913,9820c3cc
,,0.0,1775655591.4716349,
lb.c,,0.0,1775655591.4716349,
,,0.0,1775655591.4716349,
1510900560373553408,撞到真空容器壁之后能量引起了容器壁的形变和内能增加，也就是做了功,659.79,1707204582,b9f37c81
1510900651868260864,现象难道不是人规定出来的吗？,458.885,1707204593,b7253f15
1511025437420547840,这里bgm有人知道吗,518.722,1707219468,9039f3b4
1511030251256490240,这个有解释,449.298,1707220042,1555eca4
1511042247267934720,达摩是真实的历史人物啊，有记载的,360.85,1707221472,3d58d951
1511091314459339776,光音天,449.444,1707227322,4404adee
1511091935325041920,光音天,447.529,1707227396,4404adee
1511092919216725760,阿凡达团建,389.076,1707227513,165e8d50
1511105664078934784,真空中应该是没有物质媒介来共振,579.255,1707229032,ff133554
1511151090589253376,那么问题来了，神无所不能，为啥不啥语言都懂,402.783,1707234447,4653de3d
1511177058464783872,这个逻辑有问题，就算耶稣真的复活了，那后世的人都没见过又凭什么相信，那没见过的后人可以相信，没见过的前人就也可以相信,385.196,1707237543,a002bc65
1511180170973705728,阵法？,686.459,1707237914,6d8b995d
1511196360635076352,吊在板上的原因,581.869,1707239844,8e8a9411
1511282684226246912,相信神存在≠神真的存在。,394.928,1707250135,be6a4a57
1511337549380404736,相信相信的力量,406.35,1707256675,d23c6e91
1511344816028825856,这个应该是心理学。,421.01,1707257541,86ff93e9
1511444496154427392,啊，竟然有文献？,539.327,1707269424,57b0d9a5
1511492257423854848,是催眠学，不是心理学，在很多时候是超心理学的概念,516.282,1707275118,2a863fc8
1511508387635012608,现象不是人规定的，是人发现归纳总结的，无法复现没找到规律的就是神秘,468.904,1707277041,3e818a27
1511522047493633792,"祝由术算不算,听说确实有一定效果",428.512,1707278669,f0e5ceae
1511531083693425920,共振就是功放,624.337,1707279746,3291c759
1511536718556469248,可以理解为神灵C语言,509.384,1707280418,25a3a2fb
1511545975553024768,遇事不决，量子力学,497.303,1707281521,18d3d9b6
1511604753430393344,好像臭名昭著的水知道答案也提过类似的理论吧,656.368,1707288528,c0dcfb2c
1511628251397654528,耶稣也是真实的历史人物啊,364.559,1707291329,be83c184
1511695680824204032,曼陀罗,630.593,1707299368,2b4097c
1511698937155826944,声音不是消耗了能量才出现的？,477.243,1707299756,e274e0d6
1511868531464402176,灵能科技会引发亚空间天灾,434.039,1707319973,de100637
1511906428947239424,这种事是完全有可能的 但是距离神学 十亿八千万光年,522.151,1707324491,fe023968
1511907011250652928,真空不空 朋友,583.404,1707324560,fe023968
1511986773247507200,别迷信了，就算法翻译成同样的语言也是近似意和本意肯定有区别的，声音也分很多种，人与人听到也会有差别，这方面确实大家都不懂就看谁在那装，相信科学，拒绝迷信,411.888,1707334069,3b533936
1511992122906106624,只要别傲慢就很难迷信,487.448,1707334706,3b533936
1512399397458329600,逸散成熵了,482.04,1707383257,e490b69f
1512416070420826624,全国无论南北，都有一种去除喉咙鱼刺的祝由术。无法用现代理论解释，但真管用。,424.813,1707385245,218bc651
1512417522790590464,压点效应会产生电磁波，另一块同规格压电材料能够接收同频电磁辐射。,532.909,1707385418,218bc651
1512553623576776704,这太扯了,499.588,1707401642,3ff15c6
1512961307039537152,听音识曲,557.452,1707450242,3b054801
1513120392393488640,曼陀罗 荷鲁斯,627.43,1707469206,cb704783
1513607207155996928,祝由术,431.192,1707527239,4c09d4ff
1513712709210978816,千里传音,544.654,1707539816,51e24fc0
1514046186527756800,金花,637.486,1707579570,2e37a580
1514414867174400768,扯什么？的布罗伊物质波也是这个差不多的情景,506.264,1707623520,2610031c
1514810229593054464,有时候挺好使的,424.53,1707670651,7abc00a5
1515079558796536832,是语言就能承载,442.446,1707702757,19d790a7
1515889347617151232,言出法随,688.232,1707799292,38e0cfa7
1516074366621033728,有体验，比如快睡着半梦半醒间有时就会听到别人的说话声,510.885,1707821348,87b7cc89
1516142762431414528,巫医:我用的巫药是地塞米松,371.827,1707829501,7885fa40
1517231888501551872,能量在引起介质震动时就损耗了,667.08,1707959335,b02b4760
1519097112141709824,脉轮,632.163,1708181687,b79fb829
1519149031283219968,六字大明咒的“唵”字声波成像出来的就是一个坛城的模样,702.861,1708187876,b4116d28
1520413688194932736,只看结果，不看过程,434.976,1708338635,18f90f29
1521193655723901440,打电话不也是这样吗,543.23,1708431614,1afc700e
1521515294374641152,很多佛世界是以音声形式存在的就是这个意思，佛说法的音声响彻三千大千世界乃至无量无边世界却互不干扰，个人推测原理也是如此甚至更高端,646.222,1708469957,2bc7f25d
1521869830855307520,九龙化骨水,428.984,1708512221,5e5b832e
1522614177301480704,我都不知道我是從哪裡開始聽不懂的,680.949,1708600954,e5b3855e
1523056658296037376,虚拟世界么？,434.293,1708653702,11aee060
1523111823023342080,这也是因为有电场啊,525.467,1708660278,caf65355
1523399379279849984,真空量子涨落产生虚粒子，这些虚粒子可以震动传递声音,509.3,1708694557,e0aa4922
1523733545385058304,就像音乐会影响人的情绪或行为,589.669,1708734393,c0cf273f
1523896536491566336,神说要有钱，于是真的有了钱,407.087,1708753823,a623f050
1523921070451773184,直接操作底层代码的意思？,460.701,1708756748,bc3c5dc4
1524083323922976512,听不懂，但是爱听,547.719,1708776090,3238262a
1524151221777249792,我想到了催眠！,451.94,1708784184,31a50c5b
1524872064241377536,找个海妖，她们有语言插件,395.524,1708870115,4df1c005
1525795062360167424,如果是相同结构的设备，很有可能只是因为固有频率相同,579.875,1708980145,38db071e
1525895530184793856,魔术？,376.219,1708992122,2846fd25
1526905709101803520,源代码,625.148,1709112544,53713d10
1527805746459515904,可以用同一条鱼用火烧软 放水中喝下去就可以了 没试过 可以试试,428.36,1709219837,c3660b3b
1528746137987852032,抵抗重力我笑死,447.8,1709331941,b18ca3c3
1529391240104563712,真空没有空气啊，能量没法传递呗。,474.731,1709408843,acab398a
1529393029109376512,图案与物质形成未必有关联，结,685.81,1709409056,acab398a
1530561309647992576,原神，启动,440.699,1709548326,7039cd78
1530563428618802176,原神，拯救世界,685.059,1709548578,7039cd78
1535763481922828288,你好。地球人,502.126,1710168473,369f2308
1538300396295406080,当你相信神存在的时候，你无法分辨神不存在,400.555,1710470897,380fb161
1543391465777099264,太阳：那我走？,403.631,1711077800,e185455b
1543744512340334080,雷达？,682.265,1711119886,3ab4cc58
1545168316992144640,别着急反驳～人家都有资料的，又不是信口胡说。先看看中不？,522.289,1711289617,2a2f81cb
1547835726564081664,大型演唱会,392.023,1711607597,ef69e866
1548724242135296000,这不是共振，这是系统的耦合运动，不要望文生义,587.954,1711713516,5e86f2be
1550077398274505728,披着科幻外衣的外星非洲,415.033,1711874825,594a703a
1551541533415911424,画符？,697.612,1712049363,f686d65e
1551666175614980608,电子设备的声音和人体的一样吗,654.95,1712064222,af883166
1559681438692134144,频率,462.398,1713019716,1d73ca06
1565534952362303744,分形几何,688.766,1713717509,5db64ff1
1578153244038174464,非局域耦合机械振子的同步及奇异态,589.095,1715221727,4350c6ed
1582038471336594176,史前超级治愈机器人，通过语音交流借用,417.043,1715684882,97213204
1587104621032583424,突然串戏到了浮世叁千问233,549.603,1716288814,482d75e4
1589353646557061120,看到这个我立马想到了麦田圈的图案,681.825,1716556919,5931d69a
1605616503556794112,==没人说达摩是神吧？佛教从来说佛是开悟的人而已,401.019,1718495602,926fe657
1616096372220716544,那就是每个读音都与某种波共振，或组织成固定的波形组合，这样的波形组合就产生某种能量，达到一定强度就能影响能量场,475.339,1719744900,13b5d3c3
1616896630853157376,转化成内能了啊,473.553,1719840298,22286d56
1622573075915028992,逗猫棒,585.05,1720516983,72808daf
1623704623200179200,真空不真，即使太空，也是相对真空，不是绝对,499.219,1720651874,4c99fc82
1639981537342845184,总裁那里看过这段,603.241,1722592233,95e48e44
1655747505583124480,麦田怪圈,690.774,1724471683,b7d61015
1657054149197909760,所以皇帝学天人的音乐就是为了拯救当年的人,705.618,1724627447,bb2b695c
1684301329097158656,节拍器,580.965,1727875564,fea2e132
1707933810337497600,神“说”：要有“光”,450.231,1730692776,c87e78db
1786962726779324416,首先发出声音的东西你必须得给它一个定位，或是锚点，一切从它出发才有对错，或许这就是人类限制？,712.141,1740113757,5486f4a0
,,0.0,1775655591.4716349,
lb.c,,0.0,1775655591.4716349,
,,0.0,1775655591.4716349,
1510908556394966784,芭芭拉：治疗就交给我吧,914.772,1707205535,66b8a922
1510931899072224768,就算时空不连续，我们感受到的也是连续的。,1022.773,1707208318,de0d96f7
1510932180552081408,比如：眨眼补帧。视频一顿一顿的，可是在我们看来，就是连续的。,1024.733,1707208351,de0d96f7
1510932571318612736,卡顿，对于连续来说，通过对比，才有卡顿。,1026.053,1707208398,de0d96f7
1510939667150138880,细说深入,977.537,1707209244,6840d8d4
1511037968390157824,图穷匕见,773.855,1707220962,f2194801
1511107728758915584,这是波纹攻击,919.726,1707229278,ff133554
1511108334592237824,开始看不懂了,1019.318,1707229350,ff133554
1511115165905922560,我喜欢,775.271,1707230165,21836113
1511154999126838016,那如果光可以被力吸引或者退离呢。。。,810.518,1707234913,4653de3d
1511215457519212800,这个招数电影里的神婆经常用,949.238,1707242121,833e8924
1511244701272300544,法术：言出法随,847.578,1707245607,ddd5415e
1511440245227354368,时间是否存在都是个问题，讨论这个,865.197,1707268917,cb122b68
1511450399830701568,魔术大师,951.539,1707270128,c35938f7
1511467769114449152,万事不决，量子力学,1006.523,1707272198,5d76bd6e
1511492002686982912,其实是魔术而已,992.258,1707275087,1253f646
1511543661714979840,如果魔术能救一个濒死的人就好了,1003.873,1707281246,f0e5ceae
1511544817807974400,我还以为我屏幕上有蚂蚁！！！,960.27,1707281383,275bd317
1511551857225513984,？,956.623,1707282223,18d3d9b6
1511686273318952960,遇事不决 量子力学,999.821,1707298246,afd6932a
1511694476094334976,图穷匕见+1,789.081,1707299224,e7d94bb0
1511739552522725888,这不会是芭芭拉的原型吧,919.964,1707304598,68b8b69b
1511765376005291776,所以关键是理解共振的本质吗，共振为什么存在,720.256,1707307676,d3926e93
1511837427696720384,我的老师跟我们讲过很多这种，老老师懂的很多，都给我们讲，现在可能没老师知道了,969.57,1707316265,928db7c7
1511839115250015744,不是魔术，我那个老老师说，超自然跟化学物理学有关，不是假的，只是我们现在不懂,996.13,1707316466,928db7c7
1511872289778621440,"光不会被引力吸引,而是沿着空间最短的路径传播而已.所以黑洞是扰动空间而非拉扯光子",823.721,1707320421,de100637
1511937045143108608,因为观测了,1052.265,1707328140,54505dd5
1512001545351270912,众所周知宏观效应会有一个概率趋势这不就连起来了？不想卡bug也不是不可以,1026.596,1707335830,3b533936
1512232402234451712,有没有可能芭芭拉学过医学，打着巫医的旗号在实施专业手术？,996.828,1707363350,668f1692
1512476769406749184,噗，再见,981.123,1707392481,2192b47c
1512608267246103808,就象我们看动画片那样，动画片也不是连续的，只是我们觉得是连续的。,1031.334,1707408156,aaba05d6
1514049108397391616,这类魔术手法被揭秘过,954.314,1707579918,2e37a580
1514763847821686528,科学的尽头是神学,1067.514,1707665122,ec0293b2
1515115708605221120,不，相对论证明时空是变量,782.777,1707707067,9ba94f75
1515382011794174720,路西法,799.388,1707738813,8b55cc44
1516202209334213888,遇事不决量子力学,989.899,1707836588,8e9d9c30
1516399092161618688,有没有一种可能，一切只是场物质流动产生的变化,857.976,1707860058,e4ab6b8a
1516472943654308608,直到魔法揭秘开始播放,997.288,1707868862,dc228f33
1516934833941766144,主要就是，声音的能量太少了，除非是有放大器，或者类似引动雪崩一样的引子,846.614,1707923923,8384b083
1516941263289824512,说其他我还不一定熟，这个芭芭拉帕奇塔不久前我还看过揭秘,875.114,1707924690,8384b083
1519459610443232512,芭芭拉 冲鸭,875.621,1708224900,bdcd674a
1519521141822387200,法器？,863.309,1708232235,85109700
1519734356447349760,我记得有书说 唵 代表世间万物,745.784,1708257652,6e104b80
1520925161463963648,造神嘛，哪都一样,977.215,1708399607,39380461
1521520242915206656,黄帝外经到底什么内容啊,953.712,1708470547,2bc7f25d
1522305516666245888,芭芭拉冲呀！,901.502,1708564159,cfd4b043
1522600013229157888,你这个芭芭拉回复效果有点强,901.821,1708599265,afb33c7e
1523116779063697664,这就是芭芭拉原型吗,894.658,1708660869,caf65355
1523117225723492096,研究出来可是能“水”一篇论文的啊，怎么会有学者不感兴趣呢,921.75,1708660922,caf65355
1523826720631923968,所有的一切都是能量的互相干涉,868.615,1708745500,3c7337bc
1524834345603342592,遇事不决，量子力学,990.708,1708865619,2ecd090a
1525447203026720512,来困了..............,1051.074,1708938677,733e5dc3
1526071318246951680,那倒立行走是不是会活的久一点,839.812,1709013077,aec86728
1526213258074652160,就喜欢这句！,722.968,1709029998,a48a250c
1526215241627702272,芭芭拉冲鸭,932.186,1709030234,3fc86396
1528921959411564288,时空之王，命运道标,858.034,1709352900,f7ab0be
1529095836045338112,那是你念唵这类时 你的肌肉呼吸机都在随着你念这个字时有规律运动 按摩内脏,787.375,1709373628,b2446d3b
1529096324883104000,将无序混乱 通过振动变的重新有序，规律,845.558,1709373686,b2446d3b
1530200422705674496,我更倾向于时间是一把尺子 本来不存在只是为了让人类理解而造出来的工具 ,1065.539,1709505305,a5220fbb
1534711957620495616,因为思维是线性的,1034.803,1710043122,62081682
1543746423835697152,这么离谱？,910.195,1711120114,3ab4cc58
1546005639908824320,算了吧,907.089,1711389433,990cb761
1549518129745755904,苗医没病拿水,995.939,1711808155,ceb9f1ab
1551541810399105024,咒语就是用声音画符,730.627,1712049396,f686d65e
1551542719128959232,衰变，老化,838.951,1712049505,f686d65e
1562180038324307456,科学没有尽头。,1077.795,1713317572,59236c22
1577511418495228928,咒令：我，秦始皇，打钱！！！,886.446,1715145215,d59fe5b0
1578778053835180544,芭芭拉：演唱，开始！,890.933,1715296210,b897fdc1
1594020501347522304,黑客帝国,944.659,1717113251,10d4dc90
1615813523726791168,我每次睡不着就看他视频，一听就困，比安眠药管用,1041.055,1719711182,29578a32
1622577590823022080,幻影移形,1038.551,1720517521,72808daf
1639987416305571072,回调芭芭拉！,906.754,1722592934,95e48e44
1655797195032993536,湖北某个道教县的某个局长，就是被这种方式治疗的癌症，还拍了视频,957.966,1724477607,f85c634d
1682123295757073152,遇事不决，量子力学,986.771,1727615923,46c0c30d
1682123743473752832,缩地术！,1036.086,1727615976,46c0c30d
1693841864656055296,憨豆先生也干过类似的事,948.417,1729012885,76537ad9
1727377496854866432,读书时巴不得有这能力省下通勤,1036.921,1733010644,9d6fe986
1801466163009000448,高手啊,966.308,1741842701,705a891
1812420769691477504,怪不得蒙德城有个芭芭拉,992.077,1743148592,94749c01
1825597102567617536, 那光的散射呢？,816.808,1744719333,1a6d2728
1825599134908975616,电影中环节在他眼前上演，不敢想象他当时得震惊到什么程度,957.706,1744719575,1a6d2728
,,0.0,1775655591.4716349,
lb.c,,0.0,1775655591.4716349,
,,0.0,1775655591.4716349,
1510937110897690880,如果说是量子隧穿的话，概率极低，忽略不计。不如直接把射向他人的子弹，无伤遂穿到脑后。,1232.142,1707208939,de0d96f7
1510938654141682944,这难度，比空间传送还难,1249.191,1707209123,de0d96f7
1510941287778876160,言出法随？,1238.539,1707209437,520a78cf
1510960014297565440,有道理,1356.308,1707211669,73dbef55
1510973142066364672,我小时候经常混淆绿色和蓝色,1337.774,1707213234,2eb64d21
1511086203624329984,有合理解释了,1302.605,1707226712,903d032f
1511164230840225536,集体潜意识,1433.111,1707236014,4b967118
1511215250052352256,狼孩的故事如果是真的，那么鸿蒙讲座的故事岂不是真的？传道是真的,1431.28,1707242096,b789a2e2
1511218110945282304,所以自旋到底是什么意思,1100.438,1707242437,ad5cbc3e
1511255395841472512,思想烙印.  ,1347.877,1707246882,b694ac7c
1511404765434047488,这不是道家学说，这是道教学说,1156.319,1707264688,925a8e
1511431593041043200,阿赖耶识,1436.598,1707267886,cdf28e6f
1511460786487543808,本来就没有时间，,1087.225,1707271366,af3bc664
1511478139933912064,有道理,1368.836,1707273435,7a0bddcc
1511516709016718080,阿赖耶,1437.162,1707278033,3e818a27
1511533126998994176,观测物质世界必会对物质世界造成扰动，也就是互动，所以在微观世界，所有观测均是与物质互动后的结果,1368.97,1707279990,2b0a5cad
1511534374871452416,陀一定是博士后，逻辑，章节环环相扣,1206.486,1707280138,62081682
1511536152619183104,这就是地球ol的规矩呀,1351.549,1707280350,baaac14b
1511592607808412416,我们的世界是虚拟的,1141.448,1707287080,6e468b55
1511730073613624064,意识冰山，水面上的冰山看似独立，下面却连成一片？,1434.891,1707303468,ed61d4d3
1511912129274695168,其实可以吃 你喜欢的话（用过的容易产生细菌 吃进去会生病）,1339.593,1707325170,d67e1d47
1512134764138867200,这点认同，在学校考试的时候，明明我自己不紧张，题感觉也不难，但就是脑子空白，不会思考，感觉自己的意识被别人影响了,1430.906,1707351710,95936744
1512240897428290560,五蕴,1348.701,1707364363,f7efa00d
1512262604377145344,假设空间本就在你只是在这空间里放了个烟花，接着烟花充斥整个空间并不断蔓延,1169.81,1707366950,6031d481
1512505554680108288,有些所谓的证明只是为了让事情变的合理,1411.255,1707395912,f49ebad4
1513928600649548288,懂了，太上老君是量子（bushi,1170.598,1707565552,1a1281fd
1514382712004454144,神学不为用，科技为用,1247.087,1707619687,26b4c7d7
1514692285949028608,这个突然出现，也许是奇点以外的更高维世界对它产生了什么影响,1165.973,1707656591,2562f491
1514708046239426560,因为人本身就在系统中,1295.196,1707658470,2562f491
1514710233921327104,绿色也可以叫green,1337.739,1707658730,2562f491
1514711110069364736,确实,1434.603,1707658835,2562f491
1516133256528101376,石头人是吧,1438.144,1707828368,eef05dc0
1519363206387544576,时间和空间是连续的吗,1312.594,1708213408,89704736
1519643780385783040,地球不就在自旋吗,1103.687,1708246855,9c248688
1521295412676657408,？？？,1192.427,1708443745,1892977d
1521523478031927808,所以各大正教都重视语言的作用，圣经里丈夫可以否掉妻子的发愿，佛教和道教都说言语能召来福祸就是这意思,1231.27,1708470932,2bc7f25d
1522116546367880448,这可以假设并不是不教，而是教不了，或者不知道怎么把这种共振甚至说同频的展示给我们，甚至这个可以理解为天赋说的夸张点也就是超能力般是独有的，可以传承但不一定遇到差不多能遇到一个对师傅会咒语一样有天赋的,1267.781,1708541632,f4485a9e
1522694772203129600,所以世界就是像素组成的，根本不连续,1123.286,1708610561,164ded48
1522697891523916800,集体潜意识,1437.666,1708610933,164ded48
1525303812967995136,混元行意,1136.666,1708921583,48beeaa6
1526282993864606208,矩阵,1348.66,1709038311,1596239a
1526913926909220608,真言咒,1234.346,1709113524,53713d10
1529101675288482560,一段振动同样是有序的 会改变无序 同样消除混乱的应力,1321.582,1709374324,b2446d3b
1529103192561254400,认知定义牢笼,1374.684,1709374505,b2446d3b
1535828119645251840,净土宗,1225.742,1710176179,a125d774
1539225571467521536,真空中各方向的力是相同的，但是空间被扭曲之后就会出现“引力”,1127.443,1710581186,9798cac3
1544269461069150720,薛定谔的猫,1332.189,1711182465,384ddeeb
1548355340456971520,为什么打死狼,1382.359,1711669540,26c06ef
1549858698313306624,一语成谶,1237.96,1711848754,6bfe7442
1550314692902376192,像不像一个游戏的世界，从仅有一个世界到加载各种内容的样子？,1156.541,1711903113,7991c86e
1554004188055479296,少数的听到一半，发现已经一句话都听不懂了的视频，世界真神奇,1123.397,1712342935,9cd415f0
1558134519037870080,AI开机了,1178.136,1712835309,569fb314
1579252691224311808,五蕴,1355.02,1715352791,36dd6ae7
1579800639058708992,假装自己能听懂。这是咒语的一部分。,1109.409,1715418111,1d5a13e1
1592047346571685888,普通人的意识、记忆太靠不住了,1339.163,1716878033,f9c33a0
1616905396319193856,《白发魔女传》,1392.275,1719841343,22286d56
1628290035444993792,其实是不确定原理,1291.341,1721198498,e9ae1482
1641605769663529728,言灵,1230.33,1722785857,885fe8e9
1650106204409803520,信则有，不信则无，是不是也是共振，相信才可以和对方同一频率才能感受到，不相信频率不对就什么都不会发生，所以同一个方法，有的人灵，有的人不灵,1249.341,1723799188,2562f491
1661697840449405952,开控制台了,1234.173,1725181019,766e2ccb
1688364293735441664,假的？这是有记录的，还被写入了教育心理学的,1406.421,1728359907,2852ec86
1801377511042126592,时间是人道的概念,1104.052,1741832133,bd550466
1801378425123447040,人类对游戏的开发与创造，像不像天道对人类社会的创造,1212.996,1741832242,bd550466
1806733657709799424,张祥前的《统一场理论》能解释这些现像吗？,1287.425,1742470635,e9102dea
1827140962385317888,你看名字也知道，原始既是原初开始,1133.215,1744903376,1e8ae9f6
1902998389101029120,来自于经验和集体定义,1348.111,1753946285,2f11bf61
,,0.0,1775655591.4716349,
lb.c,,0.0,1775655591.4716349,
,,0.0,1775655591.4716349,
1510906544102140160,这是否能证明一定程度上证明灵魂的存在？,1624.165,1707205295,b7253f15
1510910449561168640,这部分应该是荣格的集体潜意识理论,1440.31,1707205761,1492c5f6
1510914819380157184,是不是给乌龟养大我们也能长命百岁了,1482.1,1707206282,66b8a922
1510920275179427072,比如心里说谁，谁就会打喷嚏,1749.222,1707206932,f57edb10
1510935521063628032,少了云端的算力支持,1472.716,1707208750,fc3b5a83
1510938085855267072,我用在感应外卖员是否到门口了，突然身体本能去开门,1748.476,1707209055,fc3b5a83
1510939849174349568,最新研究，意识，滞后于行为。行为是明星，意识是行为的经纪人。先做，后记录，再修改，更新下一次的行为模式，然后无限循环,1611.618,1707209265,de0d96f7
1510940204163147520,观测者效应，只能说仅供参考,1639.328,1707209308,de0d96f7
1510941203993114112,开智,1688.672,1707209427,1175e65c
1510943420246570240,这是真实的,1483.775,1707209691,fb5a2a45
1510944543003220992,开悟,1713.61,1707209825,7414f425
1510961183887348992,因无所住而生其心,1706.063,1707211809,cf105ce1
1511035621878063616,乌龟那个没法验证，因为乌龟不是哺乳类不会养小孩,1485.194,1707220682,e81cc6
1511063764844415488,高维观测者,1482.859,1707224037,3d58d951
1511111395234618368,但是谁也不敢保证动物没有意识啊？,1506.329,1707229715,ff133554
1511209499552427264,全世界觉得世界是天堂，那么世界就会变成天堂？,1481.001,1707241410,be61b0c1
1511216834996027392,双胞胎？,1610.797,1707242285,b789a2e2
1511223146534047744,古希腊掌管某某的神（doge,1550.905,1707243037,ad5cbc3e
1511223961420548352,如数家珍,1623.444,1707243134,ad5cbc3e
1511228030968900864,应该有吧，比如幸存者偏差；你只记住了说曹操就到的情况，或者父母回家的时间是规律的，你的生物钟告诉了你，使你有所防备,1746.417,1707243619,ad5cbc3e
1511477452092956160,亚空间四小贩,1570.169,1707273353,7c4f903
1511495235413645056,共业,1629.976,1707275473,e6bdc74d
1511497316744741120,上帝,1497.298,1707275721,922862d0
1511508691051051264,阿赖耶识,1441.43,1707277077,aef8af5a
1511568011436567296,阿赖耶识,1692.985,1707284148,d2e363e1
1511621789049190912,凉宫春日的忧郁,1540.488,1707290559,c396cf1d
1511623568927411456,灵能者？,1602.063,1707290771,efbe4fb1
1511631995141424640,那么反过来是不是父母到家前会觉得你在看电视,1750.205,1707291776,c0dcfb2c
1511640842572549632,余光再广也广不到背后,1785.868,1707292830,be83c184
1511687451415241984,xia我一跳,1542.529,1707298387,b82e8d5b
1511708301216445696,提到荣格的集体潜意识，那就不得不提到他在中国看到的《太乙金华宗旨》，后来又翻译回来的的《金花的秘密了》,1735.111,1707300872,9d05f18f
1511795647848672768,悟道,1725.188,1707311285,22b0b17c
1511835804467800832,因为个人意识 改变不了 集体意识,1538.777,1707316072,12d7ee3c
1511842276740092928,【黑门】个体高度独立，目标高度一致,1574.604,1707316843,12d7ee3c
1511847891394797056,喧闹的教室里突然所有人都不说话了。。。。,1765.309,1707317513,32e883ab
1511851208367988480,这不就是佛学么,1697.612,1707317908,9a409ed0
1512144308310928896,答案很显然是能,1505.483,1707352848,a7dc3a93
1512507446907027200,未来人KFK说的2048年之后,1636.84,1707396138,f49ebad4
1512542422654299648,“小我，大我，无我”,1702.041,1707400307,9c484b9d
1513849460013352192,目光这个确实神奇，我从小就可以感知到后面有人看我,1790.395,1707556118,f3c434db
1514406144062621440,人生如梦 梦就是我 我就是梦,1687.096,1707622480,552666d8
1514627335700539648,膀光,1780.411,1707648848,c4510bcb
1515381706549783040,gumayusi,1584.18,1707738776,faace91f
1516918028389108480,神圣的卡拉链接这我们,1465.03,1707921920,999e69a0
1517597278641419520,是每个意识单位都储存了集体意识 是一个同系统中可以共享的系统,1572.941,1708002893,63d7d7da
1517666500956532480,阿赖耶识,1570.555,1708011145,a9fcc626
1518446959336199936,超心理學?,1652.517,1708104183,4d77aa7c
1518686839769391872,王阳明的心外无物？,1704.751,1708132779,b80c6dd6
1519156000530225152,本自具足,1738.358,1708188707,b4116d28
1519202762028528640,还有睡觉突然自然醒，下一秒家里人会上厕所，或者谁在外面开始吵，都有提前性,1742.498,1708194281,b4b0d916
1519465296652840704,我被监控了,1455.932,1708225578,bdcd674a
1519800696000798208,erf,1760.395,1708265561,3f86f535
1520216088720532736,人能常清静天地悉皆归,1715.183,1708315079,a950714f
1520302050620088832,阿赖耶？,1443.431,1708325327,3c73699e
1520317563220260352,我和老爸闻出饺子馅咸不咸 都没尝,1758.613,1708327176,4cbb01a9
1520611966702639104,量子层面的怎么检测？,1511.223,1708362272,5b4e526d
1520612472183090176,科学的尽头是神学,1557.242,1708362332,5b4e526d
1520613854860544000,我对信息的传播方式更感兴趣,1661.023,1708362497,5b4e526d
1520614712394699264,干掉意识，请潜意识接管,1729.544,1708362599,5b4e526d
1520616434609354240,潜意识也应该有一个特定的通道,1775.277,1708362804,5b4e526d
1521527782797361408,不然你以为各大教派的教祖们都是怎么拉人头的,1516.589,1708471446,2bc7f25d
1523572044858465792,光音天,1618.639,1708715141,64dba629
1523572161124859904,光音天,1628.666,1708715154,64dba629
1523572275033640192,光音天,1634.063,1708715168,64dba629
1523572371754514432,光音天,1573.019,1708715179,64dba629
1523747023587911168,吾心自足，不假外求,1711.148,1708736000,c0cf273f
1523816576254704128,人能常清静，天地悉皆归,1699.89,1708744291,82bd86f4
1526257160668196096,宇宙这破地方对我们来说太大了，对别人来说太小了，原子不到,1551.06,1709035231,812c45be
1526916016251444480,云空间,1477.227,1709113773,53713d10
1528515952529233920,背后看我我完全能感觉到,1791.179,1709304500,e10a7d61
1529106510876402176,不是的 心无或者空时 你的身体自愈能力因为没有意识干扰 而从混乱变的重新有序,1770.288,1709374900,b2446d3b
1530376323233619712,念力,1529.842,1709526274,5ebf297f
1534718542484718592,果然还是佛学最接近宇宙真相,1723.379,1710043907,62081682
1536894454429364736,格式塔,1458.951,1710303296,82c0412c
1544845675316129792,近朱者赤近墨者黑,1611.934,1711251155,8a1c28a0
1546345570111973120,神识传音,1624.429,1711429956,4c9bc43a
1547691396486664192,生物电,1787.056,1711590391,2f361cc9
1547828874304575488,感谢尊者,1716.918,1711606780,2924f963
1548014426916315392,量子纠缠,1441.439,1711628900,166ca231
1548417538671826432,有没有一种可能 因为是狼孩天天被展览 被折磨死的喃？,1459.171,1711676954,fa755f5a
1548563003577111552,阿根廷：这我们很懂,1732.447,1711694295,c2ebb559
1548730885837164800,亚空间竟遥遥领先,1563.0,1711714308,cc4815cd
1549298721945368064,战锤P都给我出来,1606.423,1711781999,b1be4194
1550142669161201920,所以一堆人许同一个愿望有可能成功？？！,1666.191,1711882606,426ba631
1550770763064439552,荣格是看太乙金华才写出这个东西的~道家核心,1735.942,1711957480,dd2809d
1555063178428207616,结婚十年后，就变成大智之人,1706.235,1712469176,d60f4f19
1558138007037515776,大圣灵,1585.527,1712835724,569fb314
1565316480193916928,阳明心学，不符合物质世界统治,1755.958,1713691465,a097799c
1578482733217387008,也许宇宙就是一台计算机,1495.132,1715261005,6a93eb7d
1579057566506747136,亚空间灵能,1573.999,1715329530,efbe4fb1
1579058387558354176,放个屏蔽灵能的设备就感应不到了,1631.979,1715329628,efbe4fb1
1579254921771946496,佛陀,1546.46,1715353057,36dd6ae7
1579256023708093184,心有灵犀一点通,1608.875,1715353188,36dd6ae7
1592049700339921920,看我用闪电光速拳打破这一切,1571.994,1716878313,f9c33a0
1612321553985591552,《黑科技》,1629.812,1719294906,a219ff4e
1625968406040107520,古希腊掌管意识,1554.605,1720921738,3d151d8e
1649055077350368768,给你个眼神，你理解一下,1636.409,1723673884,5aaf2537
1652352658549466368,灵觉,1641.621,1724066986,a16cb467
1661107407721556480,脑波可以散发，我之前在一次小区跑步的时候，想起了一首歌，但是我只开始发出一个音节，走在前面的人突然开始唱那个歌词了。,1604.769,1725110633,5d2d3a9
1682127693300132352,一直观测不累吗,1483.673,1727616447,46c0c30d
1701599915598113024,什么？个人意识？人从出生就在被环境塑造所谓个人意识大多只是环境结合以及自身思考的结果,1504.402,1729937717,dedb02ff
1701603790564615424,说的有理,1704.659,1729938178,dedb02ff
1783338091067602176,被重力束缚的灵魂,1524.8,1739681666,2c44889a
1783338729121912064,量子纠缠,1596.358,1739681742,2c44889a
1783339428169745152,元气弹,1675.578,1739681826,2c44889a
1786974265653554176,影响别人心理学上可以轻易做到,1504.76,1740115132,5486f4a0
1786975214421919232,心理学上一个人可以轻易做到影响别人，那么扩大一下，理论上可以影响世界，甚至物质不是不可以的！,1526.38,1740115245,5486f4a0
1786976220400488960,一个北海岸的猴子学会了用棍子，南海岸的猴子不久也会了用棍子,1592.42,1740115365,5486f4a0
1916143344204589824,进击的巨人是吧？,1622.518,1755513286,a8280c73
,,0.0,1775655591.4716349,
lb.c,,0.0,1775655591.4716349,
,,0.0,1775655591.4716349,
1510907383742748672,跑得很快，求生意识很强,1859.8,1707205395,b7253f15
1510918903147094528,他修炼了《太乙金华宗旨》,2023.924,1707206769,7de28024
1510991378388436224,借鉴了太乙金华宗旨,1837.888,1707215408,294d453
1511005315775364096,哈哈哈,1963.285,1707217070,927717c4
1511014668888519424,上帝之手,1918.028,1707218185,ca822b25
1511166440768539136,这个棋盘不对,2072.106,1707236277,4653de3d
1511371598396001024,有没有可能是来自DNA,1950.402,1707260734,7fac09c3
1511483614431370496,牛逼,2021.509,1707274087,7a0bddcc
1511485013181729024,如今的奇怪现象就是没有没有了封建迷信，而破除封建迷信的虽然不是科学，但是科学却已经快成为过去的封建迷信了，我们想看到一件事的源头的时候，就会可以加上所谓的科学,2130.976,1707274254,af3bc664
1511504705279391232,金花的秘密,1815.389,1707276602,a98acdbb
1511512530986694912,人活着就是为了结婚生子买楼买车,1866.718,1707277534,aef8af5a
1511559259358233600,是的,2055.246,1707283105,b98c9fb3
1511559430016283904,不是的,2075.589,1707283125,b98c9fb3
1511559759764321792,言的流,2114.893,1707283165,b98c9fb3
1511559948726130432,演的流音的体,2137.413,1707283187,b98c9fb3
1511560084688445696,言的流音的体,2153.621,1707283203,b98c9fb3
1511565634423857408,分不清~,1884.517,1707283865,933259ff
1511602383002993408,《周公解梦》,2037.176,1707288246,6ff793a8
1511624784738764544,某些时候也是知识水平决定的，夏虫不可语冰,2085.835,1707290916,50d5c8b
1511646783602726912,夏虫不可语冰是认知层面上的,2089.501,1707293539,be83c184
1511686028237673472,金花的秘密+1,1819.319,1707298217,a061f1a1
1512226107229853696,我认为，由于身体硬件相差不大，当思想到某一个峰值的时候，有可能会触发身体的某种开关，而引发现象,1877.869,1707362599,4000cde6
1512227452569843712,基因,1912.019,1707362760,4000cde6
1512227704295081216,基因希望存活、和延续的意志,1890.303,1707362790,4000cde6
1512236336088623360,或许曾经真的有魔法，因为人们认为世界上有魔法，现在没有魔法，是因为人们认为世界是科学的,2100.762,1707363819,4000cde6
1512239475148106496,人体，很奇妙吧！,2126.422,1707364193,27b83167
1512239655066593024,可是我在梦里是可以飞翔的,1994.485,1707364214,265b6271
1512362316396920064,好多次做梦都在飞，有时候觉得就算现实都能飞了,2001.879,1707378837,4220556d
1512364029216148480,其实有关联的,2134.299,1707379041,4220556d
1512480029035323904,鬼故事：进度条,1986.306,1707392869,65c077b4
1512511491256164608,就像那个著名的死囚实验，蒙上死囚的眼睛，在胳膊上滴水，但是告诉他是把手腕割破了，最后死囚死了,1998.61,1707396620,f49ebad4
1512758448813970688,……左和右的A和A以及左和右的B和B比较吗——相同,2073.468,1707426059,eb3ee6e6
1512924223243730432,说不同的吧图片保存下来吸取颜色画线就知道了,2080.35,1707445821,699e6f85
1514001847558388224,可我几乎记不得梦里的情形，甚至醒了后忘的很快,2013.071,1707574284,92e7c78e
1514629060230230784,共食性,1922.803,1707649054,c4510bcb
1515208208879558912,太乙金华宗旨,1820.396,1707718094,2562f491
1516831083335831808,曼德拉效应就是意识改变世界的例子,2115.96,1707911555,a0af2f4
1517339590636122880,一个人有个人意识，在群体中个体无意识,1856.843,1707972174,16f2bbca
1517340428742268160,基因表达的侵略和修改……,1922.122,1707972274,16f2bbca
1518340789556555008,这图不是著名的假图吗？,2076.051,1708091526,7bc7e17c
1518977214304181504,我用卫生纸遮住，亮度也是明显不同,2076.376,1708167394,7b4973e9
1519556650824935168,sOx的时候,1849.993,1708236468,bde99489
1519704264153583360,根本就不一样,1987.828,1708254065,c4176682
1519724956970561024,庄生晓梦迷蝴蝶,2000.801,1708256532,71375078
1520496850229345536,"我怎么彷佛听到哀乐的声音,,,",1958.693,1708348549,8d4759ff
1520618504934856704,你牛逼,1956.753,1708363051,5b4e526d
1520621387814055936,意识可以改变世界，方法、强度、时间,2113.674,1708363395,5b4e526d
1521535987929572352,乌合之众也说过这个事儿吧,1846.43,1708472424,2bc7f25d
1521537440450462976,一般来说治疗这种病的话求助巫医的多，以及，很多都是能量附体啥的就很能说明问题，总归是业力，负面能量集中在某几个人身上以之为祭品的话，守村人啥的就出现了,1900.246,1708472597,2bc7f25d
1521538643486181120,宗教里对梦境的解释更加合理而且能找到和现实显化的对应的特别多,1982.965,1708472740,2bc7f25d
1522429998416676096,我看过,2027.856,1708578998,1a2551f2
1522430086144580096,红叔，我是真的没有懂他的逻辑在哪里，因为确实讲了很多他的梦境，特别是二战的时候,2029.696,1708579008,1a2551f2
1522449276075153152,涂尔干的集体欢腾,1849.819,1708581296,2268529f
1522702111547525632,阿努纳奇,1914.388,1708611436,164ded48
1523066636838878720,《世界是一个巨大的人类补完计划》,1884.829,1708654891,ded02f3a
1524532962606070784,通过对比RGB发现，AB两点颜色是有明显差异的,2073.796,1708829691,22aa0f2b
1526036773640537600,人的动物性，也就是深层次潜意识占了肉体主导地位。人类受的教育是未了压制原始伤害性欲望，所以人性本恶？,1906.67,1709008959,5990b651
1526309394483435520,意识在我看来最大的作用是编码，而对我们行为做出决定的是潜意识，所以，我是意识在编码的时候形成的虚幻概念,1804.446,1709041458,f635abf2
1529108745760615680,中医精神病患烦躁的 是有身体热,2036.695,1709375167,b2446d3b
1529109335303665664,黑客的信息病毒会让硬件过载烧掉,2107.015,1709375237,b2446d3b
1530381264878675712,盗梦空间?,2050.537,1709526863,5ebf297f
1530381665493414912,"以前的日心说,地心说",2098.366,1709526911,5ebf297f
1534719463906337280,荣格就是星际宝宝,1822.664,1710044016,62081682
1539231689010641152,我们班级基本上看一眼就知道对方的情绪，而且，有时候我前桌甚至知道我在想什么,1801.193,1710581916,9798cac3
1539233523800655616,那是你要长高了,1999.187,1710582134,9798cac3
1543386100599866880,曼德拉效应,2122.645,1711077160,7b1896f7
1565315906044132608,佛学和道家比，差几个境界,1809.015,1713691397,a097799c
1573349828916924160,他有修炼,2032.259,1714649115,336113a1
1573350443558662912,太极,2102.099,1714649188,336113a1
1578361954559677440,有人尝试过AI解梦没？很有意思,2041.123,1715246607,d607362e
1590228868223436800,意识水平这词说的妙啊,2088.428,1716661253,32e70d68
1600658511925350656,我听懂了他在说什么。他说的没错,2052.81,1717904564,3080c9a7
1602239587080851712,看了东方的书 吕洞宾,1832.756,1718093042,69bea4b0
1624819953872344064,靠，颜色居然真的想通，具体看评论区,2075.46,1720784832,fe252aac
1649059446992731392,意识是不是种能量,2157.324,1723674405,5aaf2537
1657206902897253376,左右图不一样啊,2071.912,1724645657,bb2b695c
1786980775188154112,这点承认，多层意识观测的结果，总结的很好,2103.861,1740115908,5486f4a0
,,0.0,1775655591.4716349,
lb.c,,0.0,1775655591.4716349,
,,0.0,1775655591.4716349,
1510911112671956992,我们过于相信科学，认为他是真理了。这是否是一种固步自封？,2425.662,1707205840,b7253f15
1511043103258296832,免疫系统：啊对对对,2316.231,1707221574,2ab2c67e
1511044392453046528,从青城山下来的老中医让我感受到真实的炁,2355.993,1707221728,b35f19a4
1511116286984442880,不是抵抗力吗？,2322.185,1707230298,ff133554
1511235917728701440,←宗教神学等被认为与科学相对立的学科现在也被认为是人们对于无法用科学解释的现象的自我安慰,2429.827,1707244560,ad5cbc3e
1511272775527040768,好的中医实在太少 遇到是福气,2364.25,1707248953,dfbee101
1511487267166930432,针灸,2457.037,1707274523,7a0bddcc
1511488226815205888,最可怕的就是如今，已经脱离了所谓的封建迷信，可是我们脱离的真的是封建迷信吗，而且如今证明任何事情的时候一定要加一些有关科学的东西，这也是一种对科学的过度迷信吧,2424.626,1707274637,af3bc664
1511490249644360192,西医和中医还真不是有关联，这点我不认同，中医和西医文化上就是相反的，中医和西医不在一个维度上，一个年轻人发现了老者走过的路，你能硬说他们是有关联的吗，西方文化的弊端,2473.872,1707274878,af3bc664
1511491297306146304,在治疗过程之后，人开始认为自己会好起来？,2422.389,1707275003,85a4eac4
1511516174092251392,然而恰恰相反,2214.264,1707277969,aef8af5a
1511531146054523648,是的，上学的时候胃痉挛，当时生物老师，就用力掐我虎口，一点点的缓解了,2472.447,1707279754,2a157ba2
1511540666142896896,针灸：我TM来了,2449.592,1707280888,ac9066d7
1511560550700850688,是普洱的味我这,2209.157,1707283259,b98c9fb3
1511561083603974144,表象是化学的，本质是物理的。其实整体上化学是物理的宏观而已。,2394.803,1707283322,dc8b0e4a
1511562175272190720,是电脑制作的,2402.846,1707283453,b98c9fb3
1511562415010359808,电的载言的流音的体,2431.439,1707283481,b98c9fb3
1511616696140648192,有没有一种可能，人的思维就是高维生物思维在三维世界的投射,2233.578,1707289952,51f3e284
1511629591763218432,《金花的秘密》,2198.031,1707291489,50d5c8b
1511713660849069824,卧槽,2252.769,1707301511,9d05f18f
1511845184265346816,任何的任何，所有的所有，尽头都是易经。,2400.141,1707317190,2cb16c2f
1511848725457576960,每个个体意识都是高维意识的神经突触？,2239.216,1707317612,12d7ee3c
1512021031039366400,每一个字都看得懂，句意也知道但是深度不够就会产生一些别人一看就知道是错误的猜想,2435.828,1707338152,3b533936
1512219504078473472,S于新冠？,2246.511,1707361812,ad11dac3
1512243732911897088,个体影响主体，主体影响个体,2501.573,1707364701,4000cde6
1512397767090551040,中医里没有癌症这个概念并不是说不能这就能解释断肢者为什么还能感觉到到失去肢体的疼痛,2427.562,1707383063,5a4a6244
1512442956387476992,寡人二刷,2469.849,1707388450,85d43060
1512444733740298496,抵抗力，是个比较抽象的概念；你心情不好的时候，抵抗力就会差些……,2329.185,1707388662,ae0ac0c3
1512515443531734272,在圣经里有一些奇妙的描述，用身体必须人，用人必须身体。与这段类似,2500.145,1707397091,74b8ee47
1512549070609536000,针灸,2458.17,1707401100,9c484b9d
1512896328530001152,缓解没有用，不满意，要治愈。因为可能欺骗身体,2509.863,1707442496,1c12d50
1514036594607452672,不太正确，人的思维本身拥有更高维度，只是身体在目前空间最高只能是三维,2237.494,1707578426,4f1113dd
1514062225051420928,心理健康与身体健康确实关联很深,2304.737,1707581482,2e37a580
1515215889161593600,有听过得了癌症然后全世界旅游最后癌症反而痊愈的例子，也许就是脱离了致癌环境加上好的精神状态的结果,2221.041,1707719009,2562f491
1515795323803729664,这个真实体验，真的是这样,2292.632,1707788083,776bda24
1516057247812173568,经脉,2467.808,1707819307,82e8dd71
1516098734025386240,难道不是靠免疫系统吗,2217.268,1707824252,57df44d5
1516612670131155712,其实西医也有很玄的东西，比如免疫力，什么时候叫免疫力好，根本没有具体的概念,2352.269,1707885518,6697a20f
1516991386145065216,高维世界的VR游戏,2242.624,1707930665,48d70840
1517344831318743040,用人参、黄芪,2224.338,1707972799,16f2bbca
1517347802605385216,精神意识=软件信息，身体物质=下载3D打印,2410.515,1707973153,16f2bbca
1517582444402952449,卧槽，这就是天赋异禀,2209.346,1708001125,88fbb66
1518174427320574720,不是西医是现代医学,2493.541,1708071694,3c60f134
1519730201108750592,科学是方法，为何要不相信呢？,2430.059,1708257157,71375078
1520622084756373248,他修炼了,2190.139,1708363478,5b4e526d
1520623330330361344,自己！有个外国医生实验过，靠强烈的心理暗示治好了牛皮癣,2265.456,1708363626,5b4e526d
1520908359560115456,气伤则痛，形伤则肿。气比血先行六寸。,2463.567,1708397605,a0cafc8b
1520963744061128704,前面那个，火子哥直呼内行,2236.008,1708404207,80f2eb12
1520976130982018816,迷迷糊糊的是玄学 不解的神学 懂得科学,2164.245,1708405683,6c47009f
1521541107815769088,这算啥异端啊，打坐在基督教里又不是没有，很少有人修到那么深而已,2197.052,1708473034,2bc7f25d
1521544602920772096,万一西医本来继承的是黄帝外径那乐子就大了，岐伯万一就是那个希波克拉底岂不更可怕，很好奇当年恩基作为蛇族老大到底传了什么功法和理论下来,2474.618,1708473451,2bc7f25d
1523114759841384448,先生大义,2220.415,1708660628,db9cfae7
1523126538688596992,橙汁还是纯水,2313.98,1708662032,caf65355
1523127209450338816,地上对应马斯洛需求前两层，天对应后三层,2330.991,1708662112,caf65355
1525636257588286464,按摩！！！！,2448.508,1708961214,c53b682b
1528241822726842368,信念生物学,2263.622,1709271821,67438bf5
1529109935458407680,因为不到的时候没惊喜 你记不住 只有曹操到了 有惊喜 你记住了,2178.542,1709375309,b2446d3b
1529110732233364480,你意识紧张了 身体一系列物理化学反应 给你留下了太多应力,2273.522,1709375404,b2446d3b
1529112483883823616,但你的意识会干扰这种修复运动 天长日久 应力积累 你修复不了,2482.358,1709375612,b2446d3b
1534725077554193920,疗愈我们的，永远是自己的内在,2271.099,1710044686,62081682
1539356874623708928,睡的好，第二天精神抖擞心情自然就好，所以认为自己健康，重点在开心快乐,2335.221,1710596839,bfc60bba
1548194627050484736,那这个流行性病毒怎么解释呢,2357.649,1711650381,1d7ce053
1548737409313900288,针灸和点穴！,2457.962,1711715086,cc4815cd
1548993516074816768,针灸穴位？,2464.159,1711745616,6a29f185
1550050407584231168,把他理解成状态就行了，科学也是一种状态。,2376.561,1711871607,ccb411bd
1551006195068880640,我曾把气壁离体外，，还发出了影响世界的声音噗噗,2375.778,1711985546,f522bbb6
1555121621273371136,因为电的手疼,2473.939,1712476143,ea11837c
1565496225019493120,西医无法治疗检测不出原因的病症，但中医却能从不同角度解释并治愈,2218.107,1713712892,db9fdcf0
1571601289748546816,分形，局部是整体和自己的可变参数，万花筒,2504.482,1714440673,21037bc0
1573351739003034624,爽,2252.579,1714649343,336113a1
1573352303841283328,三魂七魄,2315.899,1714649410,336113a1
1573352830830809344,穴位,2374.619,1714649473,336113a1
1573353742068092672,任督二脉,2456.859,1714649581,336113a1
1578362787087190528,天魔入侵意识,2212.663,1715246706,d607362e
1579291454101486848,吸引力法则,2176.759,1715357412,ee107ec5
1580492236670840064,针灸,2507.608,1715500556,cfe44174
1582387350733290240,nonono，是玄学,2264.528,1715726471,19d5eff4
1590230282005697024,描述的很准确啊,2206.25,1716661422,32e70d68
1590232687867065344,这类人的意识程度较高,2296.406,1716661708,32e70d68
1590234558584909056,针灸的原理,2452.39,1716661931,32e70d68
1605835904344478464,足疗必须入医保,2518.927,1718521757,9969ad27
1626647873456418816,双系统是吧,2310.978,1721002737,8dd59655
1629547859357964288,在陕西上学时，跑遍各大医院一年都治不好的过敏，被一个小镇的中医14副中药治好了,2341.119,1721348442,29760c94
1650116862052451072,先天体质差,2285.144,1723800458,2562f491
1650261338385420800,阿赖耶识,2391.787,1723817681,a2dbbf2a
1682133631210146048,？？,2169.502,1727617155,46c0c30d
1682136044864119808,……这个所谓“先兆”用中医更好解释,2414.885,1727617442,46c0c30d
1784896564435635712,手术治不了疾病，只是切掉病坏的组织，最终战胜疾病还是靠自身免疫力,2269.278,1739867451,9cb0fde9
1786987271728803072,为什么那么多人总认为一切理所当然呢？你身体有问题，你第一想法是啥？,2446.361,1740116683,5486f4a0
1830415254694682880,这个就像很多人挠痒痒明明挠左手结果连带着身上一个地方也痒痒,2511.665,1745293702,16af4bf5
1862541813677282816,真相：活得百岁以上的人体内不是没有癌症，而是没有去过度处理，或者根本不知道。,2259.253,1749123486,fa202f09
1903035108337248768,嗯嗯，所以说科学一点是优于玄学的，所谓玄学，就是你没办法证明真，所谓科学是你要想办法证伪。恕我无才，看不出孰高孰低。,2433.468,1753950663,bd550466
,,0.0,1775655591.4716349,
lb.c,,0.0,1775655591.4716349,
,,0.0,1775655591.4716349,
1510952832432415488,经络,2577.363,1707210813,da322836
1510991273237134336,此处需要二舅,2787.883,1707215396,e61716b0
1511219917113070592,逐渐忘记标题,2540.273,1707242652,cd48e03d
1511241564939450880,也有观点认为量子坍缩是应为受到了外界的干扰，干扰源和意识没关系，比如一个光子,2647.722,1707245233,ad5cbc3e
1511250899723715072,质的变幻,2604.981,1707246346,99d607ef
1511251694502139648,有时候分不清是意识还是欲望或是意志,2699.741,1707246440,99d607ef
1511252858329573632,锻刀赛，奥德彪,2838.509,1707246579,99d607ef
1511489279375808768,集体潜意识是不是就是宗教里面的神,2696.952,1707274763,7a0bddcc
1511539839638453248,问题是双缝实验并不是意识干涉物质，只是对应的观测行为导致了结果不同，就像人眼观测万物只是万物把光反射进人眼而已,2598.026,1707280790,2b0a5cad
1511543098244037120,内观,2829.376,1707281178,2bd59f90
1511563184681708288,是承合,2523.182,1707283573,b98c9fb3
1511573785415964416,心理作用确实在起作用....现有科学体系认知下，确实离谱了,2616.921,1707284837,933259ff
1511574982160060416,看到这想起了我朋友总说的“有些东西的意思，只有在特定的语言下，才能不变形的完整表达出来，翻译成别的语言，就不是原本的东西了”，虽然他调侃的是网络河蟹,2683.356,1707284979,933259ff
1511633916526979840,进击的巨人-路,2675.093,1707292005,50d5c8b
1511780150743128320,催化剂是参与反应的,2548.702,1707309437,1eda1f81
1511852761502107648,这里可能指：被屠宰分割后的牛肉块的肌肉还能正常颤动,2847.467,1707318093,16cebda2
1512029021372691200,低于标准线的拉上去高于标准线的误导下去结局早已注定,2860.137,1707339105,3b533936
1512214670243791360,炼神返虚、,2769.67,1707361236,749823ac
1512214775856221440,炼虚合道,2782.265,1707361249,749823ac
1512247837205778176,或许养生主本来就是一个词，他有一个单独的意思,2728.225,1707365190,4000cde6
1512265698607546368,都对，文言文言简意赅,2710.272,1707367319,6df0c1d6
1512897040949031168,假说不能验证，就有点伪科学了,2559.982,1707442581,1c12d50
1512988025402061568,“名可名，非恒名”,2630.507,1707453427,bf7bf192
1514006800888858368,经脉,2527.311,1707574875,92e7c78e
1514008915740832768,催化剂很多种类的，有参与后还原型的，也有不参反应与只影响的,2559.507,1707575127,92e7c78e
1514065585376442880,不是推向玄学，而是曾经以为是玄学的现象有了能以科学理解的可能,2635.15,1707581882,2e37a580
1514637225634528256,庖丁·：舍不得刀,2834.589,1707650027,c4510bcb
1514643111123638016,维特斯根坦：语言的边界...,2698.257,1707650729,608c8027
1515917648968501760,玄之又玄众妙之门,2657.089,1707802665,38e0cfa7
1517587125145587968,要是长期催眠自己会怎么样,2725.298,1708001683,88fbb66
1517675852157326336,读金刚经,2672.59,1708012260,a9fcc626
1519780859342057216,感受到过，甚至知道是什么。但是害怕接触。,2665.365,1708263196,58acec7
1520469782808481536,道可道非常道,2629.481,1708345322,d762be28
1520627791895512064,我更赞同三个分开,2718.688,1708364158,5b4e526d
1521023430105978880,哈哈哈，前面的,2563.92,1708411322,b553b98a
1521547084388373504,克苏鲁了起来,2745.87,1708473746,2bc7f25d
1522708604589951232,是哪个意识在观测,2595.771,1708612210,164ded48
1523734953245245696,哈哈前面的，你是真信教科书上说的呀，参与反应本身就存在问题，能量一定会变的，也就是量,2552.856,1708734561,d8b5495b
1524372883437014528,人体有按钮，按下去就能触发某种联动,2562.916,1708810608,3e145f2f
1527738967150391040,性命双修,2796.143,1709211876,70a57111
1529115662369318912,都是要么一念正确的引起于正确的道路上让身体有序 要么就是无思像睡觉一样,2861.229,1709375991,b2446d3b
1530385645233783040,还有物理学,2572.795,1709527385,5ebf297f
1530387079006374400,练气,2743.662,1709527556,5ebf297f
1530388143193323264,"蚯蚓,壁虎断尾求生",2870.574,1709527683,5ebf297f
1532534714815294208,所有宗教的最高层都完整的说明了只是你不懂,2675.576,1709783574,a5469906
1534890321371221248,催化剂就是相信的力量,2561.12,1710064384,62081682
1547839603913129984,汉尼拔：庖丁解人？,2866.091,1711608059,2924f963
1565343465338884096,我悟了！随心所欲！想睡就睡，不行起床就不起床！工作爱谁干谁干，老子不爽，啥也不干,2865.521,1713694682,a097799c
1572567091251712256,养生=主；逍遥=游,2769.161,1714555805,372c8582
1590239059560099584,名可名，非恒名也,2630.965,1716662468,32e70d68
1590239493980714240,人的天赋差异,2665.61,1716662520,32e70d68
1590240603575560448,易经中的物极必反,2765.451,1716662652,32e70d68
1592060581706304768,啊，这个真没想到，有实证吗？,2560.711,1716879610,f9c33a0
1592061687744197376,大家好，我是新生代科玄家,2643.455,1716879742,f9c33a0
1594314014312289536,黄帝内经,2534.97,1717148240,10d4dc90
1616707099876686080,文惠君：解压短视频——庖丁解牛,2805.71,1719817704,67bcbd29
1626675886122125312,又回来了,2591.958,1721006076,5633d2a9
1631438955083855104,突然想起标题,2585.702,1721573878,21c7b3eb
1651791865642563072,有谁知道现在的背景音乐是什么吗？求求告诉我。,2643.134,1724000134,5f181478
1651794047494518272,AI识片酱,2699.113,1724000394,5f181478
1786991413704718848,分不清欲望意识的，修炼就是种方法,2714.281,1740117176,5486f4a0
1831179479373324544,早期解压小视频,2816.9,1745384804,b710be43
1831457109842711808,学音乐的人有体会，学音乐之前都是完整的听歌，学完以后现在都会无意中注意各个声部，很难完整的听了,2843.746,1745417900,dfe4b0fd
1862545145472995072,意识是其中一部分原因吧,2613.311,1749123883,fa202f09
2024269125094457856,我觉得是倒过来读,2729.341,1768402884,69b55d6
,,0.0,1775655591.4716349,
lb.c,,0.0,1775655591.4716349,
,,0.0,1775655591.4716349,
1510957622461777920,天魂,3128.676,1707211384,da322836
1511218571445973248,一个人不行的 量变才能引起质变,3198.341,1707242492,d42c8ad
1511230160643446528,阿卡西记录呗~,3238.541,1707243873,cd48e03d
1511530686627303424,NPC的集体AI啊,3237.649,1707279699,f170be36
1511568884010922240,是梦与愿望,3125.115,1707284252,b98c9fb3
1511570884618528512,是通灵的梦境,3206.23,1707284491,b98c9fb3
1511822907737834496,庄子：原来我时这么想的啊！,3134.221,1707314534,bda1f123
1512251072759342080,突然失去或者将情感带入了,3070.429,1707365576,4000cde6
1512252022500783360,灵光一闪，突然想到,3150.493,1707365689,4000cde6
1512252635288549376,其实是循序渐进，早有征兆，但大多数人无法察觉,3191.345,1707365762,4000cde6
1512253239452826112,那之前的猴子们为什么会开始蘸着海水吃呢,3230.319,1707365834,4000cde6
1512774213281604608,卧槽。混沌理论系统！！！！,3153.81,1707427939,8ed0c3de
1514016509931098624,你猜第一个发现螃蟹能吃的，到底怎么发现的？猴子又不傻,3209.326,1707576032,92e7c78e
1514073298105808384,迷因，或者说信息木马,3180.678,1707582802,2e37a580
1514583535271749888,第一只猴子受到启发后并做出的行动，是对猴子这个集体意识里编入了规则，从而改变了集体,3218.418,1707643627,c665640
1514639174123334656,自性,3026.532,1707650259,c4510bcb
1514640437590583296,更高的维度,3120.485,1707650410,81689b77
1514641035211329792,猴子阿卡西,3230.978,1707650481,c4510bcb
1514698547189152000,这里已经看不懂了。。。,2926.085,1707657337,9ffb6953
1514744780003978496,到这里就已经是我的认知极限了,2941.535,1707662849,9dd3ff7c
1514824981765295104,这BGM,2972.822,1707672409,e2780229
1515242570916536832,之前的是跟科学家学的,3233.369,1707722190,2562f491
1516890290877783552,火之意志,3111.925,1707918613,88702550
1518665084443254784,哎呦，不听了bgm太诡异,3049.544,1708130185,be292ef8
1518807268521512192,相信后人的智慧,3102.257,1708147135,f9adf723
1520316968576921600,应该是王浩，,3176.635,1708327105,3c73699e
1522419705653141504,形神俱秒，与道合真,3022.407,1708577771,be610f50
1523014509801892096,集体潜意识,3111.359,1708648677,1d21615c
1525945910948258816,传火,3093.569,1708998127,d2dd72c0
1526325358331251200,这里的理解就是形是个容器，而神就是被这个容器盛着的,2938.91,1709043361,f635abf2
1527744800521370112,薪火相传,3096.725,1709212572,70a57111
1527758035026471424,神能入石，神能飞形,2920.882,1709214149,62568114
1528889413248482048,传火黑魂,3116.323,1709349020,6f32af52
1530108341492489472,好困啊,3034.209,1709494328,5804464b
1534893210164506624,超体,2897.908,1710064729,62081682
1537580659072350720,想听妖怪篇,3181.802,1710385097,91e0a9c8
1544285120998244864,蝴蝶效应,3176.236,1711184332,384ddeeb
1544357386121272832,不会是共同意识吧,3095.67,1711192946,5783e517
1575480378784163840,信上帝,3134.598,1714903096,a388be22
1579708203527511552,问法官啊,3179.339,1715407092,36b4895d
1579948250130296320,精神,3090.485,1715435708,9b4ce596
1581621475461416704,这种背景音是什么，太喜欢了,3108.623,1715635172,de41b98e
1592064944445303808,你这CPU架构该优化了,2936.602,1716880130,f9c33a0
1592066053209484544,你也许不能创造自己，但至少可以改造自己，能不能创造也不一定,2998.077,1716880263,f9c33a0
1592067141253920768,我在乎的这一个失去了，我还不能难过？,3084.918,1716880392,f9c33a0
1596308833918038528,我还是会扶的,3164.151,1717386041,50e7d22
1606223054693128192,胖猫,3160.501,1718567909,daf8c946
1623418737971474432,昆山龙哥,3189.659,1720617794,db4ca287
1631442855685806336,大圣灵,3123.419,1721574343,21c7b3eb
1786995063336434432,如果潜意识是真的，那么人类身体的共生微观生物的集体潜意识是不是就是人类意识的温床？,3025.581,1740117611,5486f4a0
1806748969587135744,陀，你不是一个合格的科学家，但是，你是一个好心理医生！！！！,3076.512,1742472461,e9102dea
1916164431202230528,进击的巨人。,3222.153,1755515800,a8280c73
,,0.0,1775655591.4716349,
lb.c,,0.0,1775655591.4716349,
,,0.0,1775655591.4716349,
1510971530572945408,病毒也是,3260.161,1707213042,68adfe97
1510983347998903808,所以为什么说公众人物说话和行为是有影响力的。。,3271.184,1707214451,5344860d
1511047425832659456,虚空终端,3240.373,1707222090,8327211f
1511152281444385536,这个进度条够带劲,3267.0,1707234589,c82172ab
1511578410852420352,吃过,3323.709,1707285388,b98c9fb3
1511680385774603008,呜呜呜呜呜,3381.092,1707297544,350b71bd
1511864251613163520,好赞！！！已三连！！,3375.957,1707319463,a151a368
1511912731333112064,尼古拉特斯拉,3242.059,1707325242,e77b4efc
1512209128251316224,国之大事，唯戎唯祭,3343.927,1707360575,3d3ac38c
1512361484406102784,我说：看过这个视频的人都很快财富自由,3374.202,1707378738,c811e88f
1512905877231943168,如果可以，我请求我父亲的病症可以通过中医治好，不需要手术化疗,3385.38,1707443634,96c0ea62
1514017550168926720,这个叫榜样~,3263.867,1707576156,92e7c78e
1514052802664623104,巨人里也是这麽说的,3250.246,1707580358,8b405922
1514074494271267840,榜样,3250.657,1707582944,2e37a580
1514426217699705088,"随众生心,应所知量,循业发现",3338.047,1707624873,552666d8
1514467136347857152,传播学,3252.723,1707629751,fdae21aa
1514585089571321600,本质如up所讲，表观来看，是个体与其他体的互相影响,3257.288,1707643812,c665640
1514586357778151424,意识能向上编辑规则，从而让其他个体受到影响。,3375.288,1707643963,c665640
1515244400329096192,终于回到标题,3352.533,1707722408,2562f491
1515245365908168192,会，我赞美一个人，对方就会开心,3371.569,1707722523,2562f491
1515327875191339520,每个生物，即使不是生物也都有自己的编码程序，找到合适的接口，输入各种形式的命令就会产生各种光怪陆离的结果。。。,3381.143,1707732359,1ffbc1b5
1515820269367795712,言出法随,3371.896,1707791057,776bda24
1516768920881824512,我很有钱我会很有钱,3387.47,1707904145,70fd3c54
1516954469592933632,但是呢，很可惜，天地不仁以万物为刍狗，物质宇宙也不会因人的想法而转动,3336.001,1707926264,8384b083
1517633712840660224,真的已经三连了，你已经言出法随了,3390.09,1708007236,1733fcea
1518174832104131072,闭口禅开口定乾坤,3371.615,1708071743,8efd754e
1522714113464572160,阿卡西记录,3252.427,1708612867,164ded48
1522755371783948800,相信相信的力量,3370.14,1708617786,e361d6e7
1523774884663086848,不是八级大狂风吗？,3328.519,1708739321,66fc55c1
1525948176568456704,其实我也觉得我能影响天气,3349.825,1708998398,d2dd72c0
1526329365493732096,拉马努金,3246.818,1709043839,f635abf2
1527761067525454080,君子之德风，小人之德草,3264.903,1709214511,62568114
1528252348273969408,←前面发这个弹幕的，回旋镖在等着你,3334.468,1709273076,67438bf5
1528302863489519616,董仲舒的天人感应。。。,3335.263,1709279098,eb692ff6
1529666599341484032,岛上没有番薯，科学家带的,3240.346,1709441668,3c7337bc
1529668256988820992,首先得找到输入代码的入口,3366.077,1709441866,3c7337bc
1531277046981185792,原神，拯救世界,3377.201,1709633648,7039cd78
1532749734215975936,能影响天气？那不是萧敬腾吗？,3335.762,1709809206,a48a250c
1548578720279697920,关键小人物,3375.09,1711696169,c2ebb559
1561767342860648960,上传到云平台了，全人类的意识都在训练同一个AI模型,3240.735,1713268375,43544b2e
1579709736914476800,人定胜天,3362.094,1715407275,36b4895d
1592069102250627584,反正预知梦我确实做过,3243.288,1716880626,f9c33a0
1592069806364986880,罪己诏？,3318.523,1716880710,f9c33a0
1592070266757056768,所以萧雨神是怎么影响天气的？,3344.159,1716880765,f9c33a0
1606399670735766016,同样适用于所有宗教、政治,3277.292,1718588963,726a651a
1608730598024060416,终于绕回来了，哈哈づ♡ど,3350.983,1718866831,92bbae6d
1837860283956193536,刚开始说什么来着？咒语,3369.517,1746181218,eb39c167
1862551286277790976,媒体,3273.964,1749124615,fa202f09
1916166274984708352,等等，这不是董仲舒的天人感应吗？,3313.709,1755516020,a8280c73
1916166598281445376,这不是天人感应吗？,3285.004,1755516058,a8280c73
,,0.0,1775655591.4716349,
lb.c,,0.0,1775655591.4716349,
,,0.0,1775655591.4716349,
1510893569358271232,第一第一,1.699,1707203748,cde4d87e
1510899902287393024,因为翻译的过程信息会有误差,326.337,1707204503,18041a7d
1510909908177375488,大吹法螺，大敲法鼓,139.426,1707205696,6701cdaf
1510910844496804096,咒语：钵钵鸡 钵啊钵钵鸡 一元一串的钵钵鸡,264.042,1707205808,a2d527c6
1510919025335687680,角度新奇，有想法，尚,30.832,1707206783,68222e04
1510930884453687552,终于更新了,16.979,1707208197,520a78cf
1510950755354440448,临兵斗者皆烈阵在前,56.422,1707210566,7ab67633
1510958798544962048,传播的都是怎么分红，知识垄断和解释权垄断是宗教发展的重要手段,322.894,1707211524,68222e04
1511034478041378304,如果宗教失去神秘性，被彻底解构，那会彻底沦为娱乐产品，甚至被遗忘,316.877,1707220546,9f3bfdff
1511181262969388544,好家伙，这时长老夫相当满意,4.106,1707238044,cd48e03d
1511182539002482176,阿达瓦卡达哇,80.78,1707238196,c5b1b916
1511222906066129664,更新了,2.219,1707243008,2d45ce45
1511226942186302720,八利三藏,254.169,1707243490,925a8e
1511242451145711872,是临兵斗者皆阵组前行,60.751,1707245338,56542bc
1511243862948012288,呃稍微做个思想实验就知道了吧，两人用同一个咒语博弈，宇宙会让谁的生效？,48.369,1707245507,61765872
1511247346108166144,保持神秘性,324.439,1707245922,9ba24f69
1511269600958901504,起源于远古的傩戏吧，只是语言到后面音调之类的变了,229.695,1707248575,9a4d5722
1511286993429352448,傩戏？,195.086,1707250648,40e8b606
1511371366191285504,一本老书，魔界英雄传,56.191,1707260706,d7472b31
1511371955406711296,宗教、民俗需要权威啊，和普通人分开,332.559,1707260777,a03619e9
1511443430792994816,读作频率,50.419,1707269297,f170be36
1511449130046897920,ai是语音是ai服务人。所以按这个逻辑理解 咒语就是人服务神，而不是神服务人。,39.02,1707269976,c9088b35
1511456406702981888,欢乐豆效应,18.499,1707270844,9a409ed0
1511458951899097600,唵蓝净法界，乾元亨利贞,57.505,1707271147,935d4258
1511460489002457856,嘛哩嘛哩哄,115.187,1707271331,f79d57f0
1511461124523224064,巴啦啦小魔仙沙拉沙罗全身变~,122.181,1707271406,f79d57f0
1511464619930060288,大威天龙，般若妈妈哄！,123.144,1707271823,2694a6a3
1511484128527372544,盂兰神功,201.216,1707274149,b5a2bfa6
1511493372387584768,酆都,186.259,1707275251,aef8af5a
1511501312163094528,六字大明咒,65.699,1707276197,3c847720
1511518557304159744,但是指定语言可以掌握解释权，你传播了但是不听我的，那有什么用,321.567,1707278253,5eea56d8
1511520194298916352,惠州人冒头,133.131,1707278448,f388d0d7
1511530496667056128,奇术师,38.359,1707279676,9f798b2
1511539736383475456,背景音乐很好听,238.293,1707280778,e98af137
1511542792294497792,电的载，言的流音的体！！！~,92.155,1707281142,b98c9fb3
1511568683934632192,太平歌词,176.762,1707284228,dccf1241
1511634527880466688,嗯，用山东话来读论语对吧？！,303.511,1707292078,d9096a03
1511682304282562304,细思极恐,65.85,1707297773,e7a6fc0
1511691840704061440,这根本不是悖论，宗教信仰可以共享，但宗教解释权不能，用这些与众生不同的语言是刻意为之,314.645,1707298910,10fe7ea0
1511767484339176448,你要弄清楚什么是咒 在从你的语来研究,107.255,1707307927,c04d39b0
1511770286520144384,但咒语往往需要支付代价,42.49,1707308261,3e66d107
1511813234556941056,普罗米修斯！！！,263.753,1707313381,a151a368
1511845043487872768,我们称为：指令【狗头】,102.28,1707317173,8872ac8b
1511858711323561472,一切都会好起来的,9.076,1707318802,f57b51b5
1511865453088102912,其实就是呼出控制台输入权限内的命令而已,68.929,1707319606,de100637
1511902250002346752,日落西山呐～～～～～ 日落西山黑了天,180.056,1707323993,fe023968
1511930684984525312,殄文,153.507,1707327382,4024beb
1511982163430892032,涟漪到一定程度要么忽视要么被摧毁,76.168,1707333519,3b533936
1512199663267418368,异世界舅舅？,279.895,1707359447,668f1692
1512239974622197504,说不定咒语就是神鬼的语言,29.139,1707364253,cfd7ca0d
1512317236235702272,老法师啦。,154.589,1707373463,ac63fe8e
1512342985545859840,往生咒的话历史不会超过两千年,99.669,1707376532,ec1e650d
1512350557044727040,就连网庙上吹的不靠神仙的道教也是不受箓不拜师无法入道,325.259,1707377435,ec1e650d
1512385944664624896,真语音系统？,300.179,1707381653,85182cf1
1512396870666703616,是的，在河南搭台唱戏，只要开始了，哪怕没人看了，也要唱结束，因为还有鬼神要看,200.4,1707382956,e490b69f
1512401437198811648,前排提醒，这视频不是讲神秘学和民俗，也不是讲符号学人类学的，纯纯的地摊文未解之谜系列,0.0,1707383500,ec1e650d
1512411536671438080,配的视频太烂，为什么不用倩女幽魂里的夺命梵音？？！,65.249,1707384704,df179fd2
1512412001694205696,古代佛经没有文字，都是口口相传。分组背诵互为备份，防止荒腔走板。,130.443,1707384760,218bc651
1512413195863024640,戏曲规矩：一旦开唱就必须唱完，就算没有人听，也会有鬼神在听。,187.237,1707384902,218bc651
1512470663531772416,商博良也不能翻译吗？,254.691,1707391753,2192b47c
1512575622239711744,汽车人变形出发!,34.061,1707404265,1c876ed5
1512675556465262080,爷爷，你关注的up主更新了,0.053,1707416178,e6b1cced
1512800259246878720,雅语？,188.839,1707431044,22a12544
1512835991520727552,加油加油加油,49.519,1707435303,e2e36116
1512878834314398720,急急如律令,116.139,1707440411,ac66a05
1513407398424177664,咒语是古代文明在集体潜意识上构造的系统操作语言 辅助你用神识力共振现实,50.326,1707503420,bb2b695c
1513519125832521216,我知道了，来念，大威天龙,271.527,1707516739,8471b486
1513825907696042240,世界的本质就是震动,35.041,1707553310,97783db7
1513854484185655040,吃葡萄不吐葡萄皮,140.116,1707556717,d2d434c9
1513867228041500928,咒语很管用的，楞严咒大悲咒超管用，,79.791,1707558236,92141b11
1513869470635296768,楞严咒很厉害,124.271,1707558504,92141b11
1513869954716362240,太极腔,181.873,1707558561,92141b11
1513870167694691072,符合太极转动的腔调,207.251,1707558587,92141b11
1513875250914631936,哈嘛噼,256.295,1707559193,697c73c5
1514040566067789056,失传的语言,231.848,1707578900,2e37a580
1514042597747022336,传播的不是教义，而是以神秘把控对神言宗教的释义权，进而掌控教徒思想,318.305,1707579142,2e37a580
1514082080827877632,有句话叫做末法时代，咒语可能就是可以震动那些魔法元素的发音。越大的法术就是需要越多的魔法元素加入,159.257,1707583849,1d9e85c9
1514199858108791040,背景这个场景和美女好美好精致,97.689,1707597889,543b1b52
1514355957059465728,言灵,83.299,1707616497,b1181568
1514357118193747456,包饺砸！,221.677,1707616636,b1181568
1515017413597801984,玛卡巴卡,5.733,1707695349,65bbde51
1515075022790625536,港片能作为参考？？？,193.326,1707702217,19d790a7
1515323257966851840,龙族,33.379,1707731809,2a0baa1e
1515352156562250752,天猫精灵。开空调,86.414,1707735254,651def2b
1515858433734178048,不是讲究天人感应吗？我认为因该注重感应。,283.302,1707795606,38b7cd34
1515967506836537344,代码也是咒文←_←,144.937,1707808609,a1427164
1516076378326696448,纳米机器人就是魔法元素,168.409,1707821587,78fb5fc8
1516259650881020928,我认为一定不会是种真正的语言，或者说一定没有规律,11.119,1707843435,c9cb581b
1516599242444146176,这些咒语可能是调整自己能量的一种技巧，但是前提是对自身能量有认知，现在已失传了,121.64,1707883918,be0efab2
1517403587184422144,我知道，同伴加压耗时3防夜袭，是神秘交谈,276.082,1707979803,e63ec77b
1517533032255605248,恐怖的时长,9.17,1707995234,d8d03db0
1518137113181289216,陀螺么,9.807,1708067246,7fb60ea5
1518947474113374464,不算什么新想法，我小学时就在很多科普科幻书籍中见过了,34.415,1708163849,8d99378e
1518975570909053440,这些是谜因或者说是模因,88.047,1708167198,8d99378e
1518988018554381824,索绪尔《普通语言学教程》,207.331,1708168682,8d99378e
1518990509333373696,有没有可能神不需要语言,334.629,1708168979,8d99378e
1519019224050573312,手机便是魔杖,65.464,1708172402,eb2d8318
1519077329471963392,斯人已逝,155.313,1708179329,5ae573e0
1519119575835716352,终于有人说这个了！,14.259,1708184365,852f32d4
1519176036183758848,咒语 密码？,158.411,1708191095,f8fa38dc
1519415599787310080,摩西摩西,333.508,1708219654,a5fd0f2a
1519616248227790080,外星语吗,248.364,1708243573,c67dfee9
1519674270610095104,6++++++,227.168,1708250490,3ed244f1
1519776711493963008,梵文,128.253,1708262702,cac1ea43
1520599627219771648,"Hey, Siri就是一句咒语",52.979,1708360801,62dea387
1520960370053912832,把这个换成语音识别就对味了 哈哈,285.435,1708403805,6c47009f
1521046991315212032,一人之下--巫妖  神格面具,189.927,1708414131,484718e1
1521313780892562432,计算机语言和程序验证,344.643,1708445935,73ad9a4c
1521828578877088256,什么亚空间,274.869,1708507303,3f564a18
1522141123278263296,讲好一个故事,84.475,1708544561,749148d6
1522245180462621696,有没可能是为了所谓神秘感，你不懂就觉得神奇而已，有可能经文只是说你吃了没之类的话,349.408,1708556966,c4f0a743
1522338742013231104,言出法随！,72.482,1708568119,d4df00e7
1522739676061328128,言出法随,96.474,1708615914,9242b9d5
1523493689731924992,南无阿弥陀佛,132.559,1708705800,ed3aa3fa
1523727651624210944,说不定就是外星人教了一半,313.746,1708733690,9accefd7
1524238675792495360,古语或者外语加上误读？,120.786,1708794609,eb9bb181
1524350810652467456,纳米机械可以实现的,73.747,1708807977,3e145f2f
1524871559263616000,这其实和人类的傲慢有关,322.405,1708870055,334b68cd
1524951088132848640,宇宙系统的cmd指令,36.891,1708879535,4506ee92
1525478414050475264,大家不要误会这里，只是为了解释咒语，是一种娱乐的方向。研究的并不是宗教的政治性,325.499,1708942397,b958d312
1525514254814519040,唱诗人,282.422,1708946670,b6955852
1525986563543289088,失落的史前科技？！,42.619,1709002974,ea787008
1525990164084938496,有没有一种可能翻译后会失真？知其意，却不能知其境,315.411,1709003403,ea787008
1526707221625564160,已经关闭了，神远古的时候为了调试留的GM接口而已,51.784,1709088883,ac9c7a53
1527043400309016064,真名,289.935,1709128958,f2719655
1527406274621540096,遇事不决，外星语言,254.434,1709172216,b5f326f3
1527518713752931072,阿瓦达啃大瓜！！！！,75.721,1709185620,acc807f1
1529578567409916928,惊！晴雅集？！,29.392,1709431174,43bd4e89
1529581902888364032,一种保持自我文化的方式而已,313.873,1709431571,662e91a1
1530203757764441344,神秘主义,333.339,1709505702,961f4073
1531427263931784704,菠萝菠萝蜜~~~,139.178,1709651556,d798ad0c
1531911304212702464,？？巴利三藏是原始佛教语言，记录不应该是原始佛经么？怎么会翻译不出来,245.83,1709709258,1b499427
1532035581700394752,梵文,233.951,1709724073,180c64e8
1533269809557922048,我们所有的念想都是咒语,70.357,1709871204,62081682
1542529958940243200,是的，有的看似是梗，其实有些力量在的,90.778,1710975100,32e70d68
1543111050709208832,桐人：system call,56.917,1711044372,1fa48e31
1544947092043549440,想起句话，科学的尽头是玄学,207.987,1711263245,3e3a2c80
1547095614930966784,其他语种的经文怎么呢,303.683,1711519369,e6a80cdd
1547958184134834176,这里还有个悖论，当一个种族发展了一个宗教。那么肯定是这个种族的宝贝,330.11,1711622195,e32b7191
1548159716230860800,这不是维护正统核心地位的需要吗？,316.706,1711646219,41484aff
1548278444176366080,怎么证明或者证伪,44.389,1711660373,aa9228fe
1548340582077118976,表音文字,253.179,1711667780,26c06ef
1548341319083226368,为了最终解释权,332.879,1711667868,26c06ef
1548698437929915648,拉莱耶语,233.375,1711710440,cc4815cd
1549523100742364416,伊卜拉沙~,235.001,1711808747,145aa409
1555920021157790720,我也会：“小爱同学，帮我开灯”,47.483,1712571320,a7828a4c
1578907644843075328,就是高维能量语，链接你和你的原神,77.328,1715311658,89a93e3c
1579045791392150016,是高哥特语和低哥特语的意思吗？,256.159,1715328126,efbe4fb1
1579600572553052928,一陀翔,19.0,1715394262,c2ffcf2b
1593186662605772544,想让咒语变成真，你必须从相反视角观测咒语的实施～,6.368,1717013850,d9f65bf6
1595352854670238464,古神语,279.125,1717272080,548c6421
1613232999364002560,以前人少,319.025,1719403559,e64c5464
1625946687002524416,宇宙的代码,40.819,1720919149,3d151d8e
1639155093452823296,小孩子灵性高,163.464,1722493714,3b877167
1657286574037113856,科仪 密咒,211.368,1724655155,257a1ebb
1671812029079470592,宇宙编程语言,348.506,1726386724,67547af9
1685437688540383232,还有宇宙语,256.42,1728011029,f2f5aee3
1693835141027384576,巫在古代是指可以沟通天地的人,173.132,1729012083,76537ad9
1710183110169744896,没错，只要戏台子搭起来，没人也要唱，因为有鬼神也再看,183.934,1730960913,9820c3cc
,,0.0,1775655591.4716349,
lb.c,,0.0,1775655591.4716349,
,,0.0,1775655591.4716349,
1510900560373553408,撞到真空容器壁之后能量引起了容器壁的形变和内能增加，也就是做了功,659.79,1707204582,b9f37c81
1510900651868260864,现象难道不是人规定出来的吗？,458.885,1707204593,b7253f15
1511025437420547840,这里bgm有人知道吗,518.722,1707219468,9039f3b4
1511030251256490240,这个有解释,449.298,1707220042,1555eca4
1511042247267934720,达摩是真实的历史人物啊，有记载的,360.85,1707221472,3d58d951
1511091314459339776,光音天,449.444,1707227322,4404adee
1511091935325041920,光音天,447.529,1707227396,4404adee
1511092919216725760,阿凡达团建,389.076,1707227513,165e8d50
1511105664078934784,真空中应该是没有物质媒介来共振,579.255,1707229032,ff133554
1511151090589253376,那么问题来了，神无所不能，为啥不啥语言都懂,402.783,1707234447,4653de3d
1511177058464783872,这个逻辑有问题，就算耶稣真的复活了，那后世的人都没见过又凭什么相信，那没见过的后人可以相信，没见过的前人就也可以相信,385.196,1707237543,a002bc65
1511180170973705728,阵法？,686.459,1707237914,6d8b995d
1511196360635076352,吊在板上的原因,581.869,1707239844,8e8a9411
1511282684226246912,相信神存在≠神真的存在。,394.928,1707250135,be6a4a57
1511337549380404736,相信相信的力量,406.35,1707256675,d23c6e91
1511344816028825856,这个应该是心理学。,421.01,1707257541,86ff93e9
1511444496154427392,啊，竟然有文献？,539.327,1707269424,57b0d9a5
1511492257423854848,是催眠学，不是心理学，在很多时候是超心理学的概念,516.282,1707275118,2a863fc8
1511508387635012608,现象不是人规定的，是人发现归纳总结的，无法复现没找到规律的就是神秘,468.904,1707277041,3e818a27
1511522047493633792,"祝由术算不算,听说确实有一定效果",428.512,1707278669,f0e5ceae
1511531083693425920,共振就是功放,624.337,1707279746,3291c759
1511536718556469248,可以理解为神灵C语言,509.384,1707280418,25a3a2fb
1511545975553024768,遇事不决，量子力学,497.303,1707281521,18d3d9b6
1511604753430393344,好像臭名昭著的水知道答案也提过类似的理论吧,656.368,1707288528,c0dcfb2c
1511628251397654528,耶稣也是真实的历史人物啊,364.559,1707291329,be83c184
1511695680824204032,曼陀罗,630.593,1707299368,2b4097c
1511698937155826944,声音不是消耗了能量才出现的？,477.243,1707299756,e274e0d6
1511868531464402176,灵能科技会引发亚空间天灾,434.039,1707319973,de100637
1511906428947239424,这种事是完全有可能的 但是距离神学 十亿八千万光年,522.151,1707324491,fe023968
1511907011250652928,真空不空 朋友,583.404,1707324560,fe023968
1511986773247507200,别迷信了，就算法翻译成同样的语言也是近似意和本意肯定有区别的，声音也分很多种，人与人听到也会有差别，这方面确实大家都不懂就看谁在那装，相信科学，拒绝迷信,411.888,1707334069,3b533936
1511992122906106624,只要别傲慢就很难迷信,487.448,1707334706,3b533936
1512399397458329600,逸散成熵了,482.04,1707383257,e490b69f
1512416070420826624,全国无论南北，都有一种去除喉咙鱼刺的祝由术。无法用现代理论解释，但真管用。,424.813,1707385245,218bc651
1512417522790590464,压点效应会产生电磁波，另一块同规格压电材料能够接收同频电磁辐射。,532.909,1707385418,218bc651
1512553623576776704,这太扯了,499.588,1707401642,3ff15c6
1512961307039537152,听音识曲,557.452,1707450242,3b054801
1513120392393488640,曼陀罗 荷鲁斯,627.43,1707469206,cb704783
1513607207155996928,祝由术,431.192,1707527239,4c09d4ff
1513712709210978816,千里传音,544.654,1707539816,51e24fc0
1514046186527756800,金花,637.486,1707579570,2e37a580
1514414867174400768,扯什么？的布罗伊物质波也是这个差不多的情景,506.264,1707623520,2610031c
1514810229593054464,有时候挺好使的,424.53,1707670651,7abc00a5
1515079558796536832,是语言就能承载,442.446,1707702757,19d790a7
1515889347617151232,言出法随,688.232,1707799292,38e0cfa7
1516074366621033728,有体验，比如快睡着半梦半醒间有时就会听到别人的说话声,510.885,1707821348,87b7cc89
1516142762431414528,巫医:我用的巫药是地塞米松,371.827,1707829501,7885fa40
1517231888501551872,能量在引起介质震动时就损耗了,667.08,1707959335,b02b4760
1519097112141709824,脉轮,632.163,1708181687,b79fb829
1519149031283219968,六字大明咒的“唵”字声波成像出来的就是一个坛城的模样,702.861,1708187876,b4116d28
1520413688194932736,只看结果，不看过程,434.976,1708338635,18f90f29
1521193655723901440,打电话不也是这样吗,543.23,1708431614,1afc700e
1521515294374641152,很多佛世界是以音声形式存在的就是这个意思，佛说法的音声响彻三千大千世界乃至无量无边世界却互不干扰，个人推测原理也是如此甚至更高端,646.222,1708469957,2bc7f25d
1521869830855307520,九龙化骨水,428.984,1708512221,5e5b832e
1522614177301480704,我都不知道我是從哪裡開始聽不懂的,680.949,1708600954,e5b3855e
1523056658296037376,虚拟世界么？,434.293,1708653702,11aee060
1523111823023342080,这也是因为有电场啊,525.467,1708660278,caf65355
1523399379279849984,真空量子涨落产生虚粒子，这些虚粒子可以震动传递声音,509.3,1708694557,e0aa4922
1523733545385058304,就像音乐会影响人的情绪或行为,589.669,1708734393,c0cf273f
1523896536491566336,神说要有钱，于是真的有了钱,407.087,1708753823,a623f050
1523921070451773184,直接操作底层代码的意思？,460.701,1708756748,bc3c5dc4
1524083323922976512,听不懂，但是爱听,547.719,1708776090,3238262a
1524151221777249792,我想到了催眠！,451.94,1708784184,31a50c5b
1524872064241377536,找个海妖，她们有语言插件,395.524,1708870115,4df1c005
1525795062360167424,如果是相同结构的设备，很有可能只是因为固有频率相同,579.875,1708980145,38db071e
1525895530184793856,魔术？,376.219,1708992122,2846fd25
1526905709101803520,源代码,625.148,1709112544,53713d10
1527805746459515904,可以用同一条鱼用火烧软 放水中喝下去就可以了 没试过 可以试试,428.36,1709219837,c3660b3b
1528746137987852032,抵抗重力我笑死,447.8,1709331941,b18ca3c3
1529391240104563712,真空没有空气啊，能量没法传递呗。,474.731,1709408843,acab398a
1529393029109376512,图案与物质形成未必有关联，结,685.81,1709409056,acab398a
1530561309647992576,原神，启动,440.699,1709548326,7039cd78
1530563428618802176,原神，拯救世界,685.059,1709548578,7039cd78
1535763481922828288,你好。地球人,502.126,1710168473,369f2308
1538300396295406080,当你相信神存在的时候，你无法分辨神不存在,400.555,1710470897,380fb161
1543391465777099264,太阳：那我走？,403.631,1711077800,e185455b
1543744512340334080,雷达？,682.265,1711119886,3ab4cc58
1545168316992144640,别着急反驳～人家都有资料的，又不是信口胡说。先看看中不？,522.289,1711289617,2a2f81cb
1547835726564081664,大型演唱会,392.023,1711607597,ef69e866
1548724242135296000,这不是共振，这是系统的耦合运动，不要望文生义,587.954,1711713516,5e86f2be
1550077398274505728,披着科幻外衣的外星非洲,415.033,1711874825,594a703a
1551541533415911424,画符？,697.612,1712049363,f686d65e
1551666175614980608,电子设备的声音和人体的一样吗,654.95,1712064222,af883166
1559681438692134144,频率,462.398,1713019716,1d73ca06
1565534952362303744,分形几何,688.766,1713717509,5db64ff1
1578153244038174464,非局域耦合机械振子的同步及奇异态,589.095,1715221727,4350c6ed
1582038471336594176,史前超级治愈机器人，通过语音交流借用,417.043,1715684882,97213204
1587104621032583424,突然串戏到了浮世叁千问233,549.603,1716288814,482d75e4
1589353646557061120,看到这个我立马想到了麦田圈的图案,681.825,1716556919,5931d69a
1605616503556794112,==没人说达摩是神吧？佛教从来说佛是开悟的人而已,401.019,1718495602,926fe657
1616096372220716544,那就是每个读音都与某种波共振，或组织成固定的波形组合，这样的波形组合就产生某种能量，达到一定强度就能影响能量场,475.339,1719744900,13b5d3c3
1616896630853157376,转化成内能了啊,473.553,1719840298,22286d56
1622573075915028992,逗猫棒,585.05,1720516983,72808daf
1623704623200179200,真空不真，即使太空，也是相对真空，不是绝对,499.219,1720651874,4c99fc82
1639981537342845184,总裁那里看过这段,603.241,1722592233,95e48e44
1655747505583124480,麦田怪圈,690.774,1724471683,b7d61015
1657054149197909760,所以皇帝学天人的音乐就是为了拯救当年的人,705.618,1724627447,bb2b695c
1684301329097158656,节拍器,580.965,1727875564,fea2e132
1707933810337497600,神“说”：要有“光”,450.231,1730692776,c87e78db
1786962726779324416,首先发出声音的东西你必须得给它一个定位，或是锚点，一切从它出发才有对错，或许这就是人类限制？,712.141,1740113757,5486f4a0
,,0.0,1775655591.4716349,
lb.c,,0.0,1775655591.4716349,
,,0.0,1775655591.4716349,
1510908556394966784,芭芭拉：治疗就交给我吧,914.772,1707205535,66b8a922
1510931899072224768,就算时空不连续，我们感受到的也是连续的。,1022.773,1707208318,de0d96f7
1510932180552081408,比如：眨眼补帧。视频一顿一顿的，可是在我们看来，就是连续的。,1024.733,1707208351,de0d96f7
1510932571318612736,卡顿，对于连续来说，通过对比，才有卡顿。,1026.053,1707208398,de0d96f7
1510939667150138880,细说深入,977.537,1707209244,6840d8d4
1511037968390157824,图穷匕见,773.855,1707220962,f2194801
1511107728758915584,这是波纹攻击,919.726,1707229278,ff133554
1511108334592237824,开始看不懂了,1019.318,1707229350,ff133554
1511115165905922560,我喜欢,775.271,1707230165,21836113
1511154999126838016,那如果光可以被力吸引或者退离呢。。。,810.518,1707234913,4653de3d
1511215457519212800,这个招数电影里的神婆经常用,949.238,1707242121,833e8924
1511244701272300544,法术：言出法随,847.578,1707245607,ddd5415e
1511440245227354368,时间是否存在都是个问题，讨论这个,865.197,1707268917,cb122b68
1511450399830701568,魔术大师,951.539,1707270128,c35938f7
1511467769114449152,万事不决，量子力学,1006.523,1707272198,5d76bd6e
1511492002686982912,其实是魔术而已,992.258,1707275087,1253f646
1511543661714979840,如果魔术能救一个濒死的人就好了,1003.873,1707281246,f0e5ceae
1511544817807974400,我还以为我屏幕上有蚂蚁！！！,960.27,1707281383,275bd317
1511551857225513984,？,956.623,1707282223,18d3d9b6
1511686273318952960,遇事不决 量子力学,999.821,1707298246,afd6932a
1511694476094334976,图穷匕见+1,789.081,1707299224,e7d94bb0
1511739552522725888,这不会是芭芭拉的原型吧,919.964,1707304598,68b8b69b
1511765376005291776,所以关键是理解共振的本质吗，共振为什么存在,720.256,1707307676,d3926e93
1511837427696720384,我的老师跟我们讲过很多这种，老老师懂的很多，都给我们讲，现在可能没老师知道了,969.57,1707316265,928db7c7
1511839115250015744,不是魔术，我那个老老师说，超自然跟化学物理学有关，不是假的，只是我们现在不懂,996.13,1707316466,928db7c7
1511872289778621440,"光不会被引力吸引,而是沿着空间最短的路径传播而已.所以黑洞是扰动空间而非拉扯光子",823.721,1707320421,de100637
1511937045143108608,因为观测了,1052.265,1707328140,54505dd5
1512001545351270912,众所周知宏观效应会有一个概率趋势这不就连起来了？不想卡bug也不是不可以,1026.596,1707335830,3b533936
1512232402234451712,有没有可能芭芭拉学过医学，打着巫医的旗号在实施专业手术？,996.828,1707363350,668f1692
1512476769406749184,噗，再见,981.123,1707392481,2192b47c
1512608267246103808,就象我们看动画片那样，动画片也不是连续的，只是我们觉得是连续的。,1031.334,1707408156,aaba05d6
1514049108397391616,这类魔术手法被揭秘过,954.314,1707579918,2e37a580
1514763847821686528,科学的尽头是神学,1067.514,1707665122,ec0293b2
1515115708605221120,不，相对论证明时空是变量,782.777,1707707067,9ba94f75
1515382011794174720,路西法,799.388,1707738813,8b55cc44
1516202209334213888,遇事不决量子力学,989.899,1707836588,8e9d9c30
1516399092161618688,有没有一种可能，一切只是场物质流动产生的变化,857.976,1707860058,e4ab6b8a
1516472943654308608,直到魔法揭秘开始播放,997.288,1707868862,dc228f33
1516934833941766144,主要就是，声音的能量太少了，除非是有放大器，或者类似引动雪崩一样的引子,846.614,1707923923,8384b083
1516941263289824512,说其他我还不一定熟，这个芭芭拉帕奇塔不久前我还看过揭秘,875.114,1707924690,8384b083
1519459610443232512,芭芭拉 冲鸭,875.621,1708224900,bdcd674a
1519521141822387200,法器？,863.309,1708232235,85109700
1519734356447349760,我记得有书说 唵 代表世间万物,745.784,1708257652,6e104b80
1520925161463963648,造神嘛，哪都一样,977.215,1708399607,39380461
1521520242915206656,黄帝外经到底什么内容啊,953.712,1708470547,2bc7f25d
1522305516666245888,芭芭拉冲呀！,901.502,1708564159,cfd4b043
1522600013229157888,你这个芭芭拉回复效果有点强,901.821,1708599265,afb33c7e
1523116779063697664,这就是芭芭拉原型吗,894.658,1708660869,caf65355
1523117225723492096,研究出来可是能“水”一篇论文的啊，怎么会有学者不感兴趣呢,921.75,1708660922,caf65355
1523826720631923968,所有的一切都是能量的互相干涉,868.615,1708745500,3c7337bc
1524834345603342592,遇事不决，量子力学,990.708,1708865619,2ecd090a
1525447203026720512,来困了..............,1051.074,1708938677,733e5dc3
1526071318246951680,那倒立行走是不是会活的久一点,839.812,1709013077,aec86728
1526213258074652160,就喜欢这句！,722.968,1709029998,a48a250c
1526215241627702272,芭芭拉冲鸭,932.186,1709030234,3fc86396
1528921959411564288,时空之王，命运道标,858.034,1709352900,f7ab0be
1529095836045338112,那是你念唵这类时 你的肌肉呼吸机都在随着你念这个字时有规律运动 按摩内脏,787.375,1709373628,b2446d3b
1529096324883104000,将无序混乱 通过振动变的重新有序，规律,845.558,1709373686,b2446d3b
1530200422705674496,我更倾向于时间是一把尺子 本来不存在只是为了让人类理解而造出来的工具 ,1065.539,1709505305,a5220fbb
1534711957620495616,因为思维是线性的,1034.803,1710043122,62081682
1543746423835697152,这么离谱？,910.195,1711120114,3ab4cc58
1546005639908824320,算了吧,907.089,1711389433,990cb761
1549518129745755904,苗医没病拿水,995.939,1711808155,ceb9f1ab
1551541810399105024,咒语就是用声音画符,730.627,1712049396,f686d65e
1551542719128959232,衰变，老化,838.951,1712049505,f686d65e
1562180038324307456,科学没有尽头。,1077.795,1713317572,59236c22
1577511418495228928,咒令：我，秦始皇，打钱！！！,886.446,1715145215,d59fe5b0
1578778053835180544,芭芭拉：演唱，开始！,890.933,1715296210,b897fdc1
1594020501347522304,黑客帝国,944.659,1717113251,10d4dc90
1615813523726791168,我每次睡不着就看他视频，一听就困，比安眠药管用,1041.055,1719711182,29578a32
1622577590823022080,幻影移形,1038.551,1720517521,72808daf
1639987416305571072,回调芭芭拉！,906.754,1722592934,95e48e44
1655797195032993536,湖北某个道教县的某个局长，就是被这种方式治疗的癌症，还拍了视频,957.966,1724477607,f85c634d
1682123295757073152,遇事不决，量子力学,986.771,1727615923,46c0c30d
1682123743473752832,缩地术！,1036.086,1727615976,46c0c30d
1693841864656055296,憨豆先生也干过类似的事,948.417,1729012885,76537ad9
1727377496854866432,读书时巴不得有这能力省下通勤,1036.921,1733010644,9d6fe986
1801466163009000448,高手啊,966.308,1741842701,705a891
1812420769691477504,怪不得蒙德城有个芭芭拉,992.077,1743148592,94749c01
1825597102567617536, 那光的散射呢？,816.808,1744719333,1a6d2728
1825599134908975616,电影中环节在他眼前上演，不敢想象他当时得震惊到什么程度,957.706,1744719575,1a6d2728
,,0.0,1775655591.4716349,
lb.c,,0.0,1775655591.4716349,
,,0.0,1775655591.4716349,
1510937110897690880,如果说是量子隧穿的话，概率极低，忽略不计。不如直接把射向他人的子弹，无伤遂穿到脑后。,1232.142,1707208939,de0d96f7
1510938654141682944,这难度，比空间传送还难,1249.191,1707209123,de0d96f7
1510941287778876160,言出法随？,1238.539,1707209437,520a78cf
1510960014297565440,有道理,1356.308,1707211669,73dbef55
1510973142066364672,我小时候经常混淆绿色和蓝色,1337.774,1707213234,2eb64d21
1511086203624329984,有合理解释了,1302.605,1707226712,903d032f
1511164230840225536,集体潜意识,1433.111,1707236014,4b967118
1511215250052352256,狼孩的故事如果是真的，那么鸿蒙讲座的故事岂不是真的？传道是真的,1431.28,1707242096,b789a2e2
1511218110945282304,所以自旋到底是什么意思,1100.438,1707242437,ad5cbc3e
1511255395841472512,思想烙印.  ,1347.877,1707246882,b694ac7c
1511404765434047488,这不是道家学说，这是道教学说,1156.319,1707264688,925a8e
1511431593041043200,阿赖耶识,1436.598,1707267886,cdf28e6f
1511460786487543808,本来就没有时间，,1087.225,1707271366,af3bc664
1511478139933912064,有道理,1368.836,1707273435,7a0bddcc
1511516709016718080,阿赖耶,1437.162,1707278033,3e818a27
1511533126998994176,观测物质世界必会对物质世界造成扰动，也就是互动，所以在微观世界，所有观测均是与物质互动后的结果,1368.97,1707279990,2b0a5cad
1511534374871452416,陀一定是博士后，逻辑，章节环环相扣,1206.486,1707280138,62081682
1511536152619183104,这就是地球ol的规矩呀,1351.549,1707280350,baaac14b
1511592607808412416,我们的世界是虚拟的,1141.448,1707287080,6e468b55
1511730073613624064,意识冰山，水面上的冰山看似独立，下面却连成一片？,1434.891,1707303468,ed61d4d3
1511912129274695168,其实可以吃 你喜欢的话（用过的容易产生细菌 吃进去会生病）,1339.593,1707325170,d67e1d47
1512134764138867200,这点认同，在学校考试的时候，明明我自己不紧张，题感觉也不难，但就是脑子空白，不会思考，感觉自己的意识被别人影响了,1430.906,1707351710,95936744
1512240897428290560,五蕴,1348.701,1707364363,f7efa00d
1512262604377145344,假设空间本就在你只是在这空间里放了个烟花，接着烟花充斥整个空间并不断蔓延,1169.81,1707366950,6031d481
1512505554680108288,有些所谓的证明只是为了让事情变的合理,1411.255,1707395912,f49ebad4
1513928600649548288,懂了，太上老君是量子（bushi,1170.598,1707565552,1a1281fd
1514382712004454144,神学不为用，科技为用,1247.087,1707619687,26b4c7d7
1514692285949028608,这个突然出现，也许是奇点以外的更高维世界对它产生了什么影响,1165.973,1707656591,2562f491
1514708046239426560,因为人本身就在系统中,1295.196,1707658470,2562f491
1514710233921327104,绿色也可以叫green,1337.739,1707658730,2562f491
1514711110069364736,确实,1434.603,1707658835,2562f491
1516133256528101376,石头人是吧,1438.144,1707828368,eef05dc0
1519363206387544576,时间和空间是连续的吗,1312.594,1708213408,89704736
1519643780385783040,地球不就在自旋吗,1103.687,1708246855,9c248688
1521295412676657408,？？？,1192.427,1708443745,1892977d
1521523478031927808,所以各大正教都重视语言的作用，圣经里丈夫可以否掉妻子的发愿，佛教和道教都说言语能召来福祸就是这意思,1231.27,1708470932,2bc7f25d
1522116546367880448,这可以假设并不是不教，而是教不了，或者不知道怎么把这种共振甚至说同频的展示给我们，甚至这个可以理解为天赋说的夸张点也就是超能力般是独有的，可以传承但不一定遇到差不多能遇到一个对师傅会咒语一样有天赋的,1267.781,1708541632,f4485a9e
1522694772203129600,所以世界就是像素组成的，根本不连续,1123.286,1708610561,164ded48
1522697891523916800,集体潜意识,1437.666,1708610933,164ded48
1525303812967995136,混元行意,1136.666,1708921583,48beeaa6
1526282993864606208,矩阵,1348.66,1709038311,1596239a
1526913926909220608,真言咒,1234.346,1709113524,53713d10
1529101675288482560,一段振动同样是有序的 会改变无序 同样消除混乱的应力,1321.582,1709374324,b2446d3b
1529103192561254400,认知定义牢笼,1374.684,1709374505,b2446d3b
1535828119645251840,净土宗,1225.742,1710176179,a125d774
1539225571467521536,真空中各方向的力是相同的，但是空间被扭曲之后就会出现“引力”,1127.443,1710581186,9798cac3
1544269461069150720,薛定谔的猫,1332.189,1711182465,384ddeeb
1548355340456971520,为什么打死狼,1382.359,1711669540,26c06ef
1549858698313306624,一语成谶,1237.96,1711848754,6bfe7442
1550314692902376192,像不像一个游戏的世界，从仅有一个世界到加载各种内容的样子？,1156.541,1711903113,7991c86e
1554004188055479296,少数的听到一半，发现已经一句话都听不懂了的视频，世界真神奇,1123.397,1712342935,9cd415f0
1558134519037870080,AI开机了,1178.136,1712835309,569fb314
1579252691224311808,五蕴,1355.02,1715352791,36dd6ae7
1579800639058708992,假装自己能听懂。这是咒语的一部分。,1109.409,1715418111,1d5a13e1
1592047346571685888,普通人的意识、记忆太靠不住了,1339.163,1716878033,f9c33a0
1616905396319193856,《白发魔女传》,1392.275,1719841343,22286d56
1628290035444993792,其实是不确定原理,1291.341,1721198498,e9ae1482
1641605769663529728,言灵,1230.33,1722785857,885fe8e9
1650106204409803520,信则有，不信则无，是不是也是共振，相信才可以和对方同一频率才能感受到，不相信频率不对就什么都不会发生，所以同一个方法，有的人灵，有的人不灵,1249.341,1723799188,2562f491
1661697840449405952,开控制台了,1234.173,1725181019,766e2ccb
1688364293735441664,假的？这是有记录的，还被写入了教育心理学的,1406.421,1728359907,2852ec86
1801377511042126592,时间是人道的概念,1104.052,1741832133,bd550466
1801378425123447040,人类对游戏的开发与创造，像不像天道对人类社会的创造,1212.996,1741832242,bd550466
1806733657709799424,张祥前的《统一场理论》能解释这些现像吗？,1287.425,1742470635,e9102dea
1827140962385317888,你看名字也知道，原始既是原初开始,1133.215,1744903376,1e8ae9f6
1902998389101029120,来自于经验和集体定义,1348.111,1753946285,2f11bf61
,,0.0,1775655591.4716349,
lb.c,,0.0,1775655591.4716349,
,,0.0,1775655591.4716349,
1510906544102140160,这是否能证明一定程度上证明灵魂的存在？,1624.165,1707205295,b7253f15
1510910449561168640,这部分应该是荣格的集体潜意识理论,1440.31,1707205761,1492c5f6
1510914819380157184,是不是给乌龟养大我们也能长命百岁了,1482.1,1707206282,66b8a922
1510920275179427072,比如心里说谁，谁就会打喷嚏,1749.222,1707206932,f57edb10
1510935521063628032,少了云端的算力支持,1472.716,1707208750,fc3b5a83
1510938085855267072,我用在感应外卖员是否到门口了，突然身体本能去开门,1748.476,1707209055,fc3b5a83
1510939849174349568,最新研究，意识，滞后于行为。行为是明星，意识是行为的经纪人。先做，后记录，再修改，更新下一次的行为模式，然后无限循环,1611.618,1707209265,de0d96f7
1510940204163147520,观测者效应，只能说仅供参考,1639.328,1707209308,de0d96f7
1510941203993114112,开智,1688.672,1707209427,1175e65c
1510943420246570240,这是真实的,1483.775,1707209691,fb5a2a45
1510944543003220992,开悟,1713.61,1707209825,7414f425
1510961183887348992,因无所住而生其心,1706.063,1707211809,cf105ce1
1511035621878063616,乌龟那个没法验证，因为乌龟不是哺乳类不会养小孩,1485.194,1707220682,e81cc6
1511063764844415488,高维观测者,1482.859,1707224037,3d58d951
1511111395234618368,但是谁也不敢保证动物没有意识啊？,1506.329,1707229715,ff133554
1511209499552427264,全世界觉得世界是天堂，那么世界就会变成天堂？,1481.001,1707241410,be61b0c1
1511216834996027392,双胞胎？,1610.797,1707242285,b789a2e2
1511223146534047744,古希腊掌管某某的神（doge,1550.905,1707243037,ad5cbc3e
1511223961420548352,如数家珍,1623.444,1707243134,ad5cbc3e
1511228030968900864,应该有吧，比如幸存者偏差；你只记住了说曹操就到的情况，或者父母回家的时间是规律的，你的生物钟告诉了你，使你有所防备,1746.417,1707243619,ad5cbc3e
1511477452092956160,亚空间四小贩,1570.169,1707273353,7c4f903
1511495235413645056,共业,1629.976,1707275473,e6bdc74d
1511497316744741120,上帝,1497.298,1707275721,922862d0
1511508691051051264,阿赖耶识,1441.43,1707277077,aef8af5a
1511568011436567296,阿赖耶识,1692.985,1707284148,d2e363e1
1511621789049190912,凉宫春日的忧郁,1540.488,1707290559,c396cf1d
1511623568927411456,灵能者？,1602.063,1707290771,efbe4fb1
1511631995141424640,那么反过来是不是父母到家前会觉得你在看电视,1750.205,1707291776,c0dcfb2c
1511640842572549632,余光再广也广不到背后,1785.868,1707292830,be83c184
1511687451415241984,xia我一跳,1542.529,1707298387,b82e8d5b
1511708301216445696,提到荣格的集体潜意识，那就不得不提到他在中国看到的《太乙金华宗旨》，后来又翻译回来的的《金花的秘密了》,1735.111,1707300872,9d05f18f
1511795647848672768,悟道,1725.188,1707311285,22b0b17c
1511835804467800832,因为个人意识 改变不了 集体意识,1538.777,1707316072,12d7ee3c
1511842276740092928,【黑门】个体高度独立，目标高度一致,1574.604,1707316843,12d7ee3c
1511847891394797056,喧闹的教室里突然所有人都不说话了。。。。,1765.309,1707317513,32e883ab
1511851208367988480,这不就是佛学么,1697.612,1707317908,9a409ed0
1512144308310928896,答案很显然是能,1505.483,1707352848,a7dc3a93
1512507446907027200,未来人KFK说的2048年之后,1636.84,1707396138,f49ebad4
1512542422654299648,“小我，大我，无我”,1702.041,1707400307,9c484b9d
1513849460013352192,目光这个确实神奇，我从小就可以感知到后面有人看我,1790.395,1707556118,f3c434db
1514406144062621440,人生如梦 梦就是我 我就是梦,1687.096,1707622480,552666d8
1514627335700539648,膀光,1780.411,1707648848,c4510bcb
1515381706549783040,gumayusi,1584.18,1707738776,faace91f
1516918028389108480,神圣的卡拉链接这我们,1465.03,1707921920,999e69a0
1517597278641419520,是每个意识单位都储存了集体意识 是一个同系统中可以共享的系统,1572.941,1708002893,63d7d7da
1517666500956532480,阿赖耶识,1570.555,1708011145,a9fcc626
1518446959336199936,超心理學?,1652.517,1708104183,4d77aa7c
1518686839769391872,王阳明的心外无物？,1704.751,1708132779,b80c6dd6
1519156000530225152,本自具足,1738.358,1708188707,b4116d28
1519202762028528640,还有睡觉突然自然醒，下一秒家里人会上厕所，或者谁在外面开始吵，都有提前性,1742.498,1708194281,b4b0d916
1519465296652840704,我被监控了,1455.932,1708225578,bdcd674a
1519800696000798208,erf,1760.395,1708265561,3f86f535
1520216088720532736,人能常清静天地悉皆归,1715.183,1708315079,a950714f
1520302050620088832,阿赖耶？,1443.431,1708325327,3c73699e
1520317563220260352,我和老爸闻出饺子馅咸不咸 都没尝,1758.613,1708327176,4cbb01a9
1520611966702639104,量子层面的怎么检测？,1511.223,1708362272,5b4e526d
1520612472183090176,科学的尽头是神学,1557.242,1708362332,5b4e526d
1520613854860544000,我对信息的传播方式更感兴趣,1661.023,1708362497,5b4e526d
1520614712394699264,干掉意识，请潜意识接管,1729.544,1708362599,5b4e526d
1520616434609354240,潜意识也应该有一个特定的通道,1775.277,1708362804,5b4e526d
1521527782797361408,不然你以为各大教派的教祖们都是怎么拉人头的,1516.589,1708471446,2bc7f25d
1523572044858465792,光音天,1618.639,1708715141,64dba629
1523572161124859904,光音天,1628.666,1708715154,64dba629
1523572275033640192,光音天,1634.063,1708715168,64dba629
1523572371754514432,光音天,1573.019,1708715179,64dba629
1523747023587911168,吾心自足，不假外求,1711.148,1708736000,c0cf273f
1523816576254704128,人能常清静，天地悉皆归,1699.89,1708744291,82bd86f4
1526257160668196096,宇宙这破地方对我们来说太大了，对别人来说太小了，原子不到,1551.06,1709035231,812c45be
1526916016251444480,云空间,1477.227,1709113773,53713d10
1528515952529233920,背后看我我完全能感觉到,1791.179,1709304500,e10a7d61
1529106510876402176,不是的 心无或者空时 你的身体自愈能力因为没有意识干扰 而从混乱变的重新有序,1770.288,1709374900,b2446d3b
1530376323233619712,念力,1529.842,1709526274,5ebf297f
1534718542484718592,果然还是佛学最接近宇宙真相,1723.379,1710043907,62081682
1536894454429364736,格式塔,1458.951,1710303296,82c0412c
1544845675316129792,近朱者赤近墨者黑,1611.934,1711251155,8a1c28a0
1546345570111973120,神识传音,1624.429,1711429956,4c9bc43a
1547691396486664192,生物电,1787.056,1711590391,2f361cc9
1547828874304575488,感谢尊者,1716.918,1711606780,2924f963
1548014426916315392,量子纠缠,1441.439,1711628900,166ca231
1548417538671826432,有没有一种可能 因为是狼孩天天被展览 被折磨死的喃？,1459.171,1711676954,fa755f5a
1548563003577111552,阿根廷：这我们很懂,1732.447,1711694295,c2ebb559
1548730885837164800,亚空间竟遥遥领先,1563.0,1711714308,cc4815cd
1549298721945368064,战锤P都给我出来,1606.423,1711781999,b1be4194
1550142669161201920,所以一堆人许同一个愿望有可能成功？？！,1666.191,1711882606,426ba631
1550770763064439552,荣格是看太乙金华才写出这个东西的~道家核心,1735.942,1711957480,dd2809d
1555063178428207616,结婚十年后，就变成大智之人,1706.235,1712469176,d60f4f19
1558138007037515776,大圣灵,1585.527,1712835724,569fb314
1565316480193916928,阳明心学，不符合物质世界统治,1755.958,1713691465,a097799c
1578482733217387008,也许宇宙就是一台计算机,1495.132,1715261005,6a93eb7d
1579057566506747136,亚空间灵能,1573.999,1715329530,efbe4fb1
1579058387558354176,放个屏蔽灵能的设备就感应不到了,1631.979,1715329628,efbe4fb1
1579254921771946496,佛陀,1546.46,1715353057,36dd6ae7
1579256023708093184,心有灵犀一点通,1608.875,1715353188,36dd6ae7
1592049700339921920,看我用闪电光速拳打破这一切,1571.994,1716878313,f9c33a0
1612321553985591552,《黑科技》,1629.812,1719294906,a219ff4e
1625968406040107520,古希腊掌管意识,1554.605,1720921738,3d151d8e
1649055077350368768,给你个眼神，你理解一下,1636.409,1723673884,5aaf2537
1652352658549466368,灵觉,1641.621,1724066986,a16cb467
1661107407721556480,脑波可以散发，我之前在一次小区跑步的时候，想起了一首歌，但是我只开始发出一个音节，走在前面的人突然开始唱那个歌词了。,1604.769,1725110633,5d2d3a9
1682127693300132352,一直观测不累吗,1483.673,1727616447,46c0c30d
1701599915598113024,什么？个人意识？人从出生就在被环境塑造所谓个人意识大多只是环境结合以及自身思考的结果,1504.402,1729937717,dedb02ff
1701603790564615424,说的有理,1704.659,1729938178,dedb02ff
1783338091067602176,被重力束缚的灵魂,1524.8,1739681666,2c44889a
1783338729121912064,量子纠缠,1596.358,1739681742,2c44889a
1783339428169745152,元气弹,1675.578,1739681826,2c44889a
1786974265653554176,影响别人心理学上可以轻易做到,1504.76,1740115132,5486f4a0
1786975214421919232,心理学上一个人可以轻易做到影响别人，那么扩大一下，理论上可以影响世界，甚至物质不是不可以的！,1526.38,1740115245,5486f4a0
1786976220400488960,一个北海岸的猴子学会了用棍子，南海岸的猴子不久也会了用棍子,1592.42,1740115365,5486f4a0
1916143344204589824,进击的巨人是吧？,1622.518,1755513286,a8280c73
,,0.0,1775655591.4716349,
lb.c,,0.0,1775655591.4716349,
,,0.0,1775655591.4716349,
1510907383742748672,跑得很快，求生意识很强,1859.8,1707205395,b7253f15
1510918903147094528,他修炼了《太乙金华宗旨》,2023.924,1707206769,7de28024
1510991378388436224,借鉴了太乙金华宗旨,1837.888,1707215408,294d453
1511005315775364096,哈哈哈,1963.285,1707217070,927717c4
1511014668888519424,上帝之手,1918.028,1707218185,ca822b25
1511166440768539136,这个棋盘不对,2072.106,1707236277,4653de3d
1511371598396001024,有没有可能是来自DNA,1950.402,1707260734,7fac09c3
1511483614431370496,牛逼,2021.509,1707274087,7a0bddcc
1511485013181729024,如今的奇怪现象就是没有没有了封建迷信，而破除封建迷信的虽然不是科学，但是科学却已经快成为过去的封建迷信了，我们想看到一件事的源头的时候，就会可以加上所谓的科学,2130.976,1707274254,af3bc664
1511504705279391232,金花的秘密,1815.389,1707276602,a98acdbb
1511512530986694912,人活着就是为了结婚生子买楼买车,1866.718,1707277534,aef8af5a
1511559259358233600,是的,2055.246,1707283105,b98c9fb3
1511559430016283904,不是的,2075.589,1707283125,b98c9fb3
1511559759764321792,言的流,2114.893,1707283165,b98c9fb3
1511559948726130432,演的流音的体,2137.413,1707283187,b98c9fb3
1511560084688445696,言的流音的体,2153.621,1707283203,b98c9fb3
1511565634423857408,分不清~,1884.517,1707283865,933259ff
1511602383002993408,《周公解梦》,2037.176,1707288246,6ff793a8
1511624784738764544,某些时候也是知识水平决定的，夏虫不可语冰,2085.835,1707290916,50d5c8b
1511646783602726912,夏虫不可语冰是认知层面上的,2089.501,1707293539,be83c184
1511686028237673472,金花的秘密+1,1819.319,1707298217,a061f1a1
1512226107229853696,我认为，由于身体硬件相差不大，当思想到某一个峰值的时候，有可能会触发身体的某种开关，而引发现象,1877.869,1707362599,4000cde6
1512227452569843712,基因,1912.019,1707362760,4000cde6
1512227704295081216,基因希望存活、和延续的意志,1890.303,1707362790,4000cde6
1512236336088623360,或许曾经真的有魔法，因为人们认为世界上有魔法，现在没有魔法，是因为人们认为世界是科学的,2100.762,1707363819,4000cde6
1512239475148106496,人体，很奇妙吧！,2126.422,1707364193,27b83167
1512239655066593024,可是我在梦里是可以飞翔的,1994.485,1707364214,265b6271
1512362316396920064,好多次做梦都在飞，有时候觉得就算现实都能飞了,2001.879,1707378837,4220556d
1512364029216148480,其实有关联的,2134.299,1707379041,4220556d
1512480029035323904,鬼故事：进度条,1986.306,1707392869,65c077b4
1512511491256164608,就像那个著名的死囚实验，蒙上死囚的眼睛，在胳膊上滴水，但是告诉他是把手腕割破了，最后死囚死了,1998.61,1707396620,f49ebad4
1512758448813970688,……左和右的A和A以及左和右的B和B比较吗——相同,2073.468,1707426059,eb3ee6e6
1512924223243730432,说不同的吧图片保存下来吸取颜色画线就知道了,2080.35,1707445821,699e6f85
1514001847558388224,可我几乎记不得梦里的情形，甚至醒了后忘的很快,2013.071,1707574284,92e7c78e
1514629060230230784,共食性,1922.803,1707649054,c4510bcb
1515208208879558912,太乙金华宗旨,1820.396,1707718094,2562f491
1516831083335831808,曼德拉效应就是意识改变世界的例子,2115.96,1707911555,a0af2f4
1517339590636122880,一个人有个人意识，在群体中个体无意识,1856.843,1707972174,16f2bbca
1517340428742268160,基因表达的侵略和修改……,1922.122,1707972274,16f2bbca
1518340789556555008,这图不是著名的假图吗？,2076.051,1708091526,7bc7e17c
1518977214304181504,我用卫生纸遮住，亮度也是明显不同,2076.376,1708167394,7b4973e9
1519556650824935168,sOx的时候,1849.993,1708236468,bde99489
1519704264153583360,根本就不一样,1987.828,1708254065,c4176682
1519724956970561024,庄生晓梦迷蝴蝶,2000.801,1708256532,71375078
1520496850229345536,"我怎么彷佛听到哀乐的声音,,,",1958.693,1708348549,8d4759ff
1520618504934856704,你牛逼,1956.753,1708363051,5b4e526d
1520621387814055936,意识可以改变世界，方法、强度、时间,2113.674,1708363395,5b4e526d
1521535987929572352,乌合之众也说过这个事儿吧,1846.43,1708472424,2bc7f25d
1521537440450462976,一般来说治疗这种病的话求助巫医的多，以及，很多都是能量附体啥的就很能说明问题，总归是业力，负面能量集中在某几个人身上以之为祭品的话，守村人啥的就出现了,1900.246,1708472597,2bc7f25d
1521538643486181120,宗教里对梦境的解释更加合理而且能找到和现实显化的对应的特别多,1982.965,1708472740,2bc7f25d
1522429998416676096,我看过,2027.856,1708578998,1a2551f2
1522430086144580096,红叔，我是真的没有懂他的逻辑在哪里，因为确实讲了很多他的梦境，特别是二战的时候,2029.696,1708579008,1a2551f2
1522449276075153152,涂尔干的集体欢腾,1849.819,1708581296,2268529f
1522702111547525632,阿努纳奇,1914.388,1708611436,164ded48
1523066636838878720,《世界是一个巨大的人类补完计划》,1884.829,1708654891,ded02f3a
1524532962606070784,通过对比RGB发现，AB两点颜色是有明显差异的,2073.796,1708829691,22aa0f2b
1526036773640537600,人的动物性，也就是深层次潜意识占了肉体主导地位。人类受的教育是未了压制原始伤害性欲望，所以人性本恶？,1906.67,1709008959,5990b651
1526309394483435520,意识在我看来最大的作用是编码，而对我们行为做出决定的是潜意识，所以，我是意识在编码的时候形成的虚幻概念,1804.446,1709041458,f635abf2
1529108745760615680,中医精神病患烦躁的 是有身体热,2036.695,1709375167,b2446d3b
1529109335303665664,黑客的信息病毒会让硬件过载烧掉,2107.015,1709375237,b2446d3b
1530381264878675712,盗梦空间?,2050.537,1709526863,5ebf297f
1530381665493414912,"以前的日心说,地心说",2098.366,1709526911,5ebf297f
1534719463906337280,荣格就是星际宝宝,1822.664,1710044016,62081682
1539231689010641152,我们班级基本上看一眼就知道对方的情绪，而且，有时候我前桌甚至知道我在想什么,1801.193,1710581916,9798cac3
1539233523800655616,那是你要长高了,1999.187,1710582134,9798cac3
1543386100599866880,曼德拉效应,2122.645,1711077160,7b1896f7
1565315906044132608,佛学和道家比，差几个境界,1809.015,1713691397,a097799c
1573349828916924160,他有修炼,2032.259,1714649115,336113a1
1573350443558662912,太极,2102.099,1714649188,336113a1
1578361954559677440,有人尝试过AI解梦没？很有意思,2041.123,1715246607,d607362e
1590228868223436800,意识水平这词说的妙啊,2088.428,1716661253,32e70d68
1600658511925350656,我听懂了他在说什么。他说的没错,2052.81,1717904564,3080c9a7
1602239587080851712,看了东方的书 吕洞宾,1832.756,1718093042,69bea4b0
1624819953872344064,靠，颜色居然真的想通，具体看评论区,2075.46,1720784832,fe252aac
1649059446992731392,意识是不是种能量,2157.324,1723674405,5aaf2537
1657206902897253376,左右图不一样啊,2071.912,1724645657,bb2b695c
1786980775188154112,这点承认，多层意识观测的结果，总结的很好,2103.861,1740115908,5486f4a0
,,0.0,1775655591.4716349,
lb.c,,0.0,1775655591.4716349,
,,0.0,1775655591.4716349,
1510911112671956992,我们过于相信科学，认为他是真理了。这是否是一种固步自封？,2425.662,1707205840,b7253f15
1511043103258296832,免疫系统：啊对对对,2316.231,1707221574,2ab2c67e
1511044392453046528,从青城山下来的老中医让我感受到真实的炁,2355.993,1707221728,b35f19a4
1511116286984442880,不是抵抗力吗？,2322.185,1707230298,ff133554
1511235917728701440,←宗教神学等被认为与科学相对立的学科现在也被认为是人们对于无法用科学解释的现象的自我安慰,2429.827,1707244560,ad5cbc3e
1511272775527040768,好的中医实在太少 遇到是福气,2364.25,1707248953,dfbee101
1511487267166930432,针灸,2457.037,1707274523,7a0bddcc
1511488226815205888,最可怕的就是如今，已经脱离了所谓的封建迷信，可是我们脱离的真的是封建迷信吗，而且如今证明任何事情的时候一定要加一些有关科学的东西，这也是一种对科学的过度迷信吧,2424.626,1707274637,af3bc664
1511490249644360192,西医和中医还真不是有关联，这点我不认同，中医和西医文化上就是相反的，中医和西医不在一个维度上，一个年轻人发现了老者走过的路，你能硬说他们是有关联的吗，西方文化的弊端,2473.872,1707274878,af3bc664
1511491297306146304,在治疗过程之后，人开始认为自己会好起来？,2422.389,1707275003,85a4eac4
1511516174092251392,然而恰恰相反,2214.264,1707277969,aef8af5a
1511531146054523648,是的，上学的时候胃痉挛，当时生物老师，就用力掐我虎口，一点点的缓解了,2472.447,1707279754,2a157ba2
1511540666142896896,针灸：我TM来了,2449.592,1707280888,ac9066d7
1511560550700850688,是普洱的味我这,2209.157,1707283259,b98c9fb3
1511561083603974144,表象是化学的，本质是物理的。其实整体上化学是物理的宏观而已。,2394.803,1707283322,dc8b0e4a
1511562175272190720,是电脑制作的,2402.846,1707283453,b98c9fb3
1511562415010359808,电的载言的流音的体,2431.439,1707283481,b98c9fb3
1511616696140648192,有没有一种可能，人的思维就是高维生物思维在三维世界的投射,2233.578,1707289952,51f3e284
1511629591763218432,《金花的秘密》,2198.031,1707291489,50d5c8b
1511713660849069824,卧槽,2252.769,1707301511,9d05f18f
1511845184265346816,任何的任何，所有的所有，尽头都是易经。,2400.141,1707317190,2cb16c2f
1511848725457576960,每个个体意识都是高维意识的神经突触？,2239.216,1707317612,12d7ee3c
1512021031039366400,每一个字都看得懂，句意也知道但是深度不够就会产生一些别人一看就知道是错误的猜想,2435.828,1707338152,3b533936
1512219504078473472,S于新冠？,2246.511,1707361812,ad11dac3
1512243732911897088,个体影响主体，主体影响个体,2501.573,1707364701,4000cde6
1512397767090551040,中医里没有癌症这个概念并不是说不能这就能解释断肢者为什么还能感觉到到失去肢体的疼痛,2427.562,1707383063,5a4a6244
1512442956387476992,寡人二刷,2469.849,1707388450,85d43060
1512444733740298496,抵抗力，是个比较抽象的概念；你心情不好的时候，抵抗力就会差些……,2329.185,1707388662,ae0ac0c3
1512515443531734272,在圣经里有一些奇妙的描述，用身体必须人，用人必须身体。与这段类似,2500.145,1707397091,74b8ee47
1512549070609536000,针灸,2458.17,1707401100,9c484b9d
1512896328530001152,缓解没有用，不满意，要治愈。因为可能欺骗身体,2509.863,1707442496,1c12d50
1514036594607452672,不太正确，人的思维本身拥有更高维度，只是身体在目前空间最高只能是三维,2237.494,1707578426,4f1113dd
1514062225051420928,心理健康与身体健康确实关联很深,2304.737,1707581482,2e37a580
1515215889161593600,有听过得了癌症然后全世界旅游最后癌症反而痊愈的例子，也许就是脱离了致癌环境加上好的精神状态的结果,2221.041,1707719009,2562f491
1515795323803729664,这个真实体验，真的是这样,2292.632,1707788083,776bda24
1516057247812173568,经脉,2467.808,1707819307,82e8dd71
1516098734025386240,难道不是靠免疫系统吗,2217.268,1707824252,57df44d5
1516612670131155712,其实西医也有很玄的东西，比如免疫力，什么时候叫免疫力好，根本没有具体的概念,2352.269,1707885518,6697a20f
1516991386145065216,高维世界的VR游戏,2242.624,1707930665,48d70840
1517344831318743040,用人参、黄芪,2224.338,1707972799,16f2bbca
1517347802605385216,精神意识=软件信息，身体物质=下载3D打印,2410.515,1707973153,16f2bbca
1517582444402952449,卧槽，这就是天赋异禀,2209.346,1708001125,88fbb66
1518174427320574720,不是西医是现代医学,2493.541,1708071694,3c60f134
1519730201108750592,科学是方法，为何要不相信呢？,2430.059,1708257157,71375078
1520622084756373248,他修炼了,2190.139,1708363478,5b4e526d
1520623330330361344,自己！有个外国医生实验过，靠强烈的心理暗示治好了牛皮癣,2265.456,1708363626,5b4e526d
1520908359560115456,气伤则痛，形伤则肿。气比血先行六寸。,2463.567,1708397605,a0cafc8b
1520963744061128704,前面那个，火子哥直呼内行,2236.008,1708404207,80f2eb12
1520976130982018816,迷迷糊糊的是玄学 不解的神学 懂得科学,2164.245,1708405683,6c47009f
1521541107815769088,这算啥异端啊，打坐在基督教里又不是没有，很少有人修到那么深而已,2197.052,1708473034,2bc7f25d
1521544602920772096,万一西医本来继承的是黄帝外径那乐子就大了，岐伯万一就是那个希波克拉底岂不更可怕，很好奇当年恩基作为蛇族老大到底传了什么功法和理论下来,2474.618,1708473451,2bc7f25d
1523114759841384448,先生大义,2220.415,1708660628,db9cfae7
1523126538688596992,橙汁还是纯水,2313.98,1708662032,caf65355
1523127209450338816,地上对应马斯洛需求前两层，天对应后三层,2330.991,1708662112,caf65355
1525636257588286464,按摩！！！！,2448.508,1708961214,c53b682b
1528241822726842368,信念生物学,2263.622,1709271821,67438bf5
1529109935458407680,因为不到的时候没惊喜 你记不住 只有曹操到了 有惊喜 你记住了,2178.542,1709375309,b2446d3b
1529110732233364480,你意识紧张了 身体一系列物理化学反应 给你留下了太多应力,2273.522,1709375404,b2446d3b
1529112483883823616,但你的意识会干扰这种修复运动 天长日久 应力积累 你修复不了,2482.358,1709375612,b2446d3b
1534725077554193920,疗愈我们的，永远是自己的内在,2271.099,1710044686,62081682
1539356874623708928,睡的好，第二天精神抖擞心情自然就好，所以认为自己健康，重点在开心快乐,2335.221,1710596839,bfc60bba
1548194627050484736,那这个流行性病毒怎么解释呢,2357.649,1711650381,1d7ce053
1548737409313900288,针灸和点穴！,2457.962,1711715086,cc4815cd
1548993516074816768,针灸穴位？,2464.159,1711745616,6a29f185
1550050407584231168,把他理解成状态就行了，科学也是一种状态。,2376.561,1711871607,ccb411bd
1551006195068880640,我曾把气壁离体外，，还发出了影响世界的声音噗噗,2375.778,1711985546,f522bbb6
1555121621273371136,因为电的手疼,2473.939,1712476143,ea11837c
1565496225019493120,西医无法治疗检测不出原因的病症，但中医却能从不同角度解释并治愈,2218.107,1713712892,db9fdcf0
1571601289748546816,分形，局部是整体和自己的可变参数，万花筒,2504.482,1714440673,21037bc0
1573351739003034624,爽,2252.579,1714649343,336113a1
1573352303841283328,三魂七魄,2315.899,1714649410,336113a1
1573352830830809344,穴位,2374.619,1714649473,336113a1
1573353742068092672,任督二脉,2456.859,1714649581,336113a1
1578362787087190528,天魔入侵意识,2212.663,1715246706,d607362e
1579291454101486848,吸引力法则,2176.759,1715357412,ee107ec5
1580492236670840064,针灸,2507.608,1715500556,cfe44174
1582387350733290240,nonono，是玄学,2264.528,1715726471,19d5eff4
1590230282005697024,描述的很准确啊,2206.25,1716661422,32e70d68
1590232687867065344,这类人的意识程度较高,2296.406,1716661708,32e70d68
1590234558584909056,针灸的原理,2452.39,1716661931,32e70d68
1605835904344478464,足疗必须入医保,2518.927,1718521757,9969ad27
1626647873456418816,双系统是吧,2310.978,1721002737,8dd59655
1629547859357964288,在陕西上学时，跑遍各大医院一年都治不好的过敏，被一个小镇的中医14副中药治好了,2341.119,1721348442,29760c94
1650116862052451072,先天体质差,2285.144,1723800458,2562f491
1650261338385420800,阿赖耶识,2391.787,1723817681,a2dbbf2a
1682133631210146048,？？,2169.502,1727617155,46c0c30d
1682136044864119808,……这个所谓“先兆”用中医更好解释,2414.885,1727617442,46c0c30d
1784896564435635712,手术治不了疾病，只是切掉病坏的组织，最终战胜疾病还是靠自身免疫力,2269.278,1739867451,9cb0fde9
1786987271728803072,为什么那么多人总认为一切理所当然呢？你身体有问题，你第一想法是啥？,2446.361,1740116683,5486f4a0
1830415254694682880,这个就像很多人挠痒痒明明挠左手结果连带着身上一个地方也痒痒,2511.665,1745293702,16af4bf5
1862541813677282816,真相：活得百岁以上的人体内不是没有癌症，而是没有去过度处理，或者根本不知道。,2259.253,1749123486,fa202f09
1903035108337248768,嗯嗯，所以说科学一点是优于玄学的，所谓玄学，就是你没办法证明真，所谓科学是你要想办法证伪。恕我无才，看不出孰高孰低。,2433.468,1753950663,bd550466
,,0.0,1775655591.4716349,
lb.c,,0.0,1775655591.4716349,
,,0.0,1775655591.4716349,
1510952832432415488,经络,2577.363,1707210813,da322836
1510991273237134336,此处需要二舅,2787.883,1707215396,e61716b0
1511219917113070592,逐渐忘记标题,2540.273,1707242652,cd48e03d
1511241564939450880,也有观点认为量子坍缩是应为受到了外界的干扰，干扰源和意识没关系，比如一个光子,2647.722,1707245233,ad5cbc3e
1511250899723715072,质的变幻,2604.981,1707246346,99d607ef
1511251694502139648,有时候分不清是意识还是欲望或是意志,2699.741,1707246440,99d607ef
1511252858329573632,锻刀赛，奥德彪,2838.509,1707246579,99d607ef
1511489279375808768,集体潜意识是不是就是宗教里面的神,2696.952,1707274763,7a0bddcc
1511539839638453248,问题是双缝实验并不是意识干涉物质，只是对应的观测行为导致了结果不同，就像人眼观测万物只是万物把光反射进人眼而已,2598.026,1707280790,2b0a5cad
1511543098244037120,内观,2829.376,1707281178,2bd59f90
1511563184681708288,是承合,2523.182,1707283573,b98c9fb3
1511573785415964416,心理作用确实在起作用....现有科学体系认知下，确实离谱了,2616.921,1707284837,933259ff
1511574982160060416,看到这想起了我朋友总说的“有些东西的意思，只有在特定的语言下，才能不变形的完整表达出来，翻译成别的语言，就不是原本的东西了”，虽然他调侃的是网络河蟹,2683.356,1707284979,933259ff
1511633916526979840,进击的巨人-路,2675.093,1707292005,50d5c8b
1511780150743128320,催化剂是参与反应的,2548.702,1707309437,1eda1f81
1511852761502107648,这里可能指：被屠宰分割后的牛肉块的肌肉还能正常颤动,2847.467,1707318093,16cebda2
1512029021372691200,低于标准线的拉上去高于标准线的误导下去结局早已注定,2860.137,1707339105,3b533936
1512214670243791360,炼神返虚、,2769.67,1707361236,749823ac
1512214775856221440,炼虚合道,2782.265,1707361249,749823ac
1512247837205778176,或许养生主本来就是一个词，他有一个单独的意思,2728.225,1707365190,4000cde6
1512265698607546368,都对，文言文言简意赅,2710.272,1707367319,6df0c1d6
1512897040949031168,假说不能验证，就有点伪科学了,2559.982,1707442581,1c12d50
1512988025402061568,“名可名，非恒名”,2630.507,1707453427,bf7bf192
1514006800888858368,经脉,2527.311,1707574875,92e7c78e
1514008915740832768,催化剂很多种类的，有参与后还原型的，也有不参反应与只影响的,2559.507,1707575127,92e7c78e
1514065585376442880,不是推向玄学，而是曾经以为是玄学的现象有了能以科学理解的可能,2635.15,1707581882,2e37a580
1514637225634528256,庖丁·：舍不得刀,2834.589,1707650027,c4510bcb
1514643111123638016,维特斯根坦：语言的边界...,2698.257,1707650729,608c8027
1515917648968501760,玄之又玄众妙之门,2657.089,1707802665,38e0cfa7
1517587125145587968,要是长期催眠自己会怎么样,2725.298,1708001683,88fbb66
1517675852157326336,读金刚经,2672.59,1708012260,a9fcc626
1519780859342057216,感受到过，甚至知道是什么。但是害怕接触。,2665.365,1708263196,58acec7
1520469782808481536,道可道非常道,2629.481,1708345322,d762be28
1520627791895512064,我更赞同三个分开,2718.688,1708364158,5b4e526d
1521023430105978880,哈哈哈，前面的,2563.92,1708411322,b553b98a
1521547084388373504,克苏鲁了起来,2745.87,1708473746,2bc7f25d
1522708604589951232,是哪个意识在观测,2595.771,1708612210,164ded48
1523734953245245696,哈哈前面的，你是真信教科书上说的呀，参与反应本身就存在问题，能量一定会变的，也就是量,2552.856,1708734561,d8b5495b
1524372883437014528,人体有按钮，按下去就能触发某种联动,2562.916,1708810608,3e145f2f
1527738967150391040,性命双修,2796.143,1709211876,70a57111
1529115662369318912,都是要么一念正确的引起于正确的道路上让身体有序 要么就是无思像睡觉一样,2861.229,1709375991,b2446d3b
1530385645233783040,还有物理学,2572.795,1709527385,5ebf297f
1530387079006374400,练气,2743.662,1709527556,5ebf297f
1530388143193323264,"蚯蚓,壁虎断尾求生",2870.574,1709527683,5ebf297f
1532534714815294208,所有宗教的最高层都完整的说明了只是你不懂,2675.576,1709783574,a5469906
1534890321371221248,催化剂就是相信的力量,2561.12,1710064384,62081682
1547839603913129984,汉尼拔：庖丁解人？,2866.091,1711608059,2924f963
1565343465338884096,我悟了！随心所欲！想睡就睡，不行起床就不起床！工作爱谁干谁干，老子不爽，啥也不干,2865.521,1713694682,a097799c
1572567091251712256,养生=主；逍遥=游,2769.161,1714555805,372c8582
1590239059560099584,名可名，非恒名也,2630.965,1716662468,32e70d68
1590239493980714240,人的天赋差异,2665.61,1716662520,32e70d68
1590240603575560448,易经中的物极必反,2765.451,1716662652,32e70d68
1592060581706304768,啊，这个真没想到，有实证吗？,2560.711,1716879610,f9c33a0
1592061687744197376,大家好，我是新生代科玄家,2643.455,1716879742,f9c33a0
1594314014312289536,黄帝内经,2534.97,1717148240,10d4dc90
1616707099876686080,文惠君：解压短视频——庖丁解牛,2805.71,1719817704,67bcbd29
1626675886122125312,又回来了,2591.958,1721006076,5633d2a9
1631438955083855104,突然想起标题,2585.702,1721573878,21c7b3eb
1651791865642563072,有谁知道现在的背景音乐是什么吗？求求告诉我。,2643.134,1724000134,5f181478
1651794047494518272,AI识片酱,2699.113,1724000394,5f181478
1786991413704718848,分不清欲望意识的，修炼就是种方法,2714.281,1740117176,5486f4a0
1831179479373324544,早期解压小视频,2816.9,1745384804,b710be43
1831457109842711808,学音乐的人有体会，学音乐之前都是完整的听歌，学完以后现在都会无意中注意各个声部，很难完整的听了,2843.746,1745417900,dfe4b0fd
1862545145472995072,意识是其中一部分原因吧,2613.311,1749123883,fa202f09
2024269125094457856,我觉得是倒过来读,2729.341,1768402884,69b55d6
,,0.0,1775655591.4716349,
lb.c,,0.0,1775655591.4716349,
,,0.0,1775655591.4716349,
1510957622461777920,天魂,3128.676,1707211384,da322836
1511218571445973248,一个人不行的 量变才能引起质变,3198.341,1707242492,d42c8ad
1511230160643446528,阿卡西记录呗~,3238.541,1707243873,cd48e03d
1511530686627303424,NPC的集体AI啊,3237.649,1707279699,f170be36
1511568884010922240,是梦与愿望,3125.115,1707284252,b98c9fb3
1511570884618528512,是通灵的梦境,3206.23,1707284491,b98c9fb3
1511822907737834496,庄子：原来我时这么想的啊！,3134.221,1707314534,bda1f123
1512251072759342080,突然失去或者将情感带入了,3070.429,1707365576,4000cde6
1512252022500783360,灵光一闪，突然想到,3150.493,1707365689,4000cde6
1512252635288549376,其实是循序渐进，早有征兆，但大多数人无法察觉,3191.345,1707365762,4000cde6
1512253239452826112,那之前的猴子们为什么会开始蘸着海水吃呢,3230.319,1707365834,4000cde6
1512774213281604608,卧槽。混沌理论系统！！！！,3153.81,1707427939,8ed0c3de
1514016509931098624,你猜第一个发现螃蟹能吃的，到底怎么发现的？猴子又不傻,3209.326,1707576032,92e7c78e
1514073298105808384,迷因，或者说信息木马,3180.678,1707582802,2e37a580
1514583535271749888,第一只猴子受到启发后并做出的行动，是对猴子这个集体意识里编入了规则，从而改变了集体,3218.418,1707643627,c665640
1514639174123334656,自性,3026.532,1707650259,c4510bcb
1514640437590583296,更高的维度,3120.485,1707650410,81689b77
1514641035211329792,猴子阿卡西,3230.978,1707650481,c4510bcb
1514698547189152000,这里已经看不懂了。。。,2926.085,1707657337,9ffb6953
1514744780003978496,到这里就已经是我的认知极限了,2941.535,1707662849,9dd3ff7c
1514824981765295104,这BGM,2972.822,1707672409,e2780229
1515242570916536832,之前的是跟科学家学的,3233.369,1707722190,2562f491
1516890290877783552,火之意志,3111.925,1707918613,88702550
1518665084443254784,哎呦，不听了bgm太诡异,3049.544,1708130185,be292ef8
1518807268521512192,相信后人的智慧,3102.257,1708147135,f9adf723
1520316968576921600,应该是王浩，,3176.635,1708327105,3c73699e
1522419705653141504,形神俱秒，与道合真,3022.407,1708577771,be610f50
1523014509801892096,集体潜意识,3111.359,1708648677,1d21615c
1525945910948258816,传火,3093.569,1708998127,d2dd72c0
1526325358331251200,这里的理解就是形是个容器，而神就是被这个容器盛着的,2938.91,1709043361,f635abf2
1527744800521370112,薪火相传,3096.725,1709212572,70a57111
1527758035026471424,神能入石，神能飞形,2920.882,1709214149,62568114
1528889413248482048,传火黑魂,3116.323,1709349020,6f32af52
1530108341492489472,好困啊,3034.209,1709494328,5804464b
1534893210164506624,超体,2897.908,1710064729,62081682
1537580659072350720,想听妖怪篇,3181.802,1710385097,91e0a9c8
1544285120998244864,蝴蝶效应,3176.236,1711184332,384ddeeb
1544357386121272832,不会是共同意识吧,3095.67,1711192946,5783e517
1575480378784163840,信上帝,3134.598,1714903096,a388be22
1579708203527511552,问法官啊,3179.339,1715407092,36b4895d
1579948250130296320,精神,3090.485,1715435708,9b4ce596
1581621475461416704,这种背景音是什么，太喜欢了,3108.623,1715635172,de41b98e
1592064944445303808,你这CPU架构该优化了,2936.602,1716880130,f9c33a0
1592066053209484544,你也许不能创造自己，但至少可以改造自己，能不能创造也不一定,2998.077,1716880263,f9c33a0
1592067141253920768,我在乎的这一个失去了，我还不能难过？,3084.918,1716880392,f9c33a0
1596308833918038528,我还是会扶的,3164.151,1717386041,50e7d22
1606223054693128192,胖猫,3160.501,1718567909,daf8c946
1623418737971474432,昆山龙哥,3189.659,1720617794,db4ca287
1631442855685806336,大圣灵,3123.419,1721574343,21c7b3eb
1786995063336434432,如果潜意识是真的，那么人类身体的共生微观生物的集体潜意识是不是就是人类意识的温床？,3025.581,1740117611,5486f4a0
1806748969587135744,陀，你不是一个合格的科学家，但是，你是一个好心理医生！！！！,3076.512,1742472461,e9102dea
1916164431202230528,进击的巨人。,3222.153,1755515800,a8280c73
,,0.0,1775655591.4716349,
lb.c,,0.0,1775655591.4716349,
,,0.0,1775655591.4716349,
1510971530572945408,病毒也是,3260.161,1707213042,68adfe97
1510983347998903808,所以为什么说公众人物说话和行为是有影响力的。。,3271.184,1707214451,5344860d
1511047425832659456,虚空终端,3240.373,1707222090,8327211f
1511152281444385536,这个进度条够带劲,3267.0,1707234589,c82172ab
1511578410852420352,吃过,3323.709,1707285388,b98c9fb3
1511680385774603008,呜呜呜呜呜,3381.092,1707297544,350b71bd
1511864251613163520,好赞！！！已三连！！,3375.957,1707319463,a151a368
1511912731333112064,尼古拉特斯拉,3242.059,1707325242,e77b4efc
1512209128251316224,国之大事，唯戎唯祭,3343.927,1707360575,3d3ac38c
1512361484406102784,我说：看过这个视频的人都很快财富自由,3374.202,1707378738,c811e88f
1512905877231943168,如果可以，我请求我父亲的病症可以通过中医治好，不需要手术化疗,3385.38,1707443634,96c0ea62
1514017550168926720,这个叫榜样~,3263.867,1707576156,92e7c78e
1514052802664623104,巨人里也是这麽说的,3250.246,1707580358,8b405922
1514074494271267840,榜样,3250.657,1707582944,2e37a580
1514426217699705088,"随众生心,应所知量,循业发现",3338.047,1707624873,552666d8
1514467136347857152,传播学,3252.723,1707629751,fdae21aa
1514585089571321600,本质如up所讲，表观来看，是个体与其他体的互相影响,3257.288,1707643812,c665640
1514586357778151424,意识能向上编辑规则，从而让其他个体受到影响。,3375.288,1707643963,c665640
1515244400329096192,终于回到标题,3352.533,1707722408,2562f491
1515245365908168192,会，我赞美一个人，对方就会开心,3371.569,1707722523,2562f491
1515327875191339520,每个生物，即使不是生物也都有自己的编码程序，找到合适的接口，输入各种形式的命令就会产生各种光怪陆离的结果。。。,3381.143,1707732359,1ffbc1b5
1515820269367795712,言出法随,3371.896,1707791057,776bda24
1516768920881824512,我很有钱我会很有钱,3387.47,1707904145,70fd3c54
1516954469592933632,但是呢，很可惜，天地不仁以万物为刍狗，物质宇宙也不会因人的想法而转动,3336.001,1707926264,8384b083
1517633712840660224,真的已经三连了，你已经言出法随了,3390.09,1708007236,1733fcea
1518174832104131072,闭口禅开口定乾坤,3371.615,1708071743,8efd754e
1522714113464572160,阿卡西记录,3252.427,1708612867,164ded48
1522755371783948800,相信相信的力量,3370.14,1708617786,e361d6e7
1523774884663086848,不是八级大狂风吗？,3328.519,1708739321,66fc55c1
1525948176568456704,其实我也觉得我能影响天气,3349.825,1708998398,d2dd72c0
1526329365493732096,拉马努金,3246.818,1709043839,f635abf2
1527761067525454080,君子之德风，小人之德草,3264.903,1709214511,62568114
1528252348273969408,←前面发这个弹幕的，回旋镖在等着你,3334.468,1709273076,67438bf5
1528302863489519616,董仲舒的天人感应。。。,3335.263,1709279098,eb692ff6
1529666599341484032,岛上没有番薯，科学家带的,3240.346,1709441668,3c7337bc
1529668256988820992,首先得找到输入代码的入口,3366.077,1709441866,3c7337bc
1531277046981185792,原神，拯救世界,3377.201,1709633648,7039cd78
1532749734215975936,能影响天气？那不是萧敬腾吗？,3335.762,1709809206,a48a250c
1548578720279697920,关键小人物,3375.09,1711696169,c2ebb559
1561767342860648960,上传到云平台了，全人类的意识都在训练同一个AI模型,3240.735,1713268375,43544b2e
1579709736914476800,人定胜天,3362.094,1715407275,36b4895d
1592069102250627584,反正预知梦我确实做过,3243.288,1716880626,f9c33a0
1592069806364986880,罪己诏？,3318.523,1716880710,f9c33a0
1592070266757056768,所以萧雨神是怎么影响天气的？,3344.159,1716880765,f9c33a0
1606399670735766016,同样适用于所有宗教、政治,3277.292,1718588963,726a651a
1608730598024060416,终于绕回来了，哈哈づ♡ど,3350.983,1718866831,92bbae6d
1837860283956193536,刚开始说什么来着？咒语,3369.517,1746181218,eb39c167
1862551286277790976,媒体,3273.964,1749124615,fa202f09
1916166274984708352,等等，这不是董仲舒的天人感应吗？,3313.709,1755516020,a8280c73
1916166598281445376,这不是天人感应吗？,3285.004,1755516058,a8280c73
,,0.0,1775655591.4716349,
lb.c,,0.0,1775655591.4716349,
,,0.0,1775655591.4716349,
1510893569358271232,第一第一,1.699,1707203748,cde4d87e
1510899902287393024,因为翻译的过程信息会有误差,326.337,1707204503,18041a7d
1510909908177375488,大吹法螺，大敲法鼓,139.426,1707205696,6701cdaf
1510910844496804096,咒语：钵钵鸡 钵啊钵钵鸡 一元一串的钵钵鸡,264.042,1707205808,a2d527c6
1510919025335687680,角度新奇，有想法，尚,30.832,1707206783,68222e04
1510930884453687552,终于更新了,16.979,1707208197,520a78cf
1510950755354440448,临兵斗者皆烈阵在前,56.422,1707210566,7ab67633
1510958798544962048,传播的都是怎么分红，知识垄断和解释权垄断是宗教发展的重要手段,322.894,1707211524,68222e04
1511034478041378304,如果宗教失去神秘性，被彻底解构，那会彻底沦为娱乐产品，甚至被遗忘,316.877,1707220546,9f3bfdff
1511181262969388544,好家伙，这时长老夫相当满意,4.106,1707238044,cd48e03d
1511182539002482176,阿达瓦卡达哇,80.78,1707238196,c5b1b916
1511222906066129664,更新了,2.219,1707243008,2d45ce45
1511226942186302720,八利三藏,254.169,1707243490,925a8e
1511242451145711872,是临兵斗者皆阵组前行,60.751,1707245338,56542bc
1511243862948012288,呃稍微做个思想实验就知道了吧，两人用同一个咒语博弈，宇宙会让谁的生效？,48.369,1707245507,61765872
1511247346108166144,保持神秘性,324.439,1707245922,9ba24f69
1511269600958901504,起源于远古的傩戏吧，只是语言到后面音调之类的变了,229.695,1707248575,9a4d5722
1511286993429352448,傩戏？,195.086,1707250648,40e8b606
1511371366191285504,一本老书，魔界英雄传,56.191,1707260706,d7472b31
1511371955406711296,宗教、民俗需要权威啊，和普通人分开,332.559,1707260777,a03619e9
1511443430792994816,读作频率,50.419,1707269297,f170be36
1511449130046897920,ai是语音是ai服务人。所以按这个逻辑理解 咒语就是人服务神，而不是神服务人。,39.02,1707269976,c9088b35
1511456406702981888,欢乐豆效应,18.499,1707270844,9a409ed0
1511458951899097600,唵蓝净法界，乾元亨利贞,57.505,1707271147,935d4258
1511460489002457856,嘛哩嘛哩哄,115.187,1707271331,f79d57f0
1511461124523224064,巴啦啦小魔仙沙拉沙罗全身变~,122.181,1707271406,f79d57f0
1511464619930060288,大威天龙，般若妈妈哄！,123.144,1707271823,2694a6a3
1511484128527372544,盂兰神功,201.216,1707274149,b5a2bfa6
1511493372387584768,酆都,186.259,1707275251,aef8af5a
1511501312163094528,六字大明咒,65.699,1707276197,3c847720
1511518557304159744,但是指定语言可以掌握解释权，你传播了但是不听我的，那有什么用,321.567,1707278253,5eea56d8
1511520194298916352,惠州人冒头,133.131,1707278448,f388d0d7
1511530496667056128,奇术师,38.359,1707279676,9f798b2
1511539736383475456,背景音乐很好听,238.293,1707280778,e98af137
1511542792294497792,电的载，言的流音的体！！！~,92.155,1707281142,b98c9fb3
1511568683934632192,太平歌词,176.762,1707284228,dccf1241
1511634527880466688,嗯，用山东话来读论语对吧？！,303.511,1707292078,d9096a03
1511682304282562304,细思极恐,65.85,1707297773,e7a6fc0
1511691840704061440,这根本不是悖论，宗教信仰可以共享，但宗教解释权不能，用这些与众生不同的语言是刻意为之,314.645,1707298910,10fe7ea0
1511767484339176448,你要弄清楚什么是咒 在从你的语来研究,107.255,1707307927,c04d39b0
1511770286520144384,但咒语往往需要支付代价,42.49,1707308261,3e66d107
1511813234556941056,普罗米修斯！！！,263.753,1707313381,a151a368
1511845043487872768,我们称为：指令【狗头】,102.28,1707317173,8872ac8b
1511858711323561472,一切都会好起来的,9.076,1707318802,f57b51b5
1511865453088102912,其实就是呼出控制台输入权限内的命令而已,68.929,1707319606,de100637
1511902250002346752,日落西山呐～～～～～ 日落西山黑了天,180.056,1707323993,fe023968
1511930684984525312,殄文,153.507,1707327382,4024beb
1511982163430892032,涟漪到一定程度要么忽视要么被摧毁,76.168,1707333519,3b533936
1512199663267418368,异世界舅舅？,279.895,1707359447,668f1692
1512239974622197504,说不定咒语就是神鬼的语言,29.139,1707364253,cfd7ca0d
1512317236235702272,老法师啦。,154.589,1707373463,ac63fe8e
1512342985545859840,往生咒的话历史不会超过两千年,99.669,1707376532,ec1e650d
1512350557044727040,就连网庙上吹的不靠神仙的道教也是不受箓不拜师无法入道,325.259,1707377435,ec1e650d
1512385944664624896,真语音系统？,300.179,1707381653,85182cf1
1512396870666703616,是的，在河南搭台唱戏，只要开始了，哪怕没人看了，也要唱结束，因为还有鬼神要看,200.4,1707382956,e490b69f
1512401437198811648,前排提醒，这视频不是讲神秘学和民俗，也不是讲符号学人类学的，纯纯的地摊文未解之谜系列,0.0,1707383500,ec1e650d
1512411536671438080,配的视频太烂，为什么不用倩女幽魂里的夺命梵音？？！,65.249,1707384704,df179fd2
1512412001694205696,古代佛经没有文字，都是口口相传。分组背诵互为备份，防止荒腔走板。,130.443,1707384760,218bc651
1512413195863024640,戏曲规矩：一旦开唱就必须唱完，就算没有人听，也会有鬼神在听。,187.237,1707384902,218bc651
1512470663531772416,商博良也不能翻译吗？,254.691,1707391753,2192b47c
1512575622239711744,汽车人变形出发!,34.061,1707404265,1c876ed5
1512675556465262080,爷爷，你关注的up主更新了,0.053,1707416178,e6b1cced
1512800259246878720,雅语？,188.839,1707431044,22a12544
1512835991520727552,加油加油加油,49.519,1707435303,e2e36116
1512878834314398720,急急如律令,116.139,1707440411,ac66a05
1513407398424177664,咒语是古代文明在集体潜意识上构造的系统操作语言 辅助你用神识力共振现实,50.326,1707503420,bb2b695c
1513519125832521216,我知道了，来念，大威天龙,271.527,1707516739,8471b486
1513825907696042240,世界的本质就是震动,35.041,1707553310,97783db7
1513854484185655040,吃葡萄不吐葡萄皮,140.116,1707556717,d2d434c9
1513867228041500928,咒语很管用的，楞严咒大悲咒超管用，,79.791,1707558236,92141b11
1513869470635296768,楞严咒很厉害,124.271,1707558504,92141b11
1513869954716362240,太极腔,181.873,1707558561,92141b11
1513870167694691072,符合太极转动的腔调,207.251,1707558587,92141b11
1513875250914631936,哈嘛噼,256.295,1707559193,697c73c5
1514040566067789056,失传的语言,231.848,1707578900,2e37a580
1514042597747022336,传播的不是教义，而是以神秘把控对神言宗教的释义权，进而掌控教徒思想,318.305,1707579142,2e37a580
1514082080827877632,有句话叫做末法时代，咒语可能就是可以震动那些魔法元素的发音。越大的法术就是需要越多的魔法元素加入,159.257,1707583849,1d9e85c9
1514199858108791040,背景这个场景和美女好美好精致,97.689,1707597889,543b1b52
1514355957059465728,言灵,83.299,1707616497,b1181568
1514357118193747456,包饺砸！,221.677,1707616636,b1181568
1515017413597801984,玛卡巴卡,5.733,1707695349,65bbde51
1515075022790625536,港片能作为参考？？？,193.326,1707702217,19d790a7
1515323257966851840,龙族,33.379,1707731809,2a0baa1e
1515352156562250752,天猫精灵。开空调,86.414,1707735254,651def2b
1515858433734178048,不是讲究天人感应吗？我认为因该注重感应。,283.302,1707795606,38b7cd34
1515967506836537344,代码也是咒文←_←,144.937,1707808609,a1427164
1516076378326696448,纳米机器人就是魔法元素,168.409,1707821587,78fb5fc8
1516259650881020928,我认为一定不会是种真正的语言，或者说一定没有规律,11.119,1707843435,c9cb581b
1516599242444146176,这些咒语可能是调整自己能量的一种技巧，但是前提是对自身能量有认知，现在已失传了,121.64,1707883918,be0efab2
1517403587184422144,我知道，同伴加压耗时3防夜袭，是神秘交谈,276.082,1707979803,e63ec77b
1517533032255605248,恐怖的时长,9.17,1707995234,d8d03db0
1518137113181289216,陀螺么,9.807,1708067246,7fb60ea5
1518947474113374464,不算什么新想法，我小学时就在很多科普科幻书籍中见过了,34.415,1708163849,8d99378e
1518975570909053440,这些是谜因或者说是模因,88.047,1708167198,8d99378e
1518988018554381824,索绪尔《普通语言学教程》,207.331,1708168682,8d99378e
1518990509333373696,有没有可能神不需要语言,334.629,1708168979,8d99378e
1519019224050573312,手机便是魔杖,65.464,1708172402,eb2d8318
1519077329471963392,斯人已逝,155.313,1708179329,5ae573e0
1519119575835716352,终于有人说这个了！,14.259,1708184365,852f32d4
1519176036183758848,咒语 密码？,158.411,1708191095,f8fa38dc
1519415599787310080,摩西摩西,333.508,1708219654,a5fd0f2a
1519616248227790080,外星语吗,248.364,1708243573,c67dfee9
1519674270610095104,6++++++,227.168,1708250490,3ed244f1
1519776711493963008,梵文,128.253,1708262702,cac1ea43
1520599627219771648,"Hey, Siri就是一句咒语",52.979,1708360801,62dea387
1520960370053912832,把这个换成语音识别就对味了 哈哈,285.435,1708403805,6c47009f
1521046991315212032,一人之下--巫妖  神格面具,189.927,1708414131,484718e1
1521313780892562432,计算机语言和程序验证,344.643,1708445935,73ad9a4c
1521828578877088256,什么亚空间,274.869,1708507303,3f564a18
1522141123278263296,讲好一个故事,84.475,1708544561,749148d6
1522245180462621696,有没可能是为了所谓神秘感，你不懂就觉得神奇而已，有可能经文只是说你吃了没之类的话,349.408,1708556966,c4f0a743
1522338742013231104,言出法随！,72.482,1708568119,d4df00e7
1522739676061328128,言出法随,96.474,1708615914,9242b9d5
1523493689731924992,南无阿弥陀佛,132.559,1708705800,ed3aa3fa
1523727651624210944,说不定就是外星人教了一半,313.746,1708733690,9accefd7
1524238675792495360,古语或者外语加上误读？,120.786,1708794609,eb9bb181
1524350810652467456,纳米机械可以实现的,73.747,1708807977,3e145f2f
1524871559263616000,这其实和人类的傲慢有关,322.405,1708870055,334b68cd
1524951088132848640,宇宙系统的cmd指令,36.891,1708879535,4506ee92
1525478414050475264,大家不要误会这里，只是为了解释咒语，是一种娱乐的方向。研究的并不是宗教的政治性,325.499,1708942397,b958d312
1525514254814519040,唱诗人,282.422,1708946670,b6955852
1525986563543289088,失落的史前科技？！,42.619,1709002974,ea787008
1525990164084938496,有没有一种可能翻译后会失真？知其意，却不能知其境,315.411,1709003403,ea787008
1526707221625564160,已经关闭了，神远古的时候为了调试留的GM接口而已,51.784,1709088883,ac9c7a53
1527043400309016064,真名,289.935,1709128958,f2719655
1527406274621540096,遇事不决，外星语言,254.434,1709172216,b5f326f3
1527518713752931072,阿瓦达啃大瓜！！！！,75.721,1709185620,acc807f1
1529578567409916928,惊！晴雅集？！,29.392,1709431174,43bd4e89
1529581902888364032,一种保持自我文化的方式而已,313.873,1709431571,662e91a1
1530203757764441344,神秘主义,333.339,1709505702,961f4073
1531427263931784704,菠萝菠萝蜜~~~,139.178,1709651556,d798ad0c
1531911304212702464,？？巴利三藏是原始佛教语言，记录不应该是原始佛经么？怎么会翻译不出来,245.83,1709709258,1b499427
1532035581700394752,梵文,233.951,1709724073,180c64e8
1533269809557922048,我们所有的念想都是咒语,70.357,1709871204,62081682
1542529958940243200,是的，有的看似是梗，其实有些力量在的,90.778,1710975100,32e70d68
1543111050709208832,桐人：system call,56.917,1711044372,1fa48e31
1544947092043549440,想起句话，科学的尽头是玄学,207.987,1711263245,3e3a2c80
1547095614930966784,其他语种的经文怎么呢,303.683,1711519369,e6a80cdd
1547958184134834176,这里还有个悖论，当一个种族发展了一个宗教。那么肯定是这个种族的宝贝,330.11,1711622195,e32b7191
1548159716230860800,这不是维护正统核心地位的需要吗？,316.706,1711646219,41484aff
1548278444176366080,怎么证明或者证伪,44.389,1711660373,aa9228fe
1548340582077118976,表音文字,253.179,1711667780,26c06ef
1548341319083226368,为了最终解释权,332.879,1711667868,26c06ef
1548698437929915648,拉莱耶语,233.375,1711710440,cc4815cd
1549523100742364416,伊卜拉沙~,235.001,1711808747,145aa409
1555920021157790720,我也会：“小爱同学，帮我开灯”,47.483,1712571320,a7828a4c
1578907644843075328,就是高维能量语，链接你和你的原神,77.328,1715311658,89a93e3c
1579045791392150016,是高哥特语和低哥特语的意思吗？,256.159,1715328126,efbe4fb1
1579600572553052928,一陀翔,19.0,1715394262,c2ffcf2b
1593186662605772544,想让咒语变成真，你必须从相反视角观测咒语的实施～,6.368,1717013850,d9f65bf6
1595352854670238464,古神语,279.125,1717272080,548c6421
1613232999364002560,以前人少,319.025,1719403559,e64c5464
1625946687002524416,宇宙的代码,40.819,1720919149,3d151d8e
1639155093452823296,小孩子灵性高,163.464,1722493714,3b877167
1657286574037113856,科仪 密咒,211.368,1724655155,257a1ebb
1671812029079470592,宇宙编程语言,348.506,1726386724,67547af9
1685437688540383232,还有宇宙语,256.42,1728011029,f2f5aee3
1693835141027384576,巫在古代是指可以沟通天地的人,173.132,1729012083,76537ad9
1710183110169744896,没错，只要戏台子搭起来，没人也要唱，因为有鬼神也再看,183.934,1730960913,9820c3cc
,,0.0,1775655591.4716349,
lb.c,,0.0,1775655591.4716349,
,,0.0,1775655591.4716349,
1510900560373553408,撞到真空容器壁之后能量引起了容器壁的形变和内能增加，也就是做了功,659.79,1707204582,b9f37c81
1510900651868260864,现象难道不是人规定出来的吗？,458.885,1707204593,b7253f15
1511025437420547840,这里bgm有人知道吗,518.722,1707219468,9039f3b4
1511030251256490240,这个有解释,449.298,1707220042,1555eca4
1511042247267934720,达摩是真实的历史人物啊，有记载的,360.85,1707221472,3d58d951
1511091314459339776,光音天,449.444,1707227322,4404adee
1511091935325041920,光音天,447.529,1707227396,4404adee
1511092919216725760,阿凡达团建,389.076,1707227513,165e8d50
1511105664078934784,真空中应该是没有物质媒介来共振,579.255,1707229032,ff133554
1511151090589253376,那么问题来了，神无所不能，为啥不啥语言都懂,402.783,1707234447,4653de3d
1511177058464783872,这个逻辑有问题，就算耶稣真的复活了，那后世的人都没见过又凭什么相信，那没见过的后人可以相信，没见过的前人就也可以相信,385.196,1707237543,a002bc65
1511180170973705728,阵法？,686.459,1707237914,6d8b995d
1511196360635076352,吊在板上的原因,581.869,1707239844,8e8a9411
1511282684226246912,相信神存在≠神真的存在。,394.928,1707250135,be6a4a57
1511337549380404736,相信相信的力量,406.35,1707256675,d23c6e91
1511344816028825856,这个应该是心理学。,421.01,1707257541,86ff93e9
1511444496154427392,啊，竟然有文献？,539.327,1707269424,57b0d9a5
1511492257423854848,是催眠学，不是心理学，在很多时候是超心理学的概念,516.282,1707275118,2a863fc8
1511508387635012608,现象不是人规定的，是人发现归纳总结的，无法复现没找到规律的就是神秘,468.904,1707277041,3e818a27
1511522047493633792,"祝由术算不算,听说确实有一定效果",428.512,1707278669,f0e5ceae
1511531083693425920,共振就是功放,624.337,1707279746,3291c759
1511536718556469248,可以理解为神灵C语言,509.384,1707280418,25a3a2fb
1511545975553024768,遇事不决，量子力学,497.303,1707281521,18d3d9b6
1511604753430393344,好像臭名昭著的水知道答案也提过类似的理论吧,656.368,1707288528,c0dcfb2c
1511628251397654528,耶稣也是真实的历史人物啊,364.559,1707291329,be83c184
1511695680824204032,曼陀罗,630.593,1707299368,2b4097c
1511698937155826944,声音不是消耗了能量才出现的？,477.243,1707299756,e274e0d6
1511868531464402176,灵能科技会引发亚空间天灾,434.039,1707319973,de100637
1511906428947239424,这种事是完全有可能的 但是距离神学 十亿八千万光年,522.151,1707324491,fe023968
1511907011250652928,真空不空 朋友,583.404,1707324560,fe023968
1511986773247507200,别迷信了，就算法翻译成同样的语言也是近似意和本意肯定有区别的，声音也分很多种，人与人听到也会有差别，这方面确实大家都不懂就看谁在那装，相信科学，拒绝迷信,411.888,1707334069,3b533936
1511992122906106624,只要别傲慢就很难迷信,487.448,1707334706,3b533936
1512399397458329600,逸散成熵了,482.04,1707383257,e490b69f
1512416070420826624,全国无论南北，都有一种去除喉咙鱼刺的祝由术。无法用现代理论解释，但真管用。,424.813,1707385245,218bc651
1512417522790590464,压点效应会产生电磁波，另一块同规格压电材料能够接收同频电磁辐射。,532.909,1707385418,218bc651
1512553623576776704,这太扯了,499.588,1707401642,3ff15c6
1512961307039537152,听音识曲,557.452,1707450242,3b054801
1513120392393488640,曼陀罗 荷鲁斯,627.43,1707469206,cb704783
1513607207155996928,祝由术,431.192,1707527239,4c09d4ff
1513712709210978816,千里传音,544.654,1707539816,51e24fc0
1514046186527756800,金花,637.486,1707579570,2e37a580
1514414867174400768,扯什么？的布罗伊物质波也是这个差不多的情景,506.264,1707623520,2610031c
1514810229593054464,有时候挺好使的,424.53,1707670651,7abc00a5
1515079558796536832,是语言就能承载,442.446,1707702757,19d790a7
1515889347617151232,言出法随,688.232,1707799292,38e0cfa7
1516074366621033728,有体验，比如快睡着半梦半醒间有时就会听到别人的说话声,510.885,1707821348,87b7cc89
1516142762431414528,巫医:我用的巫药是地塞米松,371.827,1707829501,7885fa40
1517231888501551872,能量在引起介质震动时就损耗了,667.08,1707959335,b02b4760
1519097112141709824,脉轮,632.163,1708181687,b79fb829
1519149031283219968,六字大明咒的“唵”字声波成像出来的就是一个坛城的模样,702.861,1708187876,b4116d28
1520413688194932736,只看结果，不看过程,434.976,1708338635,18f90f29
1521193655723901440,打电话不也是这样吗,543.23,1708431614,1afc700e
1521515294374641152,很多佛世界是以音声形式存在的就是这个意思，佛说法的音声响彻三千大千世界乃至无量无边世界却互不干扰，个人推测原理也是如此甚至更高端,646.222,1708469957,2bc7f25d
1521869830855307520,九龙化骨水,428.984,1708512221,5e5b832e
1522614177301480704,我都不知道我是從哪裡開始聽不懂的,680.949,1708600954,e5b3855e
1523056658296037376,虚拟世界么？,434.293,1708653702,11aee060
1523111823023342080,这也是因为有电场啊,525.467,1708660278,caf65355
1523399379279849984,真空量子涨落产生虚粒子，这些虚粒子可以震动传递声音,509.3,1708694557,e0aa4922
1523733545385058304,就像音乐会影响人的情绪或行为,589.669,1708734393,c0cf273f
1523896536491566336,神说要有钱，于是真的有了钱,407.087,1708753823,a623f050
1523921070451773184,直接操作底层代码的意思？,460.701,1708756748,bc3c5dc4
1524083323922976512,听不懂，但是爱听,547.719,1708776090,3238262a
1524151221777249792,我想到了催眠！,451.94,1708784184,31a50c5b
1524872064241377536,找个海妖，她们有语言插件,395.524,1708870115,4df1c005
1525795062360167424,如果是相同结构的设备，很有可能只是因为固有频率相同,579.875,1708980145,38db071e
1525895530184793856,魔术？,376.219,1708992122,2846fd25
1526905709101803520,源代码,625.148,1709112544,53713d10
1527805746459515904,可以用同一条鱼用火烧软 放水中喝下去就可以了 没试过 可以试试,428.36,1709219837,c3660b3b
1528746137987852032,抵抗重力我笑死,447.8,1709331941,b18ca3c3
1529391240104563712,真空没有空气啊，能量没法传递呗。,474.731,1709408843,acab398a
1529393029109376512,图案与物质形成未必有关联，结,685.81,1709409056,acab398a
1530561309647992576,原神，启动,440.699,1709548326,7039cd78
1530563428618802176,原神，拯救世界,685.059,1709548578,7039cd78
1535763481922828288,你好。地球人,502.126,1710168473,369f2308
1538300396295406080,当你相信神存在的时候，你无法分辨神不存在,400.555,1710470897,380fb161
1543391465777099264,太阳：那我走？,403.631,1711077800,e185455b
1543744512340334080,雷达？,682.265,1711119886,3ab4cc58
1545168316992144640,别着急反驳～人家都有资料的，又不是信口胡说。先看看中不？,522.289,1711289617,2a2f81cb
1547835726564081664,大型演唱会,392.023,1711607597,ef69e866
1548724242135296000,这不是共振，这是系统的耦合运动，不要望文生义,587.954,1711713516,5e86f2be
1550077398274505728,披着科幻外衣的外星非洲,415.033,1711874825,594a703a
1551541533415911424,画符？,697.612,1712049363,f686d65e
1551666175614980608,电子设备的声音和人体的一样吗,654.95,1712064222,af883166
1559681438692134144,频率,462.398,1713019716,1d73ca06
1565534952362303744,分形几何,688.766,1713717509,5db64ff1
1578153244038174464,非局域耦合机械振子的同步及奇异态,589.095,1715221727,4350c6ed
1582038471336594176,史前超级治愈机器人，通过语音交流借用,417.043,1715684882,97213204
1587104621032583424,突然串戏到了浮世叁千问233,549.603,1716288814,482d75e4
1589353646557061120,看到这个我立马想到了麦田圈的图案,681.825,1716556919,5931d69a
1605616503556794112,==没人说达摩是神吧？佛教从来说佛是开悟的人而已,401.019,1718495602,926fe657
1616096372220716544,那就是每个读音都与某种波共振，或组织成固定的波形组合，这样的波形组合就产生某种能量，达到一定强度就能影响能量场,475.339,1719744900,13b5d3c3
1616896630853157376,转化成内能了啊,473.553,1719840298,22286d56
1622573075915028992,逗猫棒,585.05,1720516983,72808daf
1623704623200179200,真空不真，即使太空，也是相对真空，不是绝对,499.219,1720651874,4c99fc82
1639981537342845184,总裁那里看过这段,603.241,1722592233,95e48e44
1655747505583124480,麦田怪圈,690.774,1724471683,b7d61015
1657054149197909760,所以皇帝学天人的音乐就是为了拯救当年的人,705.618,1724627447,bb2b695c
1684301329097158656,节拍器,580.965,1727875564,fea2e132
1707933810337497600,神“说”：要有“光”,450.231,1730692776,c87e78db
1786962726779324416,首先发出声音的东西你必须得给它一个定位，或是锚点，一切从它出发才有对错，或许这就是人类限制？,712.141,1740113757,5486f4a0
,,0.0,1775655591.4716349,
lb.c,,0.0,1775655591.4716349,
,,0.0,1775655591.4716349,
1510908556394966784,芭芭拉：治疗就交给我吧,914.772,1707205535,66b8a922
1510931899072224768,就算时空不连续，我们感受到的也是连续的。,1022.773,1707208318,de0d96f7
1510932180552081408,比如：眨眼补帧。视频一顿一顿的，可是在我们看来，就是连续的。,1024.733,1707208351,de0d96f7
1510932571318612736,卡顿，对于连续来说，通过对比，才有卡顿。,1026.053,1707208398,de0d96f7
1510939667150138880,细说深入,977.537,1707209244,6840d8d4
1511037968390157824,图穷匕见,773.855,1707220962,f2194801
1511107728758915584,这是波纹攻击,919.726,1707229278,ff133554
1511108334592237824,开始看不懂了,1019.318,1707229350,ff133554
1511115165905922560,我喜欢,775.271,1707230165,21836113
1511154999126838016,那如果光可以被力吸引或者退离呢。。。,810.518,1707234913,4653de3d
1511215457519212800,这个招数电影里的神婆经常用,949.238,1707242121,833e8924
1511244701272300544,法术：言出法随,847.578,1707245607,ddd5415e
1511440245227354368,时间是否存在都是个问题，讨论这个,865.197,1707268917,cb122b68
1511450399830701568,魔术大师,951.539,1707270128,c35938f7
1511467769114449152,万事不决，量子力学,1006.523,1707272198,5d76bd6e
1511492002686982912,其实是魔术而已,992.258,1707275087,1253f646
1511543661714979840,如果魔术能救一个濒死的人就好了,1003.873,1707281246,f0e5ceae
1511544817807974400,我还以为我屏幕上有蚂蚁！！！,960.27,1707281383,275bd317
1511551857225513984,？,956.623,1707282223,18d3d9b6
1511686273318952960,遇事不决 量子力学,999.821,1707298246,afd6932a
1511694476094334976,图穷匕见+1,789.081,1707299224,e7d94bb0
1511739552522725888,这不会是芭芭拉的原型吧,919.964,1707304598,68b8b69b
1511765376005291776,所以关键是理解共振的本质吗，共振为什么存在,720.256,1707307676,d3926e93
1511837427696720384,我的老师跟我们讲过很多这种，老老师懂的很多，都给我们讲，现在可能没老师知道了,969.57,1707316265,928db7c7
1511839115250015744,不是魔术，我那个老老师说，超自然跟化学物理学有关，不是假的，只是我们现在不懂,996.13,1707316466,928db7c7
1511872289778621440,"光不会被引力吸引,而是沿着空间最短的路径传播而已.所以黑洞是扰动空间而非拉扯光子",823.721,1707320421,de100637
1511937045143108608,因为观测了,1052.265,1707328140,54505dd5
1512001545351270912,众所周知宏观效应会有一个概率趋势这不就连起来了？不想卡bug也不是不可以,1026.596,1707335830,3b533936
1512232402234451712,有没有可能芭芭拉学过医学，打着巫医的旗号在实施专业手术？,996.828,1707363350,668f1692
1512476769406749184,噗，再见,981.123,1707392481,2192b47c
1512608267246103808,就象我们看动画片那样，动画片也不是连续的，只是我们觉得是连续的。,1031.334,1707408156,aaba05d6
1514049108397391616,这类魔术手法被揭秘过,954.314,1707579918,2e37a580
1514763847821686528,科学的尽头是神学,1067.514,1707665122,ec0293b2
1515115708605221120,不，相对论证明时空是变量,782.777,1707707067,9ba94f75
1515382011794174720,路西法,799.388,1707738813,8b55cc44
1516202209334213888,遇事不决量子力学,989.899,1707836588,8e9d9c30
1516399092161618688,有没有一种可能，一切只是场物质流动产生的变化,857.976,1707860058,e4ab6b8a
1516472943654308608,直到魔法揭秘开始播放,997.288,1707868862,dc228f33
1516934833941766144,主要就是，声音的能量太少了，除非是有放大器，或者类似引动雪崩一样的引子,846.614,1707923923,8384b083
1516941263289824512,说其他我还不一定熟，这个芭芭拉帕奇塔不久前我还看过揭秘,875.114,1707924690,8384b083
1519459610443232512,芭芭拉 冲鸭,875.621,1708224900,bdcd674a
1519521141822387200,法器？,863.309,1708232235,85109700
1519734356447349760,我记得有书说 唵 代表世间万物,745.784,1708257652,6e104b80
1520925161463963648,造神嘛，哪都一样,977.215,1708399607,39380461
1521520242915206656,黄帝外经到底什么内容啊,953.712,1708470547,2bc7f25d
1522305516666245888,芭芭拉冲呀！,901.502,1708564159,cfd4b043
1522600013229157888,你这个芭芭拉回复效果有点强,901.821,1708599265,afb33c7e
1523116779063697664,这就是芭芭拉原型吗,894.658,1708660869,caf65355
1523117225723492096,研究出来可是能“水”一篇论文的啊，怎么会有学者不感兴趣呢,921.75,1708660922,caf65355
1523826720631923968,所有的一切都是能量的互相干涉,868.615,1708745500,3c7337bc
1524834345603342592,遇事不决，量子力学,990.708,1708865619,2ecd090a
1525447203026720512,来困了..............,1051.074,1708938677,733e5dc3
1526071318246951680,那倒立行走是不是会活的久一点,839.812,1709013077,aec86728
1526213258074652160,就喜欢这句！,722.968,1709029998,a48a250c
1526215241627702272,芭芭拉冲鸭,932.186,1709030234,3fc86396
1528921959411564288,时空之王，命运道标,858.034,1709352900,f7ab0be
1529095836045338112,那是你念唵这类时 你的肌肉呼吸机都在随着你念这个字时有规律运动 按摩内脏,787.375,1709373628,b2446d3b
1529096324883104000,将无序混乱 通过振动变的重新有序，规律,845.558,1709373686,b2446d3b
1530200422705674496,我更倾向于时间是一把尺子 本来不存在只是为了让人类理解而造出来的工具 ,1065.539,1709505305,a5220fbb
1534711957620495616,因为思维是线性的,1034.803,1710043122,62081682
1543746423835697152,这么离谱？,910.195,1711120114,3ab4cc58
1546005639908824320,算了吧,907.089,1711389433,990cb761
1549518129745755904,苗医没病拿水,995.939,1711808155,ceb9f1ab
1551541810399105024,咒语就是用声音画符,730.627,1712049396,f686d65e
1551542719128959232,衰变，老化,838.951,1712049505,f686d65e
1562180038324307456,科学没有尽头。,1077.795,1713317572,59236c22
1577511418495228928,咒令：我，秦始皇，打钱！！！,886.446,1715145215,d59fe5b0
1578778053835180544,芭芭拉：演唱，开始！,890.933,1715296210,b897fdc1
1594020501347522304,黑客帝国,944.659,1717113251,10d4dc90
1615813523726791168,我每次睡不着就看他视频，一听就困，比安眠药管用,1041.055,1719711182,29578a32
1622577590823022080,幻影移形,1038.551,1720517521,72808daf
1639987416305571072,回调芭芭拉！,906.754,1722592934,95e48e44
1655797195032993536,湖北某个道教县的某个局长，就是被这种方式治疗的癌症，还拍了视频,957.966,1724477607,f85c634d
1682123295757073152,遇事不决，量子力学,986.771,1727615923,46c0c30d
1682123743473752832,缩地术！,1036.086,1727615976,46c0c30d
1693841864656055296,憨豆先生也干过类似的事,948.417,1729012885,76537ad9
1727377496854866432,读书时巴不得有这能力省下通勤,1036.921,1733010644,9d6fe986
1801466163009000448,高手啊,966.308,1741842701,705a891
1812420769691477504,怪不得蒙德城有个芭芭拉,992.077,1743148592,94749c01
1825597102567617536, 那光的散射呢？,816.808,1744719333,1a6d2728
1825599134908975616,电影中环节在他眼前上演，不敢想象他当时得震惊到什么程度,957.706,1744719575,1a6d2728
,,0.0,1775655591.4716349,
lb.c,,0.0,1775655591.4716349,
,,0.0,1775655591.4716349,
1510937110897690880,如果说是量子隧穿的话，概率极低，忽略不计。不如直接把射向他人的子弹，无伤遂穿到脑后。,1232.142,1707208939,de0d96f7
1510938654141682944,这难度，比空间传送还难,1249.191,1707209123,de0d96f7
1510941287778876160,言出法随？,1238.539,1707209437,520a78cf
1510960014297565440,有道理,1356.308,1707211669,73dbef55
1510973142066364672,我小时候经常混淆绿色和蓝色,1337.774,1707213234,2eb64d21
1511086203624329984,有合理解释了,1302.605,1707226712,903d032f
1511164230840225536,集体潜意识,1433.111,1707236014,4b967118
1511215250052352256,狼孩的故事如果是真的，那么鸿蒙讲座的故事岂不是真的？传道是真的,1431.28,1707242096,b789a2e2
1511218110945282304,所以自旋到底是什么意思,1100.438,1707242437,ad5cbc3e
1511255395841472512,思想烙印.  ,1347.877,1707246882,b694ac7c
1511404765434047488,这不是道家学说，这是道教学说,1156.319,1707264688,925a8e
1511431593041043200,阿赖耶识,1436.598,1707267886,cdf28e6f
1511460786487543808,本来就没有时间，,1087.225,1707271366,af3bc664
1511478139933912064,有道理,1368.836,1707273435,7a0bddcc
1511516709016718080,阿赖耶,1437.162,1707278033,3e818a27
1511533126998994176,观测物质世界必会对物质世界造成扰动，也就是互动，所以在微观世界，所有观测均是与物质互动后的结果,1368.97,1707279990,2b0a5cad
1511534374871452416,陀一定是博士后，逻辑，章节环环相扣,1206.486,1707280138,62081682
1511536152619183104,这就是地球ol的规矩呀,1351.549,1707280350,baaac14b
1511592607808412416,我们的世界是虚拟的,1141.448,1707287080,6e468b55
1511730073613624064,意识冰山，水面上的冰山看似独立，下面却连成一片？,1434.891,1707303468,ed61d4d3
1511912129274695168,其实可以吃 你喜欢的话（用过的容易产生细菌 吃进去会生病）,1339.593,1707325170,d67e1d47
1512134764138867200,这点认同，在学校考试的时候，明明我自己不紧张，题感觉也不难，但就是脑子空白，不会思考，感觉自己的意识被别人影响了,1430.906,1707351710,95936744
1512240897428290560,五蕴,1348.701,1707364363,f7efa00d
1512262604377145344,假设空间本就在你只是在这空间里放了个烟花，接着烟花充斥整个空间并不断蔓延,1169.81,1707366950,6031d481
1512505554680108288,有些所谓的证明只是为了让事情变的合理,1411.255,1707395912,f49ebad4
1513928600649548288,懂了，太上老君是量子（bushi,1170.598,1707565552,1a1281fd
1514382712004454144,神学不为用，科技为用,1247.087,1707619687,26b4c7d7
1514692285949028608,这个突然出现，也许是奇点以外的更高维世界对它产生了什么影响,1165.973,1707656591,2562f491
1514708046239426560,因为人本身就在系统中,1295.196,1707658470,2562f491
1514710233921327104,绿色也可以叫green,1337.739,1707658730,2562f491
1514711110069364736,确实,1434.603,1707658835,2562f491
1516133256528101376,石头人是吧,1438.144,1707828368,eef05dc0
1519363206387544576,时间和空间是连续的吗,1312.594,1708213408,89704736
1519643780385783040,地球不就在自旋吗,1103.687,1708246855,9c248688
1521295412676657408,？？？,1192.427,1708443745,1892977d
1521523478031927808,所以各大正教都重视语言的作用，圣经里丈夫可以否掉妻子的发愿，佛教和道教都说言语能召来福祸就是这意思,1231.27,1708470932,2bc7f25d
1522116546367880448,这可以假设并不是不教，而是教不了，或者不知道怎么把这种共振甚至说同频的展示给我们，甚至这个可以理解为天赋说的夸张点也就是超能力般是独有的，可以传承但不一定遇到差不多能遇到一个对师傅会咒语一样有天赋的,1267.781,1708541632,f4485a9e
1522694772203129600,所以世界就是像素组成的，根本不连续,1123.286,1708610561,164ded48
1522697891523916800,集体潜意识,1437.666,1708610933,164ded48
1525303812967995136,混元行意,1136.666,1708921583,48beeaa6
1526282993864606208,矩阵,1348.66,1709038311,1596239a
1526913926909220608,真言咒,1234.346,1709113524,53713d10
1529101675288482560,一段振动同样是有序的 会改变无序 同样消除混乱的应力,1321.582,1709374324,b2446d3b
1529103192561254400,认知定义牢笼,1374.684,1709374505,b2446d3b
1535828119645251840,净土宗,1225.742,1710176179,a125d774
1539225571467521536,真空中各方向的力是相同的，但是空间被扭曲之后就会出现“引力”,1127.443,1710581186,9798cac3
1544269461069150720,薛定谔的猫,1332.189,1711182465,384ddeeb
1548355340456971520,为什么打死狼,1382.359,1711669540,26c06ef
1549858698313306624,一语成谶,1237.96,1711848754,6bfe7442
1550314692902376192,像不像一个游戏的世界，从仅有一个世界到加载各种内容的样子？,1156.541,1711903113,7991c86e
1554004188055479296,少数的听到一半，发现已经一句话都听不懂了的视频，世界真神奇,1123.397,1712342935,9cd415f0
1558134519037870080,AI开机了,1178.136,1712835309,569fb314
1579252691224311808,五蕴,1355.02,1715352791,36dd6ae7
1579800639058708992,假装自己能听懂。这是咒语的一部分。,1109.409,1715418111,1d5a13e1
1592047346571685888,普通人的意识、记忆太靠不住了,1339.163,1716878033,f9c33a0
1616905396319193856,《白发魔女传》,1392.275,1719841343,22286d56
1628290035444993792,其实是不确定原理,1291.341,1721198498,e9ae1482
1641605769663529728,言灵,1230.33,1722785857,885fe8e9
1650106204409803520,信则有，不信则无，是不是也是共振，相信才可以和对方同一频率才能感受到，不相信频率不对就什么都不会发生，所以同一个方法，有的人灵，有的人不灵,1249.341,1723799188,2562f491
1661697840449405952,开控制台了,1234.173,1725181019,766e2ccb
1688364293735441664,假的？这是有记录的，还被写入了教育心理学的,1406.421,1728359907,2852ec86
1801377511042126592,时间是人道的概念,1104.052,1741832133,bd550466
1801378425123447040,人类对游戏的开发与创造，像不像天道对人类社会的创造,1212.996,1741832242,bd550466
1806733657709799424,张祥前的《统一场理论》能解释这些现像吗？,1287.425,1742470635,e9102dea
1827140962385317888,你看名字也知道，原始既是原初开始,1133.215,1744903376,1e8ae9f6
1902998389101029120,来自于经验和集体定义,1348.111,1753946285,2f11bf61
,,0.0,1775655591.4716349,
lb.c,,0.0,1775655591.4716349,
,,0.0,1775655591.4716349,
1510906544102140160,这是否能证明一定程度上证明灵魂的存在？,1624.165,1707205295,b7253f15
1510910449561168640,这部分应该是荣格的集体潜意识理论,1440.31,1707205761,1492c5f6
1510914819380157184,是不是给乌龟养大我们也能长命百岁了,1482.1,1707206282,66b8a922
1510920275179427072,比如心里说谁，谁就会打喷嚏,1749.222,1707206932,f57edb10
1510935521063628032,少了云端的算力支持,1472.716,1707208750,fc3b5a83
1510938085855267072,我用在感应外卖员是否到门口了，突然身体本能去开门,1748.476,1707209055,fc3b5a83
1510939849174349568,最新研究，意识，滞后于行为。行为是明星，意识是行为的经纪人。先做，后记录，再修改，更新下一次的行为模式，然后无限循环,1611.618,1707209265,de0d96f7
1510940204163147520,观测者效应，只能说仅供参考,1639.328,1707209308,de0d96f7
1510941203993114112,开智,1688.672,1707209427,1175e65c
1510943420246570240,这是真实的,1483.775,1707209691,fb5a2a45
1510944543003220992,开悟,1713.61,1707209825,7414f425
1510961183887348992,因无所住而生其心,1706.063,1707211809,cf105ce1
1511035621878063616,乌龟那个没法验证，因为乌龟不是哺乳类不会养小孩,1485.194,1707220682,e81cc6
1511063764844415488,高维观测者,1482.859,1707224037,3d58d951
1511111395234618368,但是谁也不敢保证动物没有意识啊？,1506.329,1707229715,ff133554
1511209499552427264,全世界觉得世界是天堂，那么世界就会变成天堂？,1481.001,1707241410,be61b0c1
1511216834996027392,双胞胎？,1610.797,1707242285,b789a2e2
1511223146534047744,古希腊掌管某某的神（doge,1550.905,1707243037,ad5cbc3e
1511223961420548352,如数家珍,1623.444,1707243134,ad5cbc3e
1511228030968900864,应该有吧，比如幸存者偏差；你只记住了说曹操就到的情况，或者父母回家的时间是规律的，你的生物钟告诉了你，使你有所防备,1746.417,1707243619,ad5cbc3e
1511477452092956160,亚空间四小贩,1570.169,1707273353,7c4f903
1511495235413645056,共业,1629.976,1707275473,e6bdc74d
1511497316744741120,上帝,1497.298,1707275721,922862d0
1511508691051051264,阿赖耶识,1441.43,1707277077,aef8af5a
1511568011436567296,阿赖耶识,1692.985,1707284148,d2e363e1
1511621789049190912,凉宫春日的忧郁,1540.488,1707290559,c396cf1d
1511623568927411456,灵能者？,1602.063,1707290771,efbe4fb1
1511631995141424640,那么反过来是不是父母到家前会觉得你在看电视,1750.205,1707291776,c0dcfb2c
1511640842572549632,余光再广也广不到背后,1785.868,1707292830,be83c184
1511687451415241984,xia我一跳,1542.529,1707298387,b82e8d5b
1511708301216445696,提到荣格的集体潜意识，那就不得不提到他在中国看到的《太乙金华宗旨》，后来又翻译回来的的《金花的秘密了》,1735.111,1707300872,9d05f18f
1511795647848672768,悟道,1725.188,1707311285,22b0b17c
1511835804467800832,因为个人意识 改变不了 集体意识,1538.777,1707316072,12d7ee3c
1511842276740092928,【黑门】个体高度独立，目标高度一致,1574.604,1707316843,12d7ee3c
1511847891394797056,喧闹的教室里突然所有人都不说话了。。。。,1765.309,1707317513,32e883ab
1511851208367988480,这不就是佛学么,1697.612,1707317908,9a409ed0
1512144308310928896,答案很显然是能,1505.483,1707352848,a7dc3a93
1512507446907027200,未来人KFK说的2048年之后,1636.84,1707396138,f49ebad4
1512542422654299648,“小我，大我，无我”,1702.041,1707400307,9c484b9d
1513849460013352192,目光这个确实神奇，我从小就可以感知到后面有人看我,1790.395,1707556118,f3c434db
1514406144062621440,人生如梦 梦就是我 我就是梦,1687.096,1707622480,552666d8
1514627335700539648,膀光,1780.411,1707648848,c4510bcb
1515381706549783040,gumayusi,1584.18,1707738776,faace91f
1516918028389108480,神圣的卡拉链接这我们,1465.03,1707921920,999e69a0
1517597278641419520,是每个意识单位都储存了集体意识 是一个同系统中可以共享的系统,1572.941,1708002893,63d7d7da
1517666500956532480,阿赖耶识,1570.555,1708011145,a9fcc626
1518446959336199936,超心理學?,1652.517,1708104183,4d77aa7c
1518686839769391872,王阳明的心外无物？,1704.751,1708132779,b80c6dd6
1519156000530225152,本自具足,1738.358,1708188707,b4116d28
1519202762028528640,还有睡觉突然自然醒，下一秒家里人会上厕所，或者谁在外面开始吵，都有提前性,1742.498,1708194281,b4b0d916
1519465296652840704,我被监控了,1455.932,1708225578,bdcd674a
1519800696000798208,erf,1760.395,1708265561,3f86f535
1520216088720532736,人能常清静天地悉皆归,1715.183,1708315079,a950714f
1520302050620088832,阿赖耶？,1443.431,1708325327,3c73699e
1520317563220260352,我和老爸闻出饺子馅咸不咸 都没尝,1758.613,1708327176,4cbb01a9
1520611966702639104,量子层面的怎么检测？,1511.223,1708362272,5b4e526d
1520612472183090176,科学的尽头是神学,1557.242,1708362332,5b4e526d
1520613854860544000,我对信息的传播方式更感兴趣,1661.023,1708362497,5b4e526d
1520614712394699264,干掉意识，请潜意识接管,1729.544,1708362599,5b4e526d
1520616434609354240,潜意识也应该有一个特定的通道,1775.277,1708362804,5b4e526d
1521527782797361408,不然你以为各大教派的教祖们都是怎么拉人头的,1516.589,1708471446,2bc7f25d
1523572044858465792,光音天,1618.639,1708715141,64dba629
1523572161124859904,光音天,1628.666,1708715154,64dba629
1523572275033640192,光音天,1634.063,1708715168,64dba629
1523572371754514432,光音天,1573.019,1708715179,64dba629
1523747023587911168,吾心自足，不假外求,1711.148,1708736000,c0cf273f
1523816576254704128,人能常清静，天地悉皆归,1699.89,1708744291,82bd86f4
1526257160668196096,宇宙这破地方对我们来说太大了，对别人来说太小了，原子不到,1551.06,1709035231,812c45be
1526916016251444480,云空间,1477.227,1709113773,53713d10
1528515952529233920,背后看我我完全能感觉到,1791.179,1709304500,e10a7d61
1529106510876402176,不是的 心无或者空时 你的身体自愈能力因为没有意识干扰 而从混乱变的重新有序,1770.288,1709374900,b2446d3b
1530376323233619712,念力,1529.842,1709526274,5ebf297f
1534718542484718592,果然还是佛学最接近宇宙真相,1723.379,1710043907,62081682
1536894454429364736,格式塔,1458.951,1710303296,82c0412c
1544845675316129792,近朱者赤近墨者黑,1611.934,1711251155,8a1c28a0
1546345570111973120,神识传音,1624.429,1711429956,4c9bc43a
1547691396486664192,生物电,1787.056,1711590391,2f361cc9
1547828874304575488,感谢尊者,1716.918,1711606780,2924f963
1548014426916315392,量子纠缠,1441.439,1711628900,166ca231
1548417538671826432,有没有一种可能 因为是狼孩天天被展览 被折磨死的喃？,1459.171,1711676954,fa755f5a
1548563003577111552,阿根廷：这我们很懂,1732.447,1711694295,c2ebb559
1548730885837164800,亚空间竟遥遥领先,1563.0,1711714308,cc4815cd
1549298721945368064,战锤P都给我出来,1606.423,1711781999,b1be4194
1550142669161201920,所以一堆人许同一个愿望有可能成功？？！,1666.191,1711882606,426ba631
1550770763064439552,荣格是看太乙金华才写出这个东西的~道家核心,1735.942,1711957480,dd2809d
1555063178428207616,结婚十年后，就变成大智之人,1706.235,1712469176,d60f4f19
1558138007037515776,大圣灵,1585.527,1712835724,569fb314
1565316480193916928,阳明心学，不符合物质世界统治,1755.958,1713691465,a097799c
1578482733217387008,也许宇宙就是一台计算机,1495.132,1715261005,6a93eb7d
1579057566506747136,亚空间灵能,1573.999,1715329530,efbe4fb1
1579058387558354176,放个屏蔽灵能的设备就感应不到了,1631.979,1715329628,efbe4fb1
1579254921771946496,佛陀,1546.46,1715353057,36dd6ae7
1579256023708093184,心有灵犀一点通,1608.875,1715353188,36dd6ae7
1592049700339921920,看我用闪电光速拳打破这一切,1571.994,1716878313,f9c33a0
1612321553985591552,《黑科技》,1629.812,1719294906,a219ff4e
1625968406040107520,古希腊掌管意识,1554.605,1720921738,3d151d8e
1649055077350368768,给你个眼神，你理解一下,1636.409,1723673884,5aaf2537
1652352658549466368,灵觉,1641.621,1724066986,a16cb467
1661107407721556480,脑波可以散发，我之前在一次小区跑步的时候，想起了一首歌，但是我只开始发出一个音节，走在前面的人突然开始唱那个歌词了。,1604.769,1725110633,5d2d3a9
1682127693300132352,一直观测不累吗,1483.673,1727616447,46c0c30d
1701599915598113024,什么？个人意识？人从出生就在被环境塑造所谓个人意识大多只是环境结合以及自身思考的结果,1504.402,1729937717,dedb02ff
1701603790564615424,说的有理,1704.659,1729938178,dedb02ff
1783338091067602176,被重力束缚的灵魂,1524.8,1739681666,2c44889a
1783338729121912064,量子纠缠,1596.358,1739681742,2c44889a
1783339428169745152,元气弹,1675.578,1739681826,2c44889a
1786974265653554176,影响别人心理学上可以轻易做到,1504.76,1740115132,5486f4a0
1786975214421919232,心理学上一个人可以轻易做到影响别人，那么扩大一下，理论上可以影响世界，甚至物质不是不可以的！,1526.38,1740115245,5486f4a0
1786976220400488960,一个北海岸的猴子学会了用棍子，南海岸的猴子不久也会了用棍子,1592.42,1740115365,5486f4a0
1916143344204589824,进击的巨人是吧？,1622.518,1755513286,a8280c73
,,0.0,1775655591.4716349,
lb.c,,0.0,1775655591.4716349,
,,0.0,1775655591.4716349,
1510907383742748672,跑得很快，求生意识很强,1859.8,1707205395,b7253f15
1510918903147094528,他修炼了《太乙金华宗旨》,2023.924,1707206769,7de28024
1510991378388436224,借鉴了太乙金华宗旨,1837.888,1707215408,294d453
1511005315775364096,哈哈哈,1963.285,1707217070,927717c4
1511014668888519424,上帝之手,1918.028,1707218185,ca822b25
1511166440768539136,这个棋盘不对,2072.106,1707236277,4653de3d
1511371598396001024,有没有可能是来自DNA,1950.402,1707260734,7fac09c3
1511483614431370496,牛逼,2021.509,1707274087,7a0bddcc
1511485013181729024,如今的奇怪现象就是没有没有了封建迷信，而破除封建迷信的虽然不是科学，但是科学却已经快成为过去的封建迷信了，我们想看到一件事的源头的时候，就会可以加上所谓的科学,2130.976,1707274254,af3bc664
1511504705279391232,金花的秘密,1815.389,1707276602,a98acdbb
1511512530986694912,人活着就是为了结婚生子买楼买车,1866.718,1707277534,aef8af5a
1511559259358233600,是的,2055.246,1707283105,b98c9fb3
1511559430016283904,不是的,2075.589,1707283125,b98c9fb3
1511559759764321792,言的流,2114.893,1707283165,b98c9fb3
1511559948726130432,演的流音的体,2137.413,1707283187,b98c9fb3
1511560084688445696,言的流音的体,2153.621,1707283203,b98c9fb3
1511565634423857408,分不清~,1884.517,1707283865,933259ff
1511602383002993408,《周公解梦》,2037.176,1707288246,6ff793a8
1511624784738764544,某些时候也是知识水平决定的，夏虫不可语冰,2085.835,1707290916,50d5c8b
1511646783602726912,夏虫不可语冰是认知层面上的,2089.501,1707293539,be83c184
1511686028237673472,金花的秘密+1,1819.319,1707298217,a061f1a1
1512226107229853696,我认为，由于身体硬件相差不大，当思想到某一个峰值的时候，有可能会触发身体的某种开关，而引发现象,1877.869,1707362599,4000cde6
1512227452569843712,基因,1912.019,1707362760,4000cde6
1512227704295081216,基因希望存活、和延续的意志,1890.303,1707362790,4000cde6
1512236336088623360,或许曾经真的有魔法，因为人们认为世界上有魔法，现在没有魔法，是因为人们认为世界是科学的,2100.762,1707363819,4000cde6
1512239475148106496,人体，很奇妙吧！,2126.422,1707364193,27b83167
1512239655066593024,可是我在梦里是可以飞翔的,1994.485,1707364214,265b6271
1512362316396920064,好多次做梦都在飞，有时候觉得就算现实都能飞了,2001.879,1707378837,4220556d
1512364029216148480,其实有关联的,2134.299,1707379041,4220556d
1512480029035323904,鬼故事：进度条,1986.306,1707392869,65c077b4
1512511491256164608,就像那个著名的死囚实验，蒙上死囚的眼睛，在胳膊上滴水，但是告诉他是把手腕割破了，最后死囚死了,1998.61,1707396620,f49ebad4
1512758448813970688,……左和右的A和A以及左和右的B和B比较吗——相同,2073.468,1707426059,eb3ee6e6
1512924223243730432,说不同的吧图片保存下来吸取颜色画线就知道了,2080.35,1707445821,699e6f85
1514001847558388224,可我几乎记不得梦里的情形，甚至醒了后忘的很快,2013.071,1707574284,92e7c78e
1514629060230230784,共食性,1922.803,1707649054,c4510bcb
1515208208879558912,太乙金华宗旨,1820.396,1707718094,2562f491
1516831083335831808,曼德拉效应就是意识改变世界的例子,2115.96,1707911555,a0af2f4
1517339590636122880,一个人有个人意识，在群体中个体无意识,1856.843,1707972174,16f2bbca
1517340428742268160,基因表达的侵略和修改……,1922.122,1707972274,16f2bbca
1518340789556555008,这图不是著名的假图吗？,2076.051,1708091526,7bc7e17c
1518977214304181504,我用卫生纸遮住，亮度也是明显不同,2076.376,1708167394,7b4973e9
1519556650824935168,sOx的时候,1849.993,1708236468,bde99489
1519704264153583360,根本就不一样,1987.828,1708254065,c4176682
1519724956970561024,庄生晓梦迷蝴蝶,2000.801,1708256532,71375078
1520496850229345536,"我怎么彷佛听到哀乐的声音,,,",1958.693,1708348549,8d4759ff
1520618504934856704,你牛逼,1956.753,1708363051,5b4e526d
1520621387814055936,意识可以改变世界，方法、强度、时间,2113.674,1708363395,5b4e526d
1521535987929572352,乌合之众也说过这个事儿吧,1846.43,1708472424,2bc7f25d
1521537440450462976,一般来说治疗这种病的话求助巫医的多，以及，很多都是能量附体啥的就很能说明问题，总归是业力，负面能量集中在某几个人身上以之为祭品的话，守村人啥的就出现了,1900.246,1708472597,2bc7f25d
1521538643486181120,宗教里对梦境的解释更加合理而且能找到和现实显化的对应的特别多,1982.965,1708472740,2bc7f25d
1522429998416676096,我看过,2027.856,1708578998,1a2551f2
1522430086144580096,红叔，我是真的没有懂他的逻辑在哪里，因为确实讲了很多他的梦境，特别是二战的时候,2029.696,1708579008,1a2551f2
1522449276075153152,涂尔干的集体欢腾,1849.819,1708581296,2268529f
1522702111547525632,阿努纳奇,1914.388,1708611436,164ded48
1523066636838878720,《世界是一个巨大的人类补完计划》,1884.829,1708654891,ded02f3a
1524532962606070784,通过对比RGB发现，AB两点颜色是有明显差异的,2073.796,1708829691,22aa0f2b
1526036773640537600,人的动物性，也就是深层次潜意识占了肉体主导地位。人类受的教育是未了压制原始伤害性欲望，所以人性本恶？,1906.67,1709008959,5990b651
1526309394483435520,意识在我看来最大的作用是编码，而对我们行为做出决定的是潜意识，所以，我是意识在编码的时候形成的虚幻概念,1804.446,1709041458,f635abf2
1529108745760615680,中医精神病患烦躁的 是有身体热,2036.695,1709375167,b2446d3b
1529109335303665664,黑客的信息病毒会让硬件过载烧掉,2107.015,1709375237,b2446d3b
1530381264878675712,盗梦空间?,2050.537,1709526863,5ebf297f
1530381665493414912,"以前的日心说,地心说",2098.366,1709526911,5ebf297f
1534719463906337280,荣格就是星际宝宝,1822.664,1710044016,62081682
1539231689010641152,我们班级基本上看一眼就知道对方的情绪，而且，有时候我前桌甚至知道我在想什么,1801.193,1710581916,9798cac3
1539233523800655616,那是你要长高了,1999.187,1710582134,9798cac3
1543386100599866880,曼德拉效应,2122.645,1711077160,7b1896f7
1565315906044132608,佛学和道家比，差几个境界,1809.015,1713691397,a097799c
1573349828916924160,他有修炼,2032.259,1714649115,336113a1
1573350443558662912,太极,2102.099,1714649188,336113a1
1578361954559677440,有人尝试过AI解梦没？很有意思,2041.123,1715246607,d607362e
1590228868223436800,意识水平这词说的妙啊,2088.428,1716661253,32e70d68
1600658511925350656,我听懂了他在说什么。他说的没错,2052.81,1717904564,3080c9a7
1602239587080851712,看了东方的书 吕洞宾,1832.756,1718093042,69bea4b0
1624819953872344064,靠，颜色居然真的想通，具体看评论区,2075.46,1720784832,fe252aac
1649059446992731392,意识是不是种能量,2157.324,1723674405,5aaf2537
1657206902897253376,左右图不一样啊,2071.912,1724645657,bb2b695c
1786980775188154112,这点承认，多层意识观测的结果，总结的很好,2103.861,1740115908,5486f4a0
,,0.0,1775655591.4716349,
lb.c,,0.0,1775655591.4716349,
,,0.0,1775655591.4716349,
1510911112671956992,我们过于相信科学，认为他是真理了。这是否是一种固步自封？,2425.662,1707205840,b7253f15
1511043103258296832,免疫系统：啊对对对,2316.231,1707221574,2ab2c67e
1511044392453046528,从青城山下来的老中医让我感受到真实的炁,2355.993,1707221728,b35f19a4
1511116286984442880,不是抵抗力吗？,2322.185,1707230298,ff133554
1511235917728701440,←宗教神学等被认为与科学相对立的学科现在也被认为是人们对于无法用科学解释的现象的自我安慰,2429.827,1707244560,ad5cbc3e
1511272775527040768,好的中医实在太少 遇到是福气,2364.25,1707248953,dfbee101
1511487267166930432,针灸,2457.037,1707274523,7a0bddcc
1511488226815205888,最可怕的就是如今，已经脱离了所谓的封建迷信，可是我们脱离的真的是封建迷信吗，而且如今证明任何事情的时候一定要加一些有关科学的东西，这也是一种对科学的过度迷信吧,2424.626,1707274637,af3bc664
1511490249644360192,西医和中医还真不是有关联，这点我不认同，中医和西医文化上就是相反的，中医和西医不在一个维度上，一个年轻人发现了老者走过的路，你能硬说他们是有关联的吗，西方文化的弊端,2473.872,1707274878,af3bc664
1511491297306146304,在治疗过程之后，人开始认为自己会好起来？,2422.389,1707275003,85a4eac4
1511516174092251392,然而恰恰相反,2214.264,1707277969,aef8af5a
1511531146054523648,是的，上学的时候胃痉挛，当时生物老师，就用力掐我虎口，一点点的缓解了,2472.447,1707279754,2a157ba2
1511540666142896896,针灸：我TM来了,2449.592,1707280888,ac9066d7
1511560550700850688,是普洱的味我这,2209.157,1707283259,b98c9fb3
1511561083603974144,表象是化学的，本质是物理的。其实整体上化学是物理的宏观而已。,2394.803,1707283322,dc8b0e4a
1511562175272190720,是电脑制作的,2402.846,1707283453,b98c9fb3
1511562415010359808,电的载言的流音的体,2431.439,1707283481,b98c9fb3
1511616696140648192,有没有一种可能，人的思维就是高维生物思维在三维世界的投射,2233.578,1707289952,51f3e284
1511629591763218432,《金花的秘密》,2198.031,1707291489,50d5c8b
1511713660849069824,卧槽,2252.769,1707301511,9d05f18f
1511845184265346816,任何的任何，所有的所有，尽头都是易经。,2400.141,1707317190,2cb16c2f
1511848725457576960,每个个体意识都是高维意识的神经突触？,2239.216,1707317612,12d7ee3c
1512021031039366400,每一个字都看得懂，句意也知道但是深度不够就会产生一些别人一看就知道是错误的猜想,2435.828,1707338152,3b533936
1512219504078473472,S于新冠？,2246.511,1707361812,ad11dac3
1512243732911897088,个体影响主体，主体影响个体,2501.573,1707364701,4000cde6
1512397767090551040,中医里没有癌症这个概念并不是说不能这就能解释断肢者为什么还能感觉到到失去肢体的疼痛,2427.562,1707383063,5a4a6244
1512442956387476992,寡人二刷,2469.849,1707388450,85d43060
1512444733740298496,抵抗力，是个比较抽象的概念；你心情不好的时候，抵抗力就会差些……,2329.185,1707388662,ae0ac0c3
1512515443531734272,在圣经里有一些奇妙的描述，用身体必须人，用人必须身体。与这段类似,2500.145,1707397091,74b8ee47
1512549070609536000,针灸,2458.17,1707401100,9c484b9d
1512896328530001152,缓解没有用，不满意，要治愈。因为可能欺骗身体,2509.863,1707442496,1c12d50
1514036594607452672,不太正确，人的思维本身拥有更高维度，只是身体在目前空间最高只能是三维,2237.494,1707578426,4f1113dd
1514062225051420928,心理健康与身体健康确实关联很深,2304.737,1707581482,2e37a580
1515215889161593600,有听过得了癌症然后全世界旅游最后癌症反而痊愈的例子，也许就是脱离了致癌环境加上好的精神状态的结果,2221.041,1707719009,2562f491
1515795323803729664,这个真实体验，真的是这样,2292.632,1707788083,776bda24
1516057247812173568,经脉,2467.808,1707819307,82e8dd71
1516098734025386240,难道不是靠免疫系统吗,2217.268,1707824252,57df44d5
1516612670131155712,其实西医也有很玄的东西，比如免疫力，什么时候叫免疫力好，根本没有具体的概念,2352.269,1707885518,6697a20f
1516991386145065216,高维世界的VR游戏,2242.624,1707930665,48d70840
1517344831318743040,用人参、黄芪,2224.338,1707972799,16f2bbca
1517347802605385216,精神意识=软件信息，身体物质=下载3D打印,2410.515,1707973153,16f2bbca
1517582444402952449,卧槽，这就是天赋异禀,2209.346,1708001125,88fbb66
1518174427320574720,不是西医是现代医学,2493.541,1708071694,3c60f134
1519730201108750592,科学是方法，为何要不相信呢？,2430.059,1708257157,71375078
1520622084756373248,他修炼了,2190.139,1708363478,5b4e526d
1520623330330361344,自己！有个外国医生实验过，靠强烈的心理暗示治好了牛皮癣,2265.456,1708363626,5b4e526d
1520908359560115456,气伤则痛，形伤则肿。气比血先行六寸。,2463.567,1708397605,a0cafc8b
1520963744061128704,前面那个，火子哥直呼内行,2236.008,1708404207,80f2eb12
1520976130982018816,迷迷糊糊的是玄学 不解的神学 懂得科学,2164.245,1708405683,6c47009f
1521541107815769088,这算啥异端啊，打坐在基督教里又不是没有，很少有人修到那么深而已,2197.052,1708473034,2bc7f25d
1521544602920772096,万一西医本来继承的是黄帝外径那乐子就大了，岐伯万一就是那个希波克拉底岂不更可怕，很好奇当年恩基作为蛇族老大到底传了什么功法和理论下来,2474.618,1708473451,2bc7f25d
1523114759841384448,先生大义,2220.415,1708660628,db9cfae7
1523126538688596992,橙汁还是纯水,2313.98,1708662032,caf65355
1523127209450338816,地上对应马斯洛需求前两层，天对应后三层,2330.991,1708662112,caf65355
1525636257588286464,按摩！！！！,2448.508,1708961214,c53b682b
1528241822726842368,信念生物学,2263.622,1709271821,67438bf5
1529109935458407680,因为不到的时候没惊喜 你记不住 只有曹操到了 有惊喜 你记住了,2178.542,1709375309,b2446d3b
1529110732233364480,你意识紧张了 身体一系列物理化学反应 给你留下了太多应力,2273.522,1709375404,b2446d3b
1529112483883823616,但你的意识会干扰这种修复运动 天长日久 应力积累 你修复不了,2482.358,1709375612,b2446d3b
1534725077554193920,疗愈我们的，永远是自己的内在,2271.099,1710044686,62081682
1539356874623708928,睡的好，第二天精神抖擞心情自然就好，所以认为自己健康，重点在开心快乐,2335.221,1710596839,bfc60bba
1548194627050484736,那这个流行性病毒怎么解释呢,2357.649,1711650381,1d7ce053
1548737409313900288,针灸和点穴！,2457.962,1711715086,cc4815cd
1548993516074816768,针灸穴位？,2464.159,1711745616,6a29f185
1550050407584231168,把他理解成状态就行了，科学也是一种状态。,2376.561,1711871607,ccb411bd
1551006195068880640,我曾把气壁离体外，，还发出了影响世界的声音噗噗,2375.778,1711985546,f522bbb6
1555121621273371136,因为电的手疼,2473.939,1712476143,ea11837c
1565496225019493120,西医无法治疗检测不出原因的病症，但中医却能从不同角度解释并治愈,2218.107,1713712892,db9fdcf0
1571601289748546816,分形，局部是整体和自己的可变参数，万花筒,2504.482,1714440673,21037bc0
1573351739003034624,爽,2252.579,1714649343,336113a1
1573352303841283328,三魂七魄,2315.899,1714649410,336113a1
1573352830830809344,穴位,2374.619,1714649473,336113a1
1573353742068092672,任督二脉,2456.859,1714649581,336113a1
1578362787087190528,天魔入侵意识,2212.663,1715246706,d607362e
1579291454101486848,吸引力法则,2176.759,1715357412,ee107ec5
1580492236670840064,针灸,2507.608,1715500556,cfe44174
1582387350733290240,nonono，是玄学,2264.528,1715726471,19d5eff4
1590230282005697024,描述的很准确啊,2206.25,1716661422,32e70d68
1590232687867065344,这类人的意识程度较高,2296.406,1716661708,32e70d68
1590234558584909056,针灸的原理,2452.39,1716661931,32e70d68
1605835904344478464,足疗必须入医保,2518.927,1718521757,9969ad27
1626647873456418816,双系统是吧,2310.978,1721002737,8dd59655
1629547859357964288,在陕西上学时，跑遍各大医院一年都治不好的过敏，被一个小镇的中医14副中药治好了,2341.119,1721348442,29760c94
1650116862052451072,先天体质差,2285.144,1723800458,2562f491
1650261338385420800,阿赖耶识,2391.787,1723817681,a2dbbf2a
1682133631210146048,？？,2169.502,1727617155,46c0c30d
1682136044864119808,……这个所谓“先兆”用中医更好解释,2414.885,1727617442,46c0c30d
1784896564435635712,手术治不了疾病，只是切掉病坏的组织，最终战胜疾病还是靠自身免疫力,2269.278,1739867451,9cb0fde9
1786987271728803072,为什么那么多人总认为一切理所当然呢？你身体有问题，你第一想法是啥？,2446.361,1740116683,5486f4a0
1830415254694682880,这个就像很多人挠痒痒明明挠左手结果连带着身上一个地方也痒痒,2511.665,1745293702,16af4bf5
1862541813677282816,真相：活得百岁以上的人体内不是没有癌症，而是没有去过度处理，或者根本不知道。,2259.253,1749123486,fa202f09
1903035108337248768,嗯嗯，所以说科学一点是优于玄学的，所谓玄学，就是你没办法证明真，所谓科学是你要想办法证伪。恕我无才，看不出孰高孰低。,2433.468,1753950663,bd550466
,,0.0,1775655591.4716349,
lb.c,,0.0,1775655591.4716349,
,,0.0,1775655591.4716349,
1510952832432415488,经络,2577.363,1707210813,da322836
1510991273237134336,此处需要二舅,2787.883,1707215396,e61716b0
1511219917113070592,逐渐忘记标题,2540.273,1707242652,cd48e03d
1511241564939450880,也有观点认为量子坍缩是应为受到了外界的干扰，干扰源和意识没关系，比如一个光子,2647.722,1707245233,ad5cbc3e
1511250899723715072,质的变幻,2604.981,1707246346,99d607ef
1511251694502139648,有时候分不清是意识还是欲望或是意志,2699.741,1707246440,99d607ef
1511252858329573632,锻刀赛，奥德彪,2838.509,1707246579,99d607ef
1511489279375808768,集体潜意识是不是就是宗教里面的神,2696.952,1707274763,7a0bddcc
1511539839638453248,问题是双缝实验并不是意识干涉物质，只是对应的观测行为导致了结果不同，就像人眼观测万物只是万物把光反射进人眼而已,2598.026,1707280790,2b0a5cad
1511543098244037120,内观,2829.376,1707281178,2bd59f90
1511563184681708288,是承合,2523.182,1707283573,b98c9fb3
1511573785415964416,心理作用确实在起作用....现有科学体系认知下，确实离谱了,2616.921,1707284837,933259ff
1511574982160060416,看到这想起了我朋友总说的“有些东西的意思，只有在特定的语言下，才能不变形的完整表达出来，翻译成别的语言，就不是原本的东西了”，虽然他调侃的是网络河蟹,2683.356,1707284979,933259ff
1511633916526979840,进击的巨人-路,2675.093,1707292005,50d5c8b
1511780150743128320,催化剂是参与反应的,2548.702,1707309437,1eda1f81
1511852761502107648,这里可能指：被屠宰分割后的牛肉块的肌肉还能正常颤动,2847.467,1707318093,16cebda2
1512029021372691200,低于标准线的拉上去高于标准线的误导下去结局早已注定,2860.137,1707339105,3b533936
1512214670243791360,炼神返虚、,2769.67,1707361236,749823ac
1512214775856221440,炼虚合道,2782.265,1707361249,749823ac
1512247837205778176,或许养生主本来就是一个词，他有一个单独的意思,2728.225,1707365190,4000cde6
1512265698607546368,都对，文言文言简意赅,2710.272,1707367319,6df0c1d6
1512897040949031168,假说不能验证，就有点伪科学了,2559.982,1707442581,1c12d50
1512988025402061568,“名可名，非恒名”,2630.507,1707453427,bf7bf192
1514006800888858368,经脉,2527.311,1707574875,92e7c78e
1514008915740832768,催化剂很多种类的，有参与后还原型的，也有不参反应与只影响的,2559.507,1707575127,92e7c78e
1514065585376442880,不是推向玄学，而是曾经以为是玄学的现象有了能以科学理解的可能,2635.15,1707581882,2e37a580
1514637225634528256,庖丁·：舍不得刀,2834.589,1707650027,c4510bcb
1514643111123638016,维特斯根坦：语言的边界...,2698.257,1707650729,608c8027
1515917648968501760,玄之又玄众妙之门,2657.089,1707802665,38e0cfa7
1517587125145587968,要是长期催眠自己会怎么样,2725.298,1708001683,88fbb66
1517675852157326336,读金刚经,2672.59,1708012260,a9fcc626
1519780859342057216,感受到过，甚至知道是什么。但是害怕接触。,2665.365,1708263196,58acec7
1520469782808481536,道可道非常道,2629.481,1708345322,d762be28
1520627791895512064,我更赞同三个分开,2718.688,1708364158,5b4e526d
1521023430105978880,哈哈哈，前面的,2563.92,1708411322,b553b98a
1521547084388373504,克苏鲁了起来,2745.87,1708473746,2bc7f25d
1522708604589951232,是哪个意识在观测,2595.771,1708612210,164ded48
1523734953245245696,哈哈前面的，你是真信教科书上说的呀，参与反应本身就存在问题，能量一定会变的，也就是量,2552.856,1708734561,d8b5495b
1524372883437014528,人体有按钮，按下去就能触发某种联动,2562.916,1708810608,3e145f2f
1527738967150391040,性命双修,2796.143,1709211876,70a57111
1529115662369318912,都是要么一念正确的引起于正确的道路上让身体有序 要么就是无思像睡觉一样,2861.229,1709375991,b2446d3b
1530385645233783040,还有物理学,2572.795,1709527385,5ebf297f
1530387079006374400,练气,2743.662,1709527556,5ebf297f
1530388143193323264,"蚯蚓,壁虎断尾求生",2870.574,1709527683,5ebf297f
1532534714815294208,所有宗教的最高层都完整的说明了只是你不懂,2675.576,1709783574,a5469906
1534890321371221248,催化剂就是相信的力量,2561.12,1710064384,62081682
1547839603913129984,汉尼拔：庖丁解人？,2866.091,1711608059,2924f963
1565343465338884096,我悟了！随心所欲！想睡就睡，不行起床就不起床！工作爱谁干谁干，老子不爽，啥也不干,2865.521,1713694682,a097799c
1572567091251712256,养生=主；逍遥=游,2769.161,1714555805,372c8582
1590239059560099584,名可名，非恒名也,2630.965,1716662468,32e70d68
1590239493980714240,人的天赋差异,2665.61,1716662520,32e70d68
1590240603575560448,易经中的物极必反,2765.451,1716662652,32e70d68
1592060581706304768,啊，这个真没想到，有实证吗？,2560.711,1716879610,f9c33a0
1592061687744197376,大家好，我是新生代科玄家,2643.455,1716879742,f9c33a0
1594314014312289536,黄帝内经,2534.97,1717148240,10d4dc90
1616707099876686080,文惠君：解压短视频——庖丁解牛,2805.71,1719817704,67bcbd29
1626675886122125312,又回来了,2591.958,1721006076,5633d2a9
1631438955083855104,突然想起标题,2585.702,1721573878,21c7b3eb
1651791865642563072,有谁知道现在的背景音乐是什么吗？求求告诉我。,2643.134,1724000134,5f181478
1651794047494518272,AI识片酱,2699.113,1724000394,5f181478
1786991413704718848,分不清欲望意识的，修炼就是种方法,2714.281,1740117176,5486f4a0
1831179479373324544,早期解压小视频,2816.9,1745384804,b710be43
1831457109842711808,学音乐的人有体会，学音乐之前都是完整的听歌，学完以后现在都会无意中注意各个声部，很难完整的听了,2843.746,1745417900,dfe4b0fd
1862545145472995072,意识是其中一部分原因吧,2613.311,1749123883,fa202f09
2024269125094457856,我觉得是倒过来读,2729.341,1768402884,69b55d6
,,0.0,1775655591.4716349,
lb.c,,0.0,1775655591.4716349,
,,0.0,1775655591.4716349,
1510957622461777920,天魂,3128.676,1707211384,da322836
1511218571445973248,一个人不行的 量变才能引起质变,3198.341,1707242492,d42c8ad
1511230160643446528,阿卡西记录呗~,3238.541,1707243873,cd48e03d
1511530686627303424,NPC的集体AI啊,3237.649,1707279699,f170be36
1511568884010922240,是梦与愿望,3125.115,1707284252,b98c9fb3
1511570884618528512,是通灵的梦境,3206.23,1707284491,b98c9fb3
1511822907737834496,庄子：原来我时这么想的啊！,3134.221,1707314534,bda1f123
1512251072759342080,突然失去或者将情感带入了,3070.429,1707365576,4000cde6
1512252022500783360,灵光一闪，突然想到,3150.493,1707365689,4000cde6
1512252635288549376,其实是循序渐进，早有征兆，但大多数人无法察觉,3191.345,1707365762,4000cde6
1512253239452826112,那之前的猴子们为什么会开始蘸着海水吃呢,3230.319,1707365834,4000cde6
1512774213281604608,卧槽。混沌理论系统！！！！,3153.81,1707427939,8ed0c3de
1514016509931098624,你猜第一个发现螃蟹能吃的，到底怎么发现的？猴子又不傻,3209.326,1707576032,92e7c78e
1514073298105808384,迷因，或者说信息木马,3180.678,1707582802,2e37a580
1514583535271749888,第一只猴子受到启发后并做出的行动，是对猴子这个集体意识里编入了规则，从而改变了集体,3218.418,1707643627,c665640
1514639174123334656,自性,3026.532,1707650259,c4510bcb
1514640437590583296,更高的维度,3120.485,1707650410,81689b77
1514641035211329792,猴子阿卡西,3230.978,1707650481,c4510bcb
1514698547189152000,这里已经看不懂了。。。,2926.085,1707657337,9ffb6953
1514744780003978496,到这里就已经是我的认知极限了,2941.535,1707662849,9dd3ff7c
1514824981765295104,这BGM,2972.822,1707672409,e2780229
1515242570916536832,之前的是跟科学家学的,3233.369,1707722190,2562f491
1516890290877783552,火之意志,3111.925,1707918613,88702550
1518665084443254784,哎呦，不听了bgm太诡异,3049.544,1708130185,be292ef8
1518807268521512192,相信后人的智慧,3102.257,1708147135,f9adf723
1520316968576921600,应该是王浩，,3176.635,1708327105,3c73699e
1522419705653141504,形神俱秒，与道合真,3022.407,1708577771,be610f50
1523014509801892096,集体潜意识,3111.359,1708648677,1d21615c
1525945910948258816,传火,3093.569,1708998127,d2dd72c0
1526325358331251200,这里的理解就是形是个容器，而神就是被这个容器盛着的,2938.91,1709043361,f635abf2
1527744800521370112,薪火相传,3096.725,1709212572,70a57111
1527758035026471424,神能入石，神能飞形,2920.882,1709214149,62568114
1528889413248482048,传火黑魂,3116.323,1709349020,6f32af52
1530108341492489472,好困啊,3034.209,1709494328,5804464b
1534893210164506624,超体,2897.908,1710064729,62081682
1537580659072350720,想听妖怪篇,3181.802,1710385097,91e0a9c8
1544285120998244864,蝴蝶效应,3176.236,1711184332,384ddeeb
1544357386121272832,不会是共同意识吧,3095.67,1711192946,5783e517
1575480378784163840,信上帝,3134.598,1714903096,a388be22
1579708203527511552,问法官啊,3179.339,1715407092,36b4895d
1579948250130296320,精神,3090.485,1715435708,9b4ce596
1581621475461416704,这种背景音是什么，太喜欢了,3108.623,1715635172,de41b98e
1592064944445303808,你这CPU架构该优化了,2936.602,1716880130,f9c33a0
1592066053209484544,你也许不能创造自己，但至少可以改造自己，能不能创造也不一定,2998.077,1716880263,f9c33a0
1592067141253920768,我在乎的这一个失去了，我还不能难过？,3084.918,1716880392,f9c33a0
1596308833918038528,我还是会扶的,3164.151,1717386041,50e7d22
1606223054693128192,胖猫,3160.501,1718567909,daf8c946
1623418737971474432,昆山龙哥,3189.659,1720617794,db4ca287
1631442855685806336,大圣灵,3123.419,1721574343,21c7b3eb
1786995063336434432,如果潜意识是真的，那么人类身体的共生微观生物的集体潜意识是不是就是人类意识的温床？,3025.581,1740117611,5486f4a0
1806748969587135744,陀，你不是一个合格的科学家，但是，你是一个好心理医生！！！！,3076.512,1742472461,e9102dea
1916164431202230528,进击的巨人。,3222.153,1755515800,a8280c73
,,0.0,1775655591.4716349,
lb.c,,0.0,1775655591.4716349,
,,0.0,1775655591.4716349,
1510971530572945408,病毒也是,3260.161,1707213042,68adfe97
1510983347998903808,所以为什么说公众人物说话和行为是有影响力的。。,3271.184,1707214451,5344860d
1511047425832659456,虚空终端,3240.373,1707222090,8327211f
1511152281444385536,这个进度条够带劲,3267.0,1707234589,c82172ab
1511578410852420352,吃过,3323.709,1707285388,b98c9fb3
1511680385774603008,呜呜呜呜呜,3381.092,1707297544,350b71bd
1511864251613163520,好赞！！！已三连！！,3375.957,1707319463,a151a368
1511912731333112064,尼古拉特斯拉,3242.059,1707325242,e77b4efc
1512209128251316224,国之大事，唯戎唯祭,3343.927,1707360575,3d3ac38c
1512361484406102784,我说：看过这个视频的人都很快财富自由,3374.202,1707378738,c811e88f
1512905877231943168,如果可以，我请求我父亲的病症可以通过中医治好，不需要手术化疗,3385.38,1707443634,96c0ea62
1514017550168926720,这个叫榜样~,3263.867,1707576156,92e7c78e
1514052802664623104,巨人里也是这麽说的,3250.246,1707580358,8b405922
1514074494271267840,榜样,3250.657,1707582944,2e37a580
1514426217699705088,"随众生心,应所知量,循业发现",3338.047,1707624873,552666d8
1514467136347857152,传播学,3252.723,1707629751,fdae21aa
1514585089571321600,本质如up所讲，表观来看，是个体与其他体的互相影响,3257.288,1707643812,c665640
1514586357778151424,意识能向上编辑规则，从而让其他个体受到影响。,3375.288,1707643963,c665640
1515244400329096192,终于回到标题,3352.533,1707722408,2562f491
1515245365908168192,会，我赞美一个人，对方就会开心,3371.569,1707722523,2562f491
1515327875191339520,每个生物，即使不是生物也都有自己的编码程序，找到合适的接口，输入各种形式的命令就会产生各种光怪陆离的结果。。。,3381.143,1707732359,1ffbc1b5
1515820269367795712,言出法随,3371.896,1707791057,776bda24
1516768920881824512,我很有钱我会很有钱,3387.47,1707904145,70fd3c54
1516954469592933632,但是呢，很可惜，天地不仁以万物为刍狗，物质宇宙也不会因人的想法而转动,3336.001,1707926264,8384b083
1517633712840660224,真的已经三连了，你已经言出法随了,3390.09,1708007236,1733fcea
1518174832104131072,闭口禅开口定乾坤,3371.615,1708071743,8efd754e
1522714113464572160,阿卡西记录,3252.427,1708612867,164ded48
1522755371783948800,相信相信的力量,3370.14,1708617786,e361d6e7
1523774884663086848,不是八级大狂风吗？,3328.519,1708739321,66fc55c1
1525948176568456704,其实我也觉得我能影响天气,3349.825,1708998398,d2dd72c0
1526329365493732096,拉马努金,3246.818,1709043839,f635abf2
1527761067525454080,君子之德风，小人之德草,3264.903,1709214511,62568114
1528252348273969408,←前面发这个弹幕的，回旋镖在等着你,3334.468,1709273076,67438bf5
1528302863489519616,董仲舒的天人感应。。。,3335.263,1709279098,eb692ff6
1529666599341484032,岛上没有番薯，科学家带的,3240.346,1709441668,3c7337bc
1529668256988820992,首先得找到输入代码的入口,3366.077,1709441866,3c7337bc
1531277046981185792,原神，拯救世界,3377.201,1709633648,7039cd78
1532749734215975936,能影响天气？那不是萧敬腾吗？,3335.762,1709809206,a48a250c
1548578720279697920,关键小人物,3375.09,1711696169,c2ebb559
1561767342860648960,上传到云平台了，全人类的意识都在训练同一个AI模型,3240.735,1713268375,43544b2e
1579709736914476800,人定胜天,3362.094,1715407275,36b4895d
1592069102250627584,反正预知梦我确实做过,3243.288,1716880626,f9c33a0
1592069806364986880,罪己诏？,3318.523,1716880710,f9c33a0
1592070266757056768,所以萧雨神是怎么影响天气的？,3344.159,1716880765,f9c33a0
1606399670735766016,同样适用于所有宗教、政治,3277.292,1718588963,726a651a
1608730598024060416,终于绕回来了，哈哈づ♡ど,3350.983,1718866831,92bbae6d
1837860283956193536,刚开始说什么来着？咒语,3369.517,1746181218,eb39c167
1862551286277790976,媒体,3273.964,1749124615,fa202f09
1916166274984708352,等等，这不是董仲舒的天人感应吗？,3313.709,1755516020,a8280c73
1916166598281445376,这不是天人感应吗？,3285.004,1755516058,a8280c73
,,0.0,1775655591.4716349,
lb.c,,0.0,1775655591.4716349,
,,0.0,1775655591.4716349,
1510893569358271232,第一第一,1.699,1707203748,cde4d87e
1510899902287393024,因为翻译的过程信息会有误差,326.337,1707204503,18041a7d
1510909908177375488,大吹法螺，大敲法鼓,139.426,1707205696,6701cdaf
1510910844496804096,咒语：钵钵鸡 钵啊钵钵鸡 一元一串的钵钵鸡,264.042,1707205808,a2d527c6
1510919025335687680,角度新奇，有想法，尚,30.832,1707206783,68222e04
1510930940716041728,占座,18.899,1707208203,520a78cf
1510950755354440448,临兵斗者皆烈阵在前,56.422,1707210566,7ab67633
1510958798544962048,传播的都是怎么分红，知识垄断和解释权垄断是宗教发展的重要手段,322.894,1707211524,68222e04
1511034478041378304,如果宗教失去神秘性，被彻底解构，那会彻底沦为娱乐产品，甚至被遗忘,316.877,1707220546,9f3bfdff
1511181262969388544,好家伙，这时长老夫相当满意,4.106,1707238044,cd48e03d
1511182539002482176,阿达瓦卡达哇,80.78,1707238196,c5b1b916
1511222906066129664,更新了,2.219,1707243008,2d45ce45
1511226942186302720,八利三藏,254.169,1707243490,925a8e
1511242451145711872,是临兵斗者皆阵组前行,60.751,1707245338,56542bc
1511243862948012288,呃稍微做个思想实验就知道了吧，两人用同一个咒语博弈，宇宙会让谁的生效？,48.369,1707245507,61765872
1511247346108166144,保持神秘性,324.439,1707245922,9ba24f69
1511269600958901504,起源于远古的傩戏吧，只是语言到后面音调之类的变了,229.695,1707248575,9a4d5722
1511286993429352448,傩戏？,195.086,1707250648,40e8b606
1511371366191285504,一本老书，魔界英雄传,56.191,1707260706,d7472b31
1511371955406711296,宗教、民俗需要权威啊，和普通人分开,332.559,1707260777,a03619e9
1511443430792994816,读作频率,50.419,1707269297,f170be36
1511449130046897920,ai是语音是ai服务人。所以按这个逻辑理解 咒语就是人服务神，而不是神服务人。,39.02,1707269976,c9088b35
1511456406702981888,欢乐豆效应,18.499,1707270844,9a409ed0
1511458951899097600,唵蓝净法界，乾元亨利贞,57.505,1707271147,935d4258
1511460489002457856,嘛哩嘛哩哄,115.187,1707271331,f79d57f0
1511461124523224064,巴啦啦小魔仙沙拉沙罗全身变~,122.181,1707271406,f79d57f0
1511464619930060288,大威天龙，般若妈妈哄！,123.144,1707271823,2694a6a3
1511484128527372544,盂兰神功,201.216,1707274149,b5a2bfa6
1511493372387584768,酆都,186.259,1707275251,aef8af5a
1511501312163094528,六字大明咒,65.699,1707276197,3c847720
1511518557304159744,但是指定语言可以掌握解释权，你传播了但是不听我的，那有什么用,321.567,1707278253,5eea56d8
1511520194298916352,惠州人冒头,133.131,1707278448,f388d0d7
1511530496667056128,奇术师,38.359,1707279676,9f798b2
1511539736383475456,背景音乐很好听,238.293,1707280778,e98af137
1511542792294497792,电的载，言的流音的体！！！~,92.155,1707281142,b98c9fb3
1511568683934632192,太平歌词,176.762,1707284228,dccf1241
1511634527880466688,嗯，用山东话来读论语对吧？！,303.511,1707292078,d9096a03
1511682304282562304,细思极恐,65.85,1707297773,e7a6fc0
1511691840704061440,这根本不是悖论，宗教信仰可以共享，但宗教解释权不能，用这些与众生不同的语言是刻意为之,314.645,1707298910,10fe7ea0
1511767484339176448,你要弄清楚什么是咒 在从你的语来研究,107.255,1707307927,c04d39b0
1511770286520144384,但咒语往往需要支付代价,42.49,1707308261,3e66d107
1511813234556941056,普罗米修斯！！！,263.753,1707313381,a151a368
1511845043487872768,我们称为：指令【狗头】,102.28,1707317173,8872ac8b
1511858711323561472,一切都会好起来的,9.076,1707318802,f57b51b5
1511865453088102912,其实就是呼出控制台输入权限内的命令而已,68.929,1707319606,de100637
1511902250002346752,日落西山呐～～～～～ 日落西山黑了天,180.056,1707323993,fe023968
1511930684984525312,殄文,153.507,1707327382,4024beb
1511982163430892032,涟漪到一定程度要么忽视要么被摧毁,76.168,1707333519,3b533936
1512199663267418368,异世界舅舅？,279.895,1707359447,668f1692
1512239974622197504,说不定咒语就是神鬼的语言,29.139,1707364253,cfd7ca0d
1512317236235702272,老法师啦。,154.589,1707373463,ac63fe8e
1512342985545859840,往生咒的话历史不会超过两千年,99.669,1707376532,ec1e650d
1512350557044727040,就连网庙上吹的不靠神仙的道教也是不受箓不拜师无法入道,325.259,1707377435,ec1e650d
1512385944664624896,真语音系统？,300.179,1707381653,85182cf1
1512396870666703616,是的，在河南搭台唱戏，只要开始了，哪怕没人看了，也要唱结束，因为还有鬼神要看,200.4,1707382956,e490b69f
1512401437198811648,前排提醒，这视频不是讲神秘学和民俗，也不是讲符号学人类学的，纯纯的地摊文未解之谜系列,0.0,1707383500,ec1e650d
1512411536671438080,配的视频太烂，为什么不用倩女幽魂里的夺命梵音？？！,65.249,1707384704,df179fd2
1512412001694205696,古代佛经没有文字，都是口口相传。分组背诵互为备份，防止荒腔走板。,130.443,1707384760,218bc651
1512413195863024640,戏曲规矩：一旦开唱就必须唱完，就算没有人听，也会有鬼神在听。,187.237,1707384902,218bc651
1512470663531772416,商博良也不能翻译吗？,254.691,1707391753,2192b47c
1512575622239711744,汽车人变形出发!,34.061,1707404265,1c876ed5
1512675556465262080,爷爷，你关注的up主更新了,0.053,1707416178,e6b1cced
1512800259246878720,雅语？,188.839,1707431044,22a12544
1512835991520727552,加油加油加油,49.519,1707435303,e2e36116
1512878834314398720,急急如律令,116.139,1707440411,ac66a05
1513407398424177664,咒语是古代文明在集体潜意识上构造的系统操作语言 辅助你用神识力共振现实,50.326,1707503420,bb2b695c
1513519125832521216,我知道了，来念，大威天龙,271.527,1707516739,8471b486
1513825907696042240,世界的本质就是震动,35.041,1707553310,97783db7
1513854484185655040,吃葡萄不吐葡萄皮,140.116,1707556717,d2d434c9
1513867228041500928,咒语很管用的，楞严咒大悲咒超管用，,79.791,1707558236,92141b11
1513869470635296768,楞严咒很厉害,124.271,1707558504,92141b11
1513869954716362240,太极腔,181.873,1707558561,92141b11
1513870167694691072,符合太极转动的腔调,207.251,1707558587,92141b11
1513875250914631936,哈嘛噼,256.295,1707559193,697c73c5
1514040566067789056,失传的语言,231.848,1707578900,2e37a580
1514042597747022336,传播的不是教义，而是以神秘把控对神言宗教的释义权，进而掌控教徒思想,318.305,1707579142,2e37a580
1514082080827877632,有句话叫做末法时代，咒语可能就是可以震动那些魔法元素的发音。越大的法术就是需要越多的魔法元素加入,159.257,1707583849,1d9e85c9
1514199858108791040,背景这个场景和美女好美好精致,97.689,1707597889,543b1b52
1514355957059465728,言灵,83.299,1707616497,b1181568
1514357118193747456,包饺砸！,221.677,1707616636,b1181568
1515017413597801984,玛卡巴卡,5.733,1707695349,65bbde51
1515075022790625536,港片能作为参考？？？,193.326,1707702217,19d790a7
1515323257966851840,龙族,33.379,1707731809,2a0baa1e
1515352156562250752,天猫精灵。开空调,86.414,1707735254,651def2b
1515858433734178048,不是讲究天人感应吗？我认为因该注重感应。,283.302,1707795606,38b7cd34
1515967506836537344,代码也是咒文←_←,144.937,1707808609,a1427164
1516076378326696448,纳米机器人就是魔法元素,168.409,1707821587,78fb5fc8
1516259650881020928,我认为一定不会是种真正的语言，或者说一定没有规律,11.119,1707843435,c9cb581b
1516599242444146176,这些咒语可能是调整自己能量的一种技巧，但是前提是对自身能量有认知，现在已失传了,121.64,1707883918,be0efab2
1517403587184422144,我知道，同伴加压耗时3防夜袭，是神秘交谈,276.082,1707979803,e63ec77b
1517533032255605248,恐怖的时长,9.17,1707995234,d8d03db0
1518137113181289216,陀螺么,9.807,1708067246,7fb60ea5
1518947474113374464,不算什么新想法，我小学时就在很多科普科幻书籍中见过了,34.415,1708163849,8d99378e
1518975570909053440,这些是谜因或者说是模因,88.047,1708167198,8d99378e
1518988018554381824,索绪尔《普通语言学教程》,207.331,1708168682,8d99378e
1518990509333373696,有没有可能神不需要语言,334.629,1708168979,8d99378e
1519019224050573312,手机便是魔杖,65.464,1708172402,eb2d8318
1519077329471963392,斯人已逝,155.313,1708179329,5ae573e0
1519119575835716352,终于有人说这个了！,14.259,1708184365,852f32d4
1519176036183758848,咒语 密码？,158.411,1708191095,f8fa38dc
1519415599787310080,摩西摩西,333.508,1708219654,a5fd0f2a
1519616248227790080,外星语吗,248.364,1708243573,c67dfee9
1519674270610095104,6++++++,227.168,1708250490,3ed244f1
1519776711493963008,梵文,128.253,1708262702,cac1ea43
1520599627219771648,"Hey, Siri就是一句咒语",52.979,1708360801,62dea387
1520960370053912832,把这个换成语音识别就对味了 哈哈,285.435,1708403805,6c47009f
1521046991315212032,一人之下--巫妖  神格面具,189.927,1708414131,484718e1
1521313780892562432,计算机语言和程序验证,344.643,1708445935,73ad9a4c
1521828578877088256,什么亚空间,274.869,1708507303,3f564a18
1522141123278263296,讲好一个故事,84.475,1708544561,749148d6
1522245180462621696,有没可能是为了所谓神秘感，你不懂就觉得神奇而已，有可能经文只是说你吃了没之类的话,349.408,1708556966,c4f0a743
1522338742013231104,言出法随！,72.482,1708568119,d4df00e7
1522739676061328128,言出法随,96.474,1708615914,9242b9d5
1523493689731924992,南无阿弥陀佛,132.559,1708705800,ed3aa3fa
1523727651624210944,说不定就是外星人教了一半,313.746,1708733690,9accefd7
1524238675792495360,古语或者外语加上误读？,120.786,1708794609,eb9bb181
1524350810652467456,纳米机械可以实现的,73.747,1708807977,3e145f2f
1524871559263616000,这其实和人类的傲慢有关,322.405,1708870055,334b68cd
1524951088132848640,宇宙系统的cmd指令,36.891,1708879535,4506ee92
1525478414050475264,大家不要误会这里，只是为了解释咒语，是一种娱乐的方向。研究的并不是宗教的政治性,325.499,1708942397,b958d312
1525514254814519040,唱诗人,282.422,1708946670,b6955852
1525986563543289088,失落的史前科技？！,42.619,1709002974,ea787008
1525990164084938496,有没有一种可能翻译后会失真？知其意，却不能知其境,315.411,1709003403,ea787008
1526707221625564160,已经关闭了，神远古的时候为了调试留的GM接口而已,51.784,1709088883,ac9c7a53
1527043400309016064,真名,289.935,1709128958,f2719655
1527406274621540096,遇事不决，外星语言,254.434,1709172216,b5f326f3
1527518713752931072,阿瓦达啃大瓜！！！！,75.721,1709185620,acc807f1
1529578567409916928,惊！晴雅集？！,29.392,1709431174,43bd4e89
1529581902888364032,一种保持自我文化的方式而已,313.873,1709431571,662e91a1
1530203757764441344,神秘主义,333.339,1709505702,961f4073
1531427263931784704,菠萝菠萝蜜~~~,139.178,1709651556,d798ad0c
1531911304212702464,？？巴利三藏是原始佛教语言，记录不应该是原始佛经么？怎么会翻译不出来,245.83,1709709258,1b499427
1532035581700394752,梵文,233.951,1709724073,180c64e8
1533269809557922048,我们所有的念想都是咒语,70.357,1709871204,62081682
1542529958940243200,是的，有的看似是梗，其实有些力量在的,90.778,1710975100,32e70d68
1543111050709208832,桐人：system call,56.917,1711044372,1fa48e31
1544947092043549440,想起句话，科学的尽头是玄学,207.987,1711263245,3e3a2c80
1547095614930966784,其他语种的经文怎么呢,303.683,1711519369,e6a80cdd
1547958184134834176,这里还有个悖论，当一个种族发展了一个宗教。那么肯定是这个种族的宝贝,330.11,1711622195,e32b7191
1548159716230860800,这不是维护正统核心地位的需要吗？,316.706,1711646219,41484aff
1548278444176366080,怎么证明或者证伪,44.389,1711660373,aa9228fe
1548340582077118976,表音文字,253.179,1711667780,26c06ef
1548341319083226368,为了最终解释权,332.879,1711667868,26c06ef
1548698437929915648,拉莱耶语,233.375,1711710440,cc4815cd
1549523100742364416,伊卜拉沙~,235.001,1711808747,145aa409
1555920021157790720,我也会：“小爱同学，帮我开灯”,47.483,1712571320,a7828a4c
1578907644843075328,就是高维能量语，链接你和你的原神,77.328,1715311658,89a93e3c
1579045791392150016,是高哥特语和低哥特语的意思吗？,256.159,1715328126,efbe4fb1
1579600572553052928,一陀翔,19.0,1715394262,c2ffcf2b
1593186662605772544,想让咒语变成真，你必须从相反视角观测咒语的实施～,6.368,1717013850,d9f65bf6
1595352854670238464,古神语,279.125,1717272080,548c6421
1613232999364002560,以前人少,319.025,1719403559,e64c5464
1625946687002524416,宇宙的代码,40.819,1720919149,3d151d8e
1639155093452823296,小孩子灵性高,163.464,1722493714,3b877167
1657286574037113856,科仪 密咒,211.368,1724655155,257a1ebb
1671812029079470592,宇宙编程语言,348.506,1726386724,67547af9
1685437688540383232,还有宇宙语,256.42,1728011029,f2f5aee3
1693835141027384576,巫在古代是指可以沟通天地的人,173.132,1729012083,76537ad9
1710183110169744896,没错，只要戏台子搭起来，没人也要唱，因为有鬼神也再看,183.934,1730960913,9820c3cc
,,0.0,1775655591.4716349,
lb.c,,0.0,1775655591.4716349,
,,0.0,1775655591.4716349,
1510900560373553408,撞到真空容器壁之后能量引起了容器壁的形变和内能增加，也就是做了功,659.79,1707204582,b9f37c81
1510900651868260864,现象难道不是人规定出来的吗？,458.885,1707204593,b7253f15
1511025437420547840,这里bgm有人知道吗,518.722,1707219468,9039f3b4
1511030251256490240,这个有解释,449.298,1707220042,1555eca4
1511042247267934720,达摩是真实的历史人物啊，有记载的,360.85,1707221472,3d58d951
1511091314459339776,光音天,449.444,1707227322,4404adee
1511091935325041920,光音天,447.529,1707227396,4404adee
1511092919216725760,阿凡达团建,389.076,1707227513,165e8d50
1511105664078934784,真空中应该是没有物质媒介来共振,579.255,1707229032,ff133554
1511151090589253376,那么问题来了，神无所不能，为啥不啥语言都懂,402.783,1707234447,4653de3d
1511177058464783872,这个逻辑有问题，就算耶稣真的复活了，那后世的人都没见过又凭什么相信，那没见过的后人可以相信，没见过的前人就也可以相信,385.196,1707237543,a002bc65
1511180170973705728,阵法？,686.459,1707237914,6d8b995d
1511196360635076352,吊在板上的原因,581.869,1707239844,8e8a9411
1511282684226246912,相信神存在≠神真的存在。,394.928,1707250135,be6a4a57
1511337549380404736,相信相信的力量,406.35,1707256675,d23c6e91
1511344816028825856,这个应该是心理学。,421.01,1707257541,86ff93e9
1511444496154427392,啊，竟然有文献？,539.327,1707269424,57b0d9a5
1511492257423854848,是催眠学，不是心理学，在很多时候是超心理学的概念,516.282,1707275118,2a863fc8
1511508387635012608,现象不是人规定的，是人发现归纳总结的，无法复现没找到规律的就是神秘,468.904,1707277041,3e818a27
1511522047493633792,"祝由术算不算,听说确实有一定效果",428.512,1707278669,f0e5ceae
1511531083693425920,共振就是功放,624.337,1707279746,3291c759
1511536718556469248,可以理解为神灵C语言,509.384,1707280418,25a3a2fb
1511545975553024768,遇事不决，量子力学,497.303,1707281521,18d3d9b6
1511604753430393344,好像臭名昭著的水知道答案也提过类似的理论吧,656.368,1707288528,c0dcfb2c
1511628251397654528,耶稣也是真实的历史人物啊,364.559,1707291329,be83c184
1511695680824204032,曼陀罗,630.593,1707299368,2b4097c
1511698937155826944,声音不是消耗了能量才出现的？,477.243,1707299756,e274e0d6
1511868531464402176,灵能科技会引发亚空间天灾,434.039,1707319973,de100637
1511906428947239424,这种事是完全有可能的 但是距离神学 十亿八千万光年,522.151,1707324491,fe023968
1511907011250652928,真空不空 朋友,583.404,1707324560,fe023968
1511986773247507200,别迷信了，就算法翻译成同样的语言也是近似意和本意肯定有区别的，声音也分很多种，人与人听到也会有差别，这方面确实大家都不懂就看谁在那装，相信科学，拒绝迷信,411.888,1707334069,3b533936
1511992122906106624,只要别傲慢就很难迷信,487.448,1707334706,3b533936
1512399397458329600,逸散成熵了,482.04,1707383257,e490b69f
1512416070420826624,全国无论南北，都有一种去除喉咙鱼刺的祝由术。无法用现代理论解释，但真管用。,424.813,1707385245,218bc651
1512417522790590464,压点效应会产生电磁波，另一块同规格压电材料能够接收同频电磁辐射。,532.909,1707385418,218bc651
1512553623576776704,这太扯了,499.588,1707401642,3ff15c6
1512961307039537152,听音识曲,557.452,1707450242,3b054801
1513120392393488640,曼陀罗 荷鲁斯,627.43,1707469206,cb704783
1513607207155996928,祝由术,431.192,1707527239,4c09d4ff
1513712709210978816,千里传音,544.654,1707539816,51e24fc0
1514046186527756800,金花,637.486,1707579570,2e37a580
1514414867174400768,扯什么？的布罗伊物质波也是这个差不多的情景,506.264,1707623520,2610031c
1514810229593054464,有时候挺好使的,424.53,1707670651,7abc00a5
1515079558796536832,是语言就能承载,442.446,1707702757,19d790a7
1515889347617151232,言出法随,688.232,1707799292,38e0cfa7
1516074366621033728,有体验，比如快睡着半梦半醒间有时就会听到别人的说话声,510.885,1707821348,87b7cc89
1516142762431414528,巫医:我用的巫药是地塞米松,371.827,1707829501,7885fa40
1517231888501551872,能量在引起介质震动时就损耗了,667.08,1707959335,b02b4760
1519097112141709824,脉轮,632.163,1708181687,b79fb829
1519149031283219968,六字大明咒的“唵”字声波成像出来的就是一个坛城的模样,702.861,1708187876,b4116d28
1520413688194932736,只看结果，不看过程,434.976,1708338635,18f90f29
1521193655723901440,打电话不也是这样吗,543.23,1708431614,1afc700e
1521515294374641152,很多佛世界是以音声形式存在的就是这个意思，佛说法的音声响彻三千大千世界乃至无量无边世界却互不干扰，个人推测原理也是如此甚至更高端,646.222,1708469957,2bc7f25d
1521869830855307520,九龙化骨水,428.984,1708512221,5e5b832e
1522614177301480704,我都不知道我是從哪裡開始聽不懂的,680.949,1708600954,e5b3855e
1523056658296037376,虚拟世界么？,434.293,1708653702,11aee060
1523111823023342080,这也是因为有电场啊,525.467,1708660278,caf65355
1523399379279849984,真空量子涨落产生虚粒子，这些虚粒子可以震动传递声音,509.3,1708694557,e0aa4922
1523733545385058304,就像音乐会影响人的情绪或行为,589.669,1708734393,c0cf273f
1523896536491566336,神说要有钱，于是真的有了钱,407.087,1708753823,a623f050
1523921070451773184,直接操作底层代码的意思？,460.701,1708756748,bc3c5dc4
1524083323922976512,听不懂，但是爱听,547.719,1708776090,3238262a
1524151221777249792,我想到了催眠！,451.94,1708784184,31a50c5b
1524872064241377536,找个海妖，她们有语言插件,395.524,1708870115,4df1c005
1525795062360167424,如果是相同结构的设备，很有可能只是因为固有频率相同,579.875,1708980145,38db071e
1525895530184793856,魔术？,376.219,1708992122,2846fd25
1526905709101803520,源代码,625.148,1709112544,53713d10
1527805746459515904,可以用同一条鱼用火烧软 放水中喝下去就可以了 没试过 可以试试,428.36,1709219837,c3660b3b
1528746137987852032,抵抗重力我笑死,447.8,1709331941,b18ca3c3
1529391240104563712,真空没有空气啊，能量没法传递呗。,474.731,1709408843,acab398a
1529393029109376512,图案与物质形成未必有关联，结,685.81,1709409056,acab398a
1530561309647992576,原神，启动,440.699,1709548326,7039cd78
1530563428618802176,原神，拯救世界,685.059,1709548578,7039cd78
1535763481922828288,你好。地球人,502.126,1710168473,369f2308
1538300396295406080,当你相信神存在的时候，你无法分辨神不存在,400.555,1710470897,380fb161
1543391465777099264,太阳：那我走？,403.631,1711077800,e185455b
1543744512340334080,雷达？,682.265,1711119886,3ab4cc58
1545168316992144640,别着急反驳～人家都有资料的，又不是信口胡说。先看看中不？,522.289,1711289617,2a2f81cb
1547835726564081664,大型演唱会,392.023,1711607597,ef69e866
1548724242135296000,这不是共振，这是系统的耦合运动，不要望文生义,587.954,1711713516,5e86f2be
1550077398274505728,披着科幻外衣的外星非洲,415.033,1711874825,594a703a
1551541533415911424,画符？,697.612,1712049363,f686d65e
1551666175614980608,电子设备的声音和人体的一样吗,654.95,1712064222,af883166
1559681438692134144,频率,462.398,1713019716,1d73ca06
1565534952362303744,分形几何,688.766,1713717509,5db64ff1
1578153244038174464,非局域耦合机械振子的同步及奇异态,589.095,1715221727,4350c6ed
1582038471336594176,史前超级治愈机器人，通过语音交流借用,417.043,1715684882,97213204
1587104621032583424,突然串戏到了浮世叁千问233,549.603,1716288814,482d75e4
1589353646557061120,看到这个我立马想到了麦田圈的图案,681.825,1716556919,5931d69a
1605616503556794112,==没人说达摩是神吧？佛教从来说佛是开悟的人而已,401.019,1718495602,926fe657
1616096372220716544,那就是每个读音都与某种波共振，或组织成固定的波形组合，这样的波形组合就产生某种能量，达到一定强度就能影响能量场,475.339,1719744900,13b5d3c3
1616896630853157376,转化成内能了啊,473.553,1719840298,22286d56
1622573075915028992,逗猫棒,585.05,1720516983,72808daf
1623704623200179200,真空不真，即使太空，也是相对真空，不是绝对,499.219,1720651874,4c99fc82
1639981537342845184,总裁那里看过这段,603.241,1722592233,95e48e44
1655747505583124480,麦田怪圈,690.774,1724471683,b7d61015
1657054149197909760,所以皇帝学天人的音乐就是为了拯救当年的人,705.618,1724627447,bb2b695c
1684301329097158656,节拍器,580.965,1727875564,fea2e132
1707933810337497600,神“说”：要有“光”,450.231,1730692776,c87e78db
1786962726779324416,首先发出声音的东西你必须得给它一个定位，或是锚点，一切从它出发才有对错，或许这就是人类限制？,712.141,1740113757,5486f4a0
,,0.0,1775655591.4716349,
lb.c,,0.0,1775655591.4716349,
,,0.0,1775655591.4716349,
1510908556394966784,芭芭拉：治疗就交给我吧,914.772,1707205535,66b8a922
1510931899072224768,就算时空不连续，我们感受到的也是连续的。,1022.773,1707208318,de0d96f7
1510932180552081408,比如：眨眼补帧。视频一顿一顿的，可是在我们看来，就是连续的。,1024.733,1707208351,de0d96f7
1510932571318612736,卡顿，对于连续来说，通过对比，才有卡顿。,1026.053,1707208398,de0d96f7
1510939667150138880,细说深入,977.537,1707209244,6840d8d4
1511037968390157824,图穷匕见,773.855,1707220962,f2194801
1511107728758915584,这是波纹攻击,919.726,1707229278,ff133554
1511108334592237824,开始看不懂了,1019.318,1707229350,ff133554
1511115165905922560,我喜欢,775.271,1707230165,21836113
1511154999126838016,那如果光可以被力吸引或者退离呢。。。,810.518,1707234913,4653de3d
1511215457519212800,这个招数电影里的神婆经常用,949.238,1707242121,833e8924
1511244701272300544,法术：言出法随,847.578,1707245607,ddd5415e
1511440245227354368,时间是否存在都是个问题，讨论这个,865.197,1707268917,cb122b68
1511450399830701568,魔术大师,951.539,1707270128,c35938f7
1511467769114449152,万事不决，量子力学,1006.523,1707272198,5d76bd6e
1511492002686982912,其实是魔术而已,992.258,1707275087,1253f646
1511543661714979840,如果魔术能救一个濒死的人就好了,1003.873,1707281246,f0e5ceae
1511544817807974400,我还以为我屏幕上有蚂蚁！！！,960.27,1707281383,275bd317
1511551857225513984,？,956.623,1707282223,18d3d9b6
1511686273318952960,遇事不决 量子力学,999.821,1707298246,afd6932a
1511694476094334976,图穷匕见+1,789.081,1707299224,e7d94bb0
1511739552522725888,这不会是芭芭拉的原型吧,919.964,1707304598,68b8b69b
1511765376005291776,所以关键是理解共振的本质吗，共振为什么存在,720.256,1707307676,d3926e93
1511837427696720384,我的老师跟我们讲过很多这种，老老师懂的很多，都给我们讲，现在可能没老师知道了,969.57,1707316265,928db7c7
1511839115250015744,不是魔术，我那个老老师说，超自然跟化学物理学有关，不是假的，只是我们现在不懂,996.13,1707316466,928db7c7
1511872289778621440,"光不会被引力吸引,而是沿着空间最短的路径传播而已.所以黑洞是扰动空间而非拉扯光子",823.721,1707320421,de100637
1511937045143108608,因为观测了,1052.265,1707328140,54505dd5
1512001545351270912,众所周知宏观效应会有一个概率趋势这不就连起来了？不想卡bug也不是不可以,1026.596,1707335830,3b533936
1512232402234451712,有没有可能芭芭拉学过医学，打着巫医的旗号在实施专业手术？,996.828,1707363350,668f1692
1512476769406749184,噗，再见,981.123,1707392481,2192b47c
1512608267246103808,就象我们看动画片那样，动画片也不是连续的，只是我们觉得是连续的。,1031.334,1707408156,aaba05d6
1514049108397391616,这类魔术手法被揭秘过,954.314,1707579918,2e37a580
1514763847821686528,科学的尽头是神学,1067.514,1707665122,ec0293b2
1515115708605221120,不，相对论证明时空是变量,782.777,1707707067,9ba94f75
1515382011794174720,路西法,799.388,1707738813,8b55cc44
1516202209334213888,遇事不决量子力学,989.899,1707836588,8e9d9c30
1516399092161618688,有没有一种可能，一切只是场物质流动产生的变化,857.976,1707860058,e4ab6b8a
1516472943654308608,直到魔法揭秘开始播放,997.288,1707868862,dc228f33
1516934833941766144,主要就是，声音的能量太少了，除非是有放大器，或者类似引动雪崩一样的引子,846.614,1707923923,8384b083
1516941263289824512,说其他我还不一定熟，这个芭芭拉帕奇塔不久前我还看过揭秘,875.114,1707924690,8384b083
1519459610443232512,芭芭拉 冲鸭,875.621,1708224900,bdcd674a
1519521141822387200,法器？,863.309,1708232235,85109700
1519734356447349760,我记得有书说 唵 代表世间万物,745.784,1708257652,6e104b80
1520925161463963648,造神嘛，哪都一样,977.215,1708399607,39380461
1521520242915206656,黄帝外经到底什么内容啊,953.712,1708470547,2bc7f25d
1522305516666245888,芭芭拉冲呀！,901.502,1708564159,cfd4b043
1522600013229157888,你这个芭芭拉回复效果有点强,901.821,1708599265,afb33c7e
1523116779063697664,这就是芭芭拉原型吗,894.658,1708660869,caf65355
1523117225723492096,研究出来可是能“水”一篇论文的啊，怎么会有学者不感兴趣呢,921.75,1708660922,caf65355
1523826720631923968,所有的一切都是能量的互相干涉,868.615,1708745500,3c7337bc
1524834345603342592,遇事不决，量子力学,990.708,1708865619,2ecd090a
1525447203026720512,来困了..............,1051.074,1708938677,733e5dc3
1526071318246951680,那倒立行走是不是会活的久一点,839.812,1709013077,aec86728
1526213258074652160,就喜欢这句！,722.968,1709029998,a48a250c
1526215241627702272,芭芭拉冲鸭,932.186,1709030234,3fc86396
1528921959411564288,时空之王，命运道标,858.034,1709352900,f7ab0be
1529095836045338112,那是你念唵这类时 你的肌肉呼吸机都在随着你念这个字时有规律运动 按摩内脏,787.375,1709373628,b2446d3b
1529096324883104000,将无序混乱 通过振动变的重新有序，规律,845.558,1709373686,b2446d3b
1530200422705674496,我更倾向于时间是一把尺子 本来不存在只是为了让人类理解而造出来的工具 ,1065.539,1709505305,a5220fbb
1534711957620495616,因为思维是线性的,1034.803,1710043122,62081682
1543746423835697152,这么离谱？,910.195,1711120114,3ab4cc58
1546005639908824320,算了吧,907.089,1711389433,990cb761
1549518129745755904,苗医没病拿水,995.939,1711808155,ceb9f1ab
1551541810399105024,咒语就是用声音画符,730.627,1712049396,f686d65e
1551542719128959232,衰变，老化,838.951,1712049505,f686d65e
1562180038324307456,科学没有尽头。,1077.795,1713317572,59236c22
1577511418495228928,咒令：我，秦始皇，打钱！！！,886.446,1715145215,d59fe5b0
1578778053835180544,芭芭拉：演唱，开始！,890.933,1715296210,b897fdc1
1594020501347522304,黑客帝国,944.659,1717113251,10d4dc90
1615813523726791168,我每次睡不着就看他视频，一听就困，比安眠药管用,1041.055,1719711182,29578a32
1622577590823022080,幻影移形,1038.551,1720517521,72808daf
1639987416305571072,回调芭芭拉！,906.754,1722592934,95e48e44
1655797195032993536,湖北某个道教县的某个局长，就是被这种方式治疗的癌症，还拍了视频,957.966,1724477607,f85c634d
1682123295757073152,遇事不决，量子力学,986.771,1727615923,46c0c30d
1682123743473752832,缩地术！,1036.086,1727615976,46c0c30d
1693841864656055296,憨豆先生也干过类似的事,948.417,1729012885,76537ad9
1727377496854866432,读书时巴不得有这能力省下通勤,1036.921,1733010644,9d6fe986
1801466163009000448,高手啊,966.308,1741842701,705a891
1812420769691477504,怪不得蒙德城有个芭芭拉,992.077,1743148592,94749c01
1825597102567617536, 那光的散射呢？,816.808,1744719333,1a6d2728
1825599134908975616,电影中环节在他眼前上演，不敢想象他当时得震惊到什么程度,957.706,1744719575,1a6d2728
,,0.0,1775655591.4716349,
lb.c,,0.0,1775655591.4716349,
,,0.0,1775655591.4716349,
1510937110897690880,如果说是量子隧穿的话，概率极低，忽略不计。不如直接把射向他人的子弹，无伤遂穿到脑后。,1232.142,1707208939,de0d96f7
1510938654141682944,这难度，比空间传送还难,1249.191,1707209123,de0d96f7
1510941287778876160,言出法随？,1238.539,1707209437,520a78cf
1510960014297565440,有道理,1356.308,1707211669,73dbef55
1510973142066364672,我小时候经常混淆绿色和蓝色,1337.774,1707213234,2eb64d21
1511086203624329984,有合理解释了,1302.605,1707226712,903d032f
1511164230840225536,集体潜意识,1433.111,1707236014,4b967118
1511215250052352256,狼孩的故事如果是真的，那么鸿蒙讲座的故事岂不是真的？传道是真的,1431.28,1707242096,b789a2e2
1511218110945282304,所以自旋到底是什么意思,1100.438,1707242437,ad5cbc3e
1511255395841472512,思想烙印.  ,1347.877,1707246882,b694ac7c
1511404765434047488,这不是道家学说，这是道教学说,1156.319,1707264688,925a8e
1511431593041043200,阿赖耶识,1436.598,1707267886,cdf28e6f
1511460786487543808,本来就没有时间，,1087.225,1707271366,af3bc664
1511478139933912064,有道理,1368.836,1707273435,7a0bddcc
1511516709016718080,阿赖耶,1437.162,1707278033,3e818a27
1511533126998994176,观测物质世界必会对物质世界造成扰动，也就是互动，所以在微观世界，所有观测均是与物质互动后的结果,1368.97,1707279990,2b0a5cad
1511534374871452416,陀一定是博士后，逻辑，章节环环相扣,1206.486,1707280138,62081682
1511536152619183104,这就是地球ol的规矩呀,1351.549,1707280350,baaac14b
1511592607808412416,我们的世界是虚拟的,1141.448,1707287080,6e468b55
1511730073613624064,意识冰山，水面上的冰山看似独立，下面却连成一片？,1434.891,1707303468,ed61d4d3
1511912129274695168,其实可以吃 你喜欢的话（用过的容易产生细菌 吃进去会生病）,1339.593,1707325170,d67e1d47
1512134764138867200,这点认同，在学校考试的时候，明明我自己不紧张，题感觉也不难，但就是脑子空白，不会思考，感觉自己的意识被别人影响了,1430.906,1707351710,95936744
1512240897428290560,五蕴,1348.701,1707364363,f7efa00d
1512262604377145344,假设空间本就在你只是在这空间里放了个烟花，接着烟花充斥整个空间并不断蔓延,1169.81,1707366950,6031d481
1512505554680108288,有些所谓的证明只是为了让事情变的合理,1411.255,1707395912,f49ebad4
1513928600649548288,懂了，太上老君是量子（bushi,1170.598,1707565552,1a1281fd
1514382712004454144,神学不为用，科技为用,1247.087,1707619687,26b4c7d7
1514692285949028608,这个突然出现，也许是奇点以外的更高维世界对它产生了什么影响,1165.973,1707656591,2562f491
1514708046239426560,因为人本身就在系统中,1295.196,1707658470,2562f491
1514710233921327104,绿色也可以叫green,1337.739,1707658730,2562f491
1514711110069364736,确实,1434.603,1707658835,2562f491
1516133256528101376,石头人是吧,1438.144,1707828368,eef05dc0
1519363206387544576,时间和空间是连续的吗,1312.594,1708213408,89704736
1519643780385783040,地球不就在自旋吗,1103.687,1708246855,9c248688
1521295412676657408,？？？,1192.427,1708443745,1892977d
1521523478031927808,所以各大正教都重视语言的作用，圣经里丈夫可以否掉妻子的发愿，佛教和道教都说言语能召来福祸就是这意思,1231.27,1708470932,2bc7f25d
1522116546367880448,这可以假设并不是不教，而是教不了，或者不知道怎么把这种共振甚至说同频的展示给我们，甚至这个可以理解为天赋说的夸张点也就是超能力般是独有的，可以传承但不一定遇到差不多能遇到一个对师傅会咒语一样有天赋的,1267.781,1708541632,f4485a9e
1522694772203129600,所以世界就是像素组成的，根本不连续,1123.286,1708610561,164ded48
1522697891523916800,集体潜意识,1437.666,1708610933,164ded48
1525303812967995136,混元行意,1136.666,1708921583,48beeaa6
1526282993864606208,矩阵,1348.66,1709038311,1596239a
1526913926909220608,真言咒,1234.346,1709113524,53713d10
1529101675288482560,一段振动同样是有序的 会改变无序 同样消除混乱的应力,1321.582,1709374324,b2446d3b
1529103192561254400,认知定义牢笼,1374.684,1709374505,b2446d3b
1535828119645251840,净土宗,1225.742,1710176179,a125d774
1539225571467521536,真空中各方向的力是相同的，但是空间被扭曲之后就会出现“引力”,1127.443,1710581186,9798cac3
1544269461069150720,薛定谔的猫,1332.189,1711182465,384ddeeb
1548355340456971520,为什么打死狼,1382.359,1711669540,26c06ef
1549858698313306624,一语成谶,1237.96,1711848754,6bfe7442
1550314692902376192,像不像一个游戏的世界，从仅有一个世界到加载各种内容的样子？,1156.541,1711903113,7991c86e
1554004188055479296,少数的听到一半，发现已经一句话都听不懂了的视频，世界真神奇,1123.397,1712342935,9cd415f0
1558134519037870080,AI开机了,1178.136,1712835309,569fb314
1579252691224311808,五蕴,1355.02,1715352791,36dd6ae7
1579800639058708992,假装自己能听懂。这是咒语的一部分。,1109.409,1715418111,1d5a13e1
1592047346571685888,普通人的意识、记忆太靠不住了,1339.163,1716878033,f9c33a0
1616905396319193856,《白发魔女传》,1392.275,1719841343,22286d56
1628290035444993792,其实是不确定原理,1291.341,1721198498,e9ae1482
1641605769663529728,言灵,1230.33,1722785857,885fe8e9
1650106204409803520,信则有，不信则无，是不是也是共振，相信才可以和对方同一频率才能感受到，不相信频率不对就什么都不会发生，所以同一个方法，有的人灵，有的人不灵,1249.341,1723799188,2562f491
1661697840449405952,开控制台了,1234.173,1725181019,766e2ccb
1688364293735441664,假的？这是有记录的，还被写入了教育心理学的,1406.421,1728359907,2852ec86
1801377511042126592,时间是人道的概念,1104.052,1741832133,bd550466
1801378425123447040,人类对游戏的开发与创造，像不像天道对人类社会的创造,1212.996,1741832242,bd550466
1806733657709799424,张祥前的《统一场理论》能解释这些现像吗？,1287.425,1742470635,e9102dea
1827140962385317888,你看名字也知道，原始既是原初开始,1133.215,1744903376,1e8ae9f6
1902998389101029120,来自于经验和集体定义,1348.111,1753946285,2f11bf61
,,0.0,1775655591.4716349,
lb.c,,0.0,1775655591.4716349,
,,0.0,1775655591.4716349,
1510906544102140160,这是否能证明一定程度上证明灵魂的存在？,1624.165,1707205295,b7253f15
1510910449561168640,这部分应该是荣格的集体潜意识理论,1440.31,1707205761,1492c5f6
1510914819380157184,是不是给乌龟养大我们也能长命百岁了,1482.1,1707206282,66b8a922
1510920275179427072,比如心里说谁，谁就会打喷嚏,1749.222,1707206932,f57edb10
1510935521063628032,少了云端的算力支持,1472.716,1707208750,fc3b5a83
1510938085855267072,我用在感应外卖员是否到门口了，突然身体本能去开门,1748.476,1707209055,fc3b5a83
1510939849174349568,最新研究，意识，滞后于行为。行为是明星，意识是行为的经纪人。先做，后记录，再修改，更新下一次的行为模式，然后无限循环,1611.618,1707209265,de0d96f7
1510940204163147520,观测者效应，只能说仅供参考,1639.328,1707209308,de0d96f7
1510941203993114112,开智,1688.672,1707209427,1175e65c
1510943420246570240,这是真实的,1483.775,1707209691,fb5a2a45
1510944543003220992,开悟,1713.61,1707209825,7414f425
1510961183887348992,因无所住而生其心,1706.063,1707211809,cf105ce1
1511035621878063616,乌龟那个没法验证，因为乌龟不是哺乳类不会养小孩,1485.194,1707220682,e81cc6
1511063764844415488,高维观测者,1482.859,1707224037,3d58d951
1511111395234618368,但是谁也不敢保证动物没有意识啊？,1506.329,1707229715,ff133554
1511209499552427264,全世界觉得世界是天堂，那么世界就会变成天堂？,1481.001,1707241410,be61b0c1
1511216834996027392,双胞胎？,1610.797,1707242285,b789a2e2
1511223146534047744,古希腊掌管某某的神（doge,1550.905,1707243037,ad5cbc3e
1511223961420548352,如数家珍,1623.444,1707243134,ad5cbc3e
1511228030968900864,应该有吧，比如幸存者偏差；你只记住了说曹操就到的情况，或者父母回家的时间是规律的，你的生物钟告诉了你，使你有所防备,1746.417,1707243619,ad5cbc3e
1511477452092956160,亚空间四小贩,1570.169,1707273353,7c4f903
1511495235413645056,共业,1629.976,1707275473,e6bdc74d
1511497316744741120,上帝,1497.298,1707275721,922862d0
1511508691051051264,阿赖耶识,1441.43,1707277077,aef8af5a
1511568011436567296,阿赖耶识,1692.985,1707284148,d2e363e1
1511621789049190912,凉宫春日的忧郁,1540.488,1707290559,c396cf1d
1511623568927411456,灵能者？,1602.063,1707290771,efbe4fb1
1511631995141424640,那么反过来是不是父母到家前会觉得你在看电视,1750.205,1707291776,c0dcfb2c
1511640842572549632,余光再广也广不到背后,1785.868,1707292830,be83c184
1511687451415241984,xia我一跳,1542.529,1707298387,b82e8d5b
1511708301216445696,提到荣格的集体潜意识，那就不得不提到他在中国看到的《太乙金华宗旨》，后来又翻译回来的的《金花的秘密了》,1735.111,1707300872,9d05f18f
1511795647848672768,悟道,1725.188,1707311285,22b0b17c
1511835804467800832,因为个人意识 改变不了 集体意识,1538.777,1707316072,12d7ee3c
1511842276740092928,【黑门】个体高度独立，目标高度一致,1574.604,1707316843,12d7ee3c
1511847891394797056,喧闹的教室里突然所有人都不说话了。。。。,1765.309,1707317513,32e883ab
1511851208367988480,这不就是佛学么,1697.612,1707317908,9a409ed0
1512144308310928896,答案很显然是能,1505.483,1707352848,a7dc3a93
1512507446907027200,未来人KFK说的2048年之后,1636.84,1707396138,f49ebad4
1512542422654299648,“小我，大我，无我”,1702.041,1707400307,9c484b9d
1513849460013352192,目光这个确实神奇，我从小就可以感知到后面有人看我,1790.395,1707556118,f3c434db
1514406144062621440,人生如梦 梦就是我 我就是梦,1687.096,1707622480,552666d8
1514627335700539648,膀光,1780.411,1707648848,c4510bcb
1515381706549783040,gumayusi,1584.18,1707738776,faace91f
1516918028389108480,神圣的卡拉链接这我们,1465.03,1707921920,999e69a0
1517597278641419520,是每个意识单位都储存了集体意识 是一个同系统中可以共享的系统,1572.941,1708002893,63d7d7da
1517666500956532480,阿赖耶识,1570.555,1708011145,a9fcc626
1518446959336199936,超心理學?,1652.517,1708104183,4d77aa7c
1518686839769391872,王阳明的心外无物？,1704.751,1708132779,b80c6dd6
1519156000530225152,本自具足,1738.358,1708188707,b4116d28
1519202762028528640,还有睡觉突然自然醒，下一秒家里人会上厕所，或者谁在外面开始吵，都有提前性,1742.498,1708194281,b4b0d916
1519465296652840704,我被监控了,1455.932,1708225578,bdcd674a
1519800696000798208,erf,1760.395,1708265561,3f86f535
1520216088720532736,人能常清静天地悉皆归,1715.183,1708315079,a950714f
1520302050620088832,阿赖耶？,1443.431,1708325327,3c73699e
1520317563220260352,我和老爸闻出饺子馅咸不咸 都没尝,1758.613,1708327176,4cbb01a9
1520611966702639104,量子层面的怎么检测？,1511.223,1708362272,5b4e526d
1520612472183090176,科学的尽头是神学,1557.242,1708362332,5b4e526d
1520613854860544000,我对信息的传播方式更感兴趣,1661.023,1708362497,5b4e526d
1520614712394699264,干掉意识，请潜意识接管,1729.544,1708362599,5b4e526d
1520616434609354240,潜意识也应该有一个特定的通道,1775.277,1708362804,5b4e526d
1521527782797361408,不然你以为各大教派的教祖们都是怎么拉人头的,1516.589,1708471446,2bc7f25d
1523572044858465792,光音天,1618.639,1708715141,64dba629
1523572161124859904,光音天,1628.666,1708715154,64dba629
1523572275033640192,光音天,1634.063,1708715168,64dba629
1523572371754514432,光音天,1573.019,1708715179,64dba629
1523747023587911168,吾心自足，不假外求,1711.148,1708736000,c0cf273f
1523816576254704128,人能常清静，天地悉皆归,1699.89,1708744291,82bd86f4
1526257160668196096,宇宙这破地方对我们来说太大了，对别人来说太小了，原子不到,1551.06,1709035231,812c45be
1526916016251444480,云空间,1477.227,1709113773,53713d10
1528515952529233920,背后看我我完全能感觉到,1791.179,1709304500,e10a7d61
1529106510876402176,不是的 心无或者空时 你的身体自愈能力因为没有意识干扰 而从混乱变的重新有序,1770.288,1709374900,b2446d3b
1530376323233619712,念力,1529.842,1709526274,5ebf297f
1534718542484718592,果然还是佛学最接近宇宙真相,1723.379,1710043907,62081682
1536894454429364736,格式塔,1458.951,1710303296,82c0412c
1544845675316129792,近朱者赤近墨者黑,1611.934,1711251155,8a1c28a0
1546345570111973120,神识传音,1624.429,1711429956,4c9bc43a
1547691396486664192,生物电,1787.056,1711590391,2f361cc9
1547828874304575488,感谢尊者,1716.918,1711606780,2924f963
1548014426916315392,量子纠缠,1441.439,1711628900,166ca231
1548417538671826432,有没有一种可能 因为是狼孩天天被展览 被折磨死的喃？,1459.171,1711676954,fa755f5a
1548563003577111552,阿根廷：这我们很懂,1732.447,1711694295,c2ebb559
1548730885837164800,亚空间竟遥遥领先,1563.0,1711714308,cc4815cd
1549298721945368064,战锤P都给我出来,1606.423,1711781999,b1be4194
1550142669161201920,所以一堆人许同一个愿望有可能成功？？！,1666.191,1711882606,426ba631
1550770763064439552,荣格是看太乙金华才写出这个东西的~道家核心,1735.942,1711957480,dd2809d
1555063178428207616,结婚十年后，就变成大智之人,1706.235,1712469176,d60f4f19
1558138007037515776,大圣灵,1585.527,1712835724,569fb314
1565316480193916928,阳明心学，不符合物质世界统治,1755.958,1713691465,a097799c
1578482733217387008,也许宇宙就是一台计算机,1495.132,1715261005,6a93eb7d
1579057566506747136,亚空间灵能,1573.999,1715329530,efbe4fb1
1579058387558354176,放个屏蔽灵能的设备就感应不到了,1631.979,1715329628,efbe4fb1
1579254921771946496,佛陀,1546.46,1715353057,36dd6ae7
1579256023708093184,心有灵犀一点通,1608.875,1715353188,36dd6ae7
1592049700339921920,看我用闪电光速拳打破这一切,1571.994,1716878313,f9c33a0
1612321553985591552,《黑科技》,1629.812,1719294906,a219ff4e
1625968406040107520,古希腊掌管意识,1554.605,1720921738,3d151d8e
1649055077350368768,给你个眼神，你理解一下,1636.409,1723673884,5aaf2537
1652352658549466368,灵觉,1641.621,1724066986,a16cb467
1661107407721556480,脑波可以散发，我之前在一次小区跑步的时候，想起了一首歌，但是我只开始发出一个音节，走在前面的人突然开始唱那个歌词了。,1604.769,1725110633,5d2d3a9
1682127693300132352,一直观测不累吗,1483.673,1727616447,46c0c30d
1701599915598113024,什么？个人意识？人从出生就在被环境塑造所谓个人意识大多只是环境结合以及自身思考的结果,1504.402,1729937717,dedb02ff
1701603790564615424,说的有理,1704.659,1729938178,dedb02ff
1783338091067602176,被重力束缚的灵魂,1524.8,1739681666,2c44889a
1783338729121912064,量子纠缠,1596.358,1739681742,2c44889a
1783339428169745152,元气弹,1675.578,1739681826,2c44889a
1786974265653554176,影响别人心理学上可以轻易做到,1504.76,1740115132,5486f4a0
1786975214421919232,心理学上一个人可以轻易做到影响别人，那么扩大一下，理论上可以影响世界，甚至物质不是不可以的！,1526.38,1740115245,5486f4a0
1786976220400488960,一个北海岸的猴子学会了用棍子，南海岸的猴子不久也会了用棍子,1592.42,1740115365,5486f4a0
1916143344204589824,进击的巨人是吧？,1622.518,1755513286,a8280c73
,,0.0,1775655591.4716349,
lb.c,,0.0,1775655591.4716349,
,,0.0,1775655591.4716349,
1510907383742748672,跑得很快，求生意识很强,1859.8,1707205395,b7253f15
1510918903147094528,他修炼了《太乙金华宗旨》,2023.924,1707206769,7de28024
1510991378388436224,借鉴了太乙金华宗旨,1837.888,1707215408,294d453
1511005315775364096,哈哈哈,1963.285,1707217070,927717c4
1511014668888519424,上帝之手,1918.028,1707218185,ca822b25
1511166440768539136,这个棋盘不对,2072.106,1707236277,4653de3d
1511371598396001024,有没有可能是来自DNA,1950.402,1707260734,7fac09c3
1511483614431370496,牛逼,2021.509,1707274087,7a0bddcc
1511485013181729024,如今的奇怪现象就是没有没有了封建迷信，而破除封建迷信的虽然不是科学，但是科学却已经快成为过去的封建迷信了，我们想看到一件事的源头的时候，就会可以加上所谓的科学,2130.976,1707274254,af3bc664
1511504705279391232,金花的秘密,1815.389,1707276602,a98acdbb
1511512530986694912,人活着就是为了结婚生子买楼买车,1866.718,1707277534,aef8af5a
1511559259358233600,是的,2055.246,1707283105,b98c9fb3
1511559430016283904,不是的,2075.589,1707283125,b98c9fb3
1511559759764321792,言的流,2114.893,1707283165,b98c9fb3
1511559948726130432,演的流音的体,2137.413,1707283187,b98c9fb3
1511560084688445696,言的流音的体,2153.621,1707283203,b98c9fb3
1511565634423857408,分不清~,1884.517,1707283865,933259ff
1511602383002993408,《周公解梦》,2037.176,1707288246,6ff793a8
1511624784738764544,某些时候也是知识水平决定的，夏虫不可语冰,2085.835,1707290916,50d5c8b
1511646783602726912,夏虫不可语冰是认知层面上的,2089.501,1707293539,be83c184
1511686028237673472,金花的秘密+1,1819.319,1707298217,a061f1a1
1512226107229853696,我认为，由于身体硬件相差不大，当思想到某一个峰值的时候，有可能会触发身体的某种开关，而引发现象,1877.869,1707362599,4000cde6
1512227452569843712,基因,1912.019,1707362760,4000cde6
1512227704295081216,基因希望存活、和延续的意志,1890.303,1707362790,4000cde6
1512236336088623360,或许曾经真的有魔法，因为人们认为世界上有魔法，现在没有魔法，是因为人们认为世界是科学的,2100.762,1707363819,4000cde6
1512239475148106496,人体，很奇妙吧！,2126.422,1707364193,27b83167
1512239655066593024,可是我在梦里是可以飞翔的,1994.485,1707364214,265b6271
1512362316396920064,好多次做梦都在飞，有时候觉得就算现实都能飞了,2001.879,1707378837,4220556d
1512364029216148480,其实有关联的,2134.299,1707379041,4220556d
1512480029035323904,鬼故事：进度条,1986.306,1707392869,65c077b4
1512511491256164608,就像那个著名的死囚实验，蒙上死囚的眼睛，在胳膊上滴水，但是告诉他是把手腕割破了，最后死囚死了,1998.61,1707396620,f49ebad4
1512758448813970688,……左和右的A和A以及左和右的B和B比较吗——相同,2073.468,1707426059,eb3ee6e6
1512924223243730432,说不同的吧图片保存下来吸取颜色画线就知道了,2080.35,1707445821,699e6f85
1514001847558388224,可我几乎记不得梦里的情形，甚至醒了后忘的很快,2013.071,1707574284,92e7c78e
1514629060230230784,共食性,1922.803,1707649054,c4510bcb
1515208208879558912,太乙金华宗旨,1820.396,1707718094,2562f491
1516831083335831808,曼德拉效应就是意识改变世界的例子,2115.96,1707911555,a0af2f4
1517339590636122880,一个人有个人意识，在群体中个体无意识,1856.843,1707972174,16f2bbca
1517340428742268160,基因表达的侵略和修改……,1922.122,1707972274,16f2bbca
1518340789556555008,这图不是著名的假图吗？,2076.051,1708091526,7bc7e17c
1518977214304181504,我用卫生纸遮住，亮度也是明显不同,2076.376,1708167394,7b4973e9
1519556650824935168,sOx的时候,1849.993,1708236468,bde99489
1519704264153583360,根本就不一样,1987.828,1708254065,c4176682
1519724956970561024,庄生晓梦迷蝴蝶,2000.801,1708256532,71375078
1520496850229345536,"我怎么彷佛听到哀乐的声音,,,",1958.693,1708348549,8d4759ff
1520618504934856704,你牛逼,1956.753,1708363051,5b4e526d
1520621387814055936,意识可以改变世界，方法、强度、时间,2113.674,1708363395,5b4e526d
1521535987929572352,乌合之众也说过这个事儿吧,1846.43,1708472424,2bc7f25d
1521537440450462976,一般来说治疗这种病的话求助巫医的多，以及，很多都是能量附体啥的就很能说明问题，总归是业力，负面能量集中在某几个人身上以之为祭品的话，守村人啥的就出现了,1900.246,1708472597,2bc7f25d
1521538643486181120,宗教里对梦境的解释更加合理而且能找到和现实显化的对应的特别多,1982.965,1708472740,2bc7f25d
1522429998416676096,我看过,2027.856,1708578998,1a2551f2
1522430086144580096,红叔，我是真的没有懂他的逻辑在哪里，因为确实讲了很多他的梦境，特别是二战的时候,2029.696,1708579008,1a2551f2
1522449276075153152,涂尔干的集体欢腾,1849.819,1708581296,2268529f
1522702111547525632,阿努纳奇,1914.388,1708611436,164ded48
1523066636838878720,《世界是一个巨大的人类补完计划》,1884.829,1708654891,ded02f3a
1524532962606070784,通过对比RGB发现，AB两点颜色是有明显差异的,2073.796,1708829691,22aa0f2b
1526036773640537600,人的动物性，也就是深层次潜意识占了肉体主导地位。人类受的教育是未了压制原始伤害性欲望，所以人性本恶？,1906.67,1709008959,5990b651
1526309394483435520,意识在我看来最大的作用是编码，而对我们行为做出决定的是潜意识，所以，我是意识在编码的时候形成的虚幻概念,1804.446,1709041458,f635abf2
1529108745760615680,中医精神病患烦躁的 是有身体热,2036.695,1709375167,b2446d3b
1529109335303665664,黑客的信息病毒会让硬件过载烧掉,2107.015,1709375237,b2446d3b
1530381264878675712,盗梦空间?,2050.537,1709526863,5ebf297f
1530381665493414912,"以前的日心说,地心说",2098.366,1709526911,5ebf297f
1534719463906337280,荣格就是星际宝宝,1822.664,1710044016,62081682
1539231689010641152,我们班级基本上看一眼就知道对方的情绪，而且，有时候我前桌甚至知道我在想什么,1801.193,1710581916,9798cac3
1539233523800655616,那是你要长高了,1999.187,1710582134,9798cac3
1543386100599866880,曼德拉效应,2122.645,1711077160,7b1896f7
1565315906044132608,佛学和道家比，差几个境界,1809.015,1713691397,a097799c
1573349828916924160,他有修炼,2032.259,1714649115,336113a1
1573350443558662912,太极,2102.099,1714649188,336113a1
1578361954559677440,有人尝试过AI解梦没？很有意思,2041.123,1715246607,d607362e
1590228868223436800,意识水平这词说的妙啊,2088.428,1716661253,32e70d68
1600658511925350656,我听懂了他在说什么。他说的没错,2052.81,1717904564,3080c9a7
1602239587080851712,看了东方的书 吕洞宾,1832.756,1718093042,69bea4b0
1624819953872344064,靠，颜色居然真的想通，具体看评论区,2075.46,1720784832,fe252aac
1649059446992731392,意识是不是种能量,2157.324,1723674405,5aaf2537
1657206902897253376,左右图不一样啊,2071.912,1724645657,bb2b695c
1786980775188154112,这点承认，多层意识观测的结果，总结的很好,2103.861,1740115908,5486f4a0
,,0.0,1775655591.4716349,
lb.c,,0.0,1775655591.4716349,
,,0.0,1775655591.4716349,
1510911112671956992,我们过于相信科学，认为他是真理了。这是否是一种固步自封？,2425.662,1707205840,b7253f15
1511043103258296832,免疫系统：啊对对对,2316.231,1707221574,2ab2c67e
1511044392453046528,从青城山下来的老中医让我感受到真实的炁,2355.993,1707221728,b35f19a4
1511116286984442880,不是抵抗力吗？,2322.185,1707230298,ff133554
1511235917728701440,←宗教神学等被认为与科学相对立的学科现在也被认为是人们对于无法用科学解释的现象的自我安慰,2429.827,1707244560,ad5cbc3e
1511272775527040768,好的中医实在太少 遇到是福气,2364.25,1707248953,dfbee101
1511487267166930432,针灸,2457.037,1707274523,7a0bddcc
1511488226815205888,最可怕的就是如今，已经脱离了所谓的封建迷信，可是我们脱离的真的是封建迷信吗，而且如今证明任何事情的时候一定要加一些有关科学的东西，这也是一种对科学的过度迷信吧,2424.626,1707274637,af3bc664
1511490249644360192,西医和中医还真不是有关联，这点我不认同，中医和西医文化上就是相反的，中医和西医不在一个维度上，一个年轻人发现了老者走过的路，你能硬说他们是有关联的吗，西方文化的弊端,2473.872,1707274878,af3bc664
1511491297306146304,在治疗过程之后，人开始认为自己会好起来？,2422.389,1707275003,85a4eac4
1511516174092251392,然而恰恰相反,2214.264,1707277969,aef8af5a
1511531146054523648,是的，上学的时候胃痉挛，当时生物老师，就用力掐我虎口，一点点的缓解了,2472.447,1707279754,2a157ba2
1511540666142896896,针灸：我TM来了,2449.592,1707280888,ac9066d7
1511560550700850688,是普洱的味我这,2209.157,1707283259,b98c9fb3
1511561083603974144,表象是化学的，本质是物理的。其实整体上化学是物理的宏观而已。,2394.803,1707283322,dc8b0e4a
1511562175272190720,是电脑制作的,2402.846,1707283453,b98c9fb3
1511562415010359808,电的载言的流音的体,2431.439,1707283481,b98c9fb3
1511616696140648192,有没有一种可能，人的思维就是高维生物思维在三维世界的投射,2233.578,1707289952,51f3e284
1511629591763218432,《金花的秘密》,2198.031,1707291489,50d5c8b
1511713660849069824,卧槽,2252.769,1707301511,9d05f18f
1511845184265346816,任何的任何，所有的所有，尽头都是易经。,2400.141,1707317190,2cb16c2f
1511848725457576960,每个个体意识都是高维意识的神经突触？,2239.216,1707317612,12d7ee3c
1512021031039366400,每一个字都看得懂，句意也知道但是深度不够就会产生一些别人一看就知道是错误的猜想,2435.828,1707338152,3b533936
1512219504078473472,S于新冠？,2246.511,1707361812,ad11dac3
1512243732911897088,个体影响主体，主体影响个体,2501.573,1707364701,4000cde6
1512397767090551040,中医里没有癌症这个概念并不是说不能这就能解释断肢者为什么还能感觉到到失去肢体的疼痛,2427.562,1707383063,5a4a6244
1512442956387476992,寡人二刷,2469.849,1707388450,85d43060
1512444733740298496,抵抗力，是个比较抽象的概念；你心情不好的时候，抵抗力就会差些……,2329.185,1707388662,ae0ac0c3
1512515443531734272,在圣经里有一些奇妙的描述，用身体必须人，用人必须身体。与这段类似,2500.145,1707397091,74b8ee47
1512549070609536000,针灸,2458.17,1707401100,9c484b9d
1512896328530001152,缓解没有用，不满意，要治愈。因为可能欺骗身体,2509.863,1707442496,1c12d50
1514036594607452672,不太正确，人的思维本身拥有更高维度，只是身体在目前空间最高只能是三维,2237.494,1707578426,4f1113dd
1514062225051420928,心理健康与身体健康确实关联很深,2304.737,1707581482,2e37a580
1515215889161593600,有听过得了癌症然后全世界旅游最后癌症反而痊愈的例子，也许就是脱离了致癌环境加上好的精神状态的结果,2221.041,1707719009,2562f491
1515795323803729664,这个真实体验，真的是这样,2292.632,1707788083,776bda24
1516057247812173568,经脉,2467.808,1707819307,82e8dd71
1516098734025386240,难道不是靠免疫系统吗,2217.268,1707824252,57df44d5
1516612670131155712,其实西医也有很玄的东西，比如免疫力，什么时候叫免疫力好，根本没有具体的概念,2352.269,1707885518,6697a20f
1516991386145065216,高维世界的VR游戏,2242.624,1707930665,48d70840
1517344831318743040,用人参、黄芪,2224.338,1707972799,16f2bbca
1517347802605385216,精神意识=软件信息，身体物质=下载3D打印,2410.515,1707973153,16f2bbca
1517582444402952449,卧槽，这就是天赋异禀,2209.346,1708001125,88fbb66
1518174427320574720,不是西医是现代医学,2493.541,1708071694,3c60f134
1519730201108750592,科学是方法，为何要不相信呢？,2430.059,1708257157,71375078
1520622084756373248,他修炼了,2190.139,1708363478,5b4e526d
1520623330330361344,自己！有个外国医生实验过，靠强烈的心理暗示治好了牛皮癣,2265.456,1708363626,5b4e526d
1520908359560115456,气伤则痛，形伤则肿。气比血先行六寸。,2463.567,1708397605,a0cafc8b
1520963744061128704,前面那个，火子哥直呼内行,2236.008,1708404207,80f2eb12
1520976130982018816,迷迷糊糊的是玄学 不解的神学 懂得科学,2164.245,1708405683,6c47009f
1521541107815769088,这算啥异端啊，打坐在基督教里又不是没有，很少有人修到那么深而已,2197.052,1708473034,2bc7f25d
1521544602920772096,万一西医本来继承的是黄帝外径那乐子就大了，岐伯万一就是那个希波克拉底岂不更可怕，很好奇当年恩基作为蛇族老大到底传了什么功法和理论下来,2474.618,1708473451,2bc7f25d
1523114759841384448,先生大义,2220.415,1708660628,db9cfae7
1523126538688596992,橙汁还是纯水,2313.98,1708662032,caf65355
1523127209450338816,地上对应马斯洛需求前两层，天对应后三层,2330.991,1708662112,caf65355
1525636257588286464,按摩！！！！,2448.508,1708961214,c53b682b
1528241822726842368,信念生物学,2263.622,1709271821,67438bf5
1529109935458407680,因为不到的时候没惊喜 你记不住 只有曹操到了 有惊喜 你记住了,2178.542,1709375309,b2446d3b
1529110732233364480,你意识紧张了 身体一系列物理化学反应 给你留下了太多应力,2273.522,1709375404,b2446d3b
1529112483883823616,但你的意识会干扰这种修复运动 天长日久 应力积累 你修复不了,2482.358,1709375612,b2446d3b
1534725077554193920,疗愈我们的，永远是自己的内在,2271.099,1710044686,62081682
1539356874623708928,睡的好，第二天精神抖擞心情自然就好，所以认为自己健康，重点在开心快乐,2335.221,1710596839,bfc60bba
1548194627050484736,那这个流行性病毒怎么解释呢,2357.649,1711650381,1d7ce053
1548737409313900288,针灸和点穴！,2457.962,1711715086,cc4815cd
1548993516074816768,针灸穴位？,2464.159,1711745616,6a29f185
1550050407584231168,把他理解成状态就行了，科学也是一种状态。,2376.561,1711871607,ccb411bd
1551006195068880640,我曾把气壁离体外，，还发出了影响世界的声音噗噗,2375.778,1711985546,f522bbb6
1555121621273371136,因为电的手疼,2473.939,1712476143,ea11837c
1565496225019493120,西医无法治疗检测不出原因的病症，但中医却能从不同角度解释并治愈,2218.107,1713712892,db9fdcf0
1571601289748546816,分形，局部是整体和自己的可变参数，万花筒,2504.482,1714440673,21037bc0
1573351739003034624,爽,2252.579,1714649343,336113a1
1573352303841283328,三魂七魄,2315.899,1714649410,336113a1
1573352830830809344,穴位,2374.619,1714649473,336113a1
1573353742068092672,任督二脉,2456.859,1714649581,336113a1
1578362787087190528,天魔入侵意识,2212.663,1715246706,d607362e
1579291454101486848,吸引力法则,2176.759,1715357412,ee107ec5
1580492236670840064,针灸,2507.608,1715500556,cfe44174
1582387350733290240,nonono，是玄学,2264.528,1715726471,19d5eff4
1590230282005697024,描述的很准确啊,2206.25,1716661422,32e70d68
1590232687867065344,这类人的意识程度较高,2296.406,1716661708,32e70d68
1590234558584909056,针灸的原理,2452.39,1716661931,32e70d68
1605835904344478464,足疗必须入医保,2518.927,1718521757,9969ad27
1626647873456418816,双系统是吧,2310.978,1721002737,8dd59655
1629547859357964288,在陕西上学时，跑遍各大医院一年都治不好的过敏，被一个小镇的中医14副中药治好了,2341.119,1721348442,29760c94
1650116862052451072,先天体质差,2285.144,1723800458,2562f491
1650261338385420800,阿赖耶识,2391.787,1723817681,a2dbbf2a
1682133631210146048,？？,2169.502,1727617155,46c0c30d
1682136044864119808,……这个所谓“先兆”用中医更好解释,2414.885,1727617442,46c0c30d
1784896564435635712,手术治不了疾病，只是切掉病坏的组织，最终战胜疾病还是靠自身免疫力,2269.278,1739867451,9cb0fde9
1786987271728803072,为什么那么多人总认为一切理所当然呢？你身体有问题，你第一想法是啥？,2446.361,1740116683,5486f4a0
1830415254694682880,这个就像很多人挠痒痒明明挠左手结果连带着身上一个地方也痒痒,2511.665,1745293702,16af4bf5
1862541813677282816,真相：活得百岁以上的人体内不是没有癌症，而是没有去过度处理，或者根本不知道。,2259.253,1749123486,fa202f09
1903035108337248768,嗯嗯，所以说科学一点是优于玄学的，所谓玄学，就是你没办法证明真，所谓科学是你要想办法证伪。恕我无才，看不出孰高孰低。,2433.468,1753950663,bd550466
,,0.0,1775655591.4716349,
lb.c,,0.0,1775655591.4716349,
,,0.0,1775655591.4716349,
1510952832432415488,经络,2577.363,1707210813,da322836
1510991273237134336,此处需要二舅,2787.883,1707215396,e61716b0
1511219917113070592,逐渐忘记标题,2540.273,1707242652,cd48e03d
1511241564939450880,也有观点认为量子坍缩是应为受到了外界的干扰，干扰源和意识没关系，比如一个光子,2647.722,1707245233,ad5cbc3e
1511250899723715072,质的变幻,2604.981,1707246346,99d607ef
1511251694502139648,有时候分不清是意识还是欲望或是意志,2699.741,1707246440,99d607ef
1511252858329573632,锻刀赛，奥德彪,2838.509,1707246579,99d607ef
1511489279375808768,集体潜意识是不是就是宗教里面的神,2696.952,1707274763,7a0bddcc
1511539839638453248,问题是双缝实验并不是意识干涉物质，只是对应的观测行为导致了结果不同，就像人眼观测万物只是万物把光反射进人眼而已,2598.026,1707280790,2b0a5cad
1511543098244037120,内观,2829.376,1707281178,2bd59f90
1511563184681708288,是承合,2523.182,1707283573,b98c9fb3
1511573785415964416,心理作用确实在起作用....现有科学体系认知下，确实离谱了,2616.921,1707284837,933259ff
1511574982160060416,看到这想起了我朋友总说的“有些东西的意思，只有在特定的语言下，才能不变形的完整表达出来，翻译成别的语言，就不是原本的东西了”，虽然他调侃的是网络河蟹,2683.356,1707284979,933259ff
1511633916526979840,进击的巨人-路,2675.093,1707292005,50d5c8b
1511780150743128320,催化剂是参与反应的,2548.702,1707309437,1eda1f81
1511852761502107648,这里可能指：被屠宰分割后的牛肉块的肌肉还能正常颤动,2847.467,1707318093,16cebda2
1512029021372691200,低于标准线的拉上去高于标准线的误导下去结局早已注定,2860.137,1707339105,3b533936
1512214670243791360,炼神返虚、,2769.67,1707361236,749823ac
1512214775856221440,炼虚合道,2782.265,1707361249,749823ac
1512247837205778176,或许养生主本来就是一个词，他有一个单独的意思,2728.225,1707365190,4000cde6
1512265698607546368,都对，文言文言简意赅,2710.272,1707367319,6df0c1d6
1512897040949031168,假说不能验证，就有点伪科学了,2559.982,1707442581,1c12d50
1512988025402061568,“名可名，非恒名”,2630.507,1707453427,bf7bf192
1514006800888858368,经脉,2527.311,1707574875,92e7c78e
1514008915740832768,催化剂很多种类的，有参与后还原型的，也有不参反应与只影响的,2559.507,1707575127,92e7c78e
1514065585376442880,不是推向玄学，而是曾经以为是玄学的现象有了能以科学理解的可能,2635.15,1707581882,2e37a580
1514637225634528256,庖丁·：舍不得刀,2834.589,1707650027,c4510bcb
1514643111123638016,维特斯根坦：语言的边界...,2698.257,1707650729,608c8027
1515917648968501760,玄之又玄众妙之门,2657.089,1707802665,38e0cfa7
1517587125145587968,要是长期催眠自己会怎么样,2725.298,1708001683,88fbb66
1517675852157326336,读金刚经,2672.59,1708012260,a9fcc626
1519780859342057216,感受到过，甚至知道是什么。但是害怕接触。,2665.365,1708263196,58acec7
1520469782808481536,道可道非常道,2629.481,1708345322,d762be28
1520627791895512064,我更赞同三个分开,2718.688,1708364158,5b4e526d
1521023430105978880,哈哈哈，前面的,2563.92,1708411322,b553b98a
1521547084388373504,克苏鲁了起来,2745.87,1708473746,2bc7f25d
1522708604589951232,是哪个意识在观测,2595.771,1708612210,164ded48
1523734953245245696,哈哈前面的，你是真信教科书上说的呀，参与反应本身就存在问题，能量一定会变的，也就是量,2552.856,1708734561,d8b5495b
1524372883437014528,人体有按钮，按下去就能触发某种联动,2562.916,1708810608,3e145f2f
1527738967150391040,性命双修,2796.143,1709211876,70a57111
1529115662369318912,都是要么一念正确的引起于正确的道路上让身体有序 要么就是无思像睡觉一样,2861.229,1709375991,b2446d3b
1530385645233783040,还有物理学,2572.795,1709527385,5ebf297f
1530387079006374400,练气,2743.662,1709527556,5ebf297f
1530388143193323264,"蚯蚓,壁虎断尾求生",2870.574,1709527683,5ebf297f
1532534714815294208,所有宗教的最高层都完整的说明了只是你不懂,2675.576,1709783574,a5469906
1534890321371221248,催化剂就是相信的力量,2561.12,1710064384,62081682
1547839603913129984,汉尼拔：庖丁解人？,2866.091,1711608059,2924f963
1565343465338884096,我悟了！随心所欲！想睡就睡，不行起床就不起床！工作爱谁干谁干，老子不爽，啥也不干,2865.521,1713694682,a097799c
1572567091251712256,养生=主；逍遥=游,2769.161,1714555805,372c8582
1590239059560099584,名可名，非恒名也,2630.965,1716662468,32e70d68
1590239493980714240,人的天赋差异,2665.61,1716662520,32e70d68
1590240603575560448,易经中的物极必反,2765.451,1716662652,32e70d68
1592060581706304768,啊，这个真没想到，有实证吗？,2560.711,1716879610,f9c33a0
1592061687744197376,大家好，我是新生代科玄家,2643.455,1716879742,f9c33a0
1594314014312289536,黄帝内经,2534.97,1717148240,10d4dc90
1616707099876686080,文惠君：解压短视频——庖丁解牛,2805.71,1719817704,67bcbd29
1626675886122125312,又回来了,2591.958,1721006076,5633d2a9
1631438955083855104,突然想起标题,2585.702,1721573878,21c7b3eb
1651791865642563072,有谁知道现在的背景音乐是什么吗？求求告诉我。,2643.134,1724000134,5f181478
1651794047494518272,AI识片酱,2699.113,1724000394,5f181478
1786991413704718848,分不清欲望意识的，修炼就是种方法,2714.281,1740117176,5486f4a0
1831179479373324544,早期解压小视频,2816.9,1745384804,b710be43
1831457109842711808,学音乐的人有体会，学音乐之前都是完整的听歌，学完以后现在都会无意中注意各个声部，很难完整的听了,2843.746,1745417900,dfe4b0fd
1862545145472995072,意识是其中一部分原因吧,2613.311,1749123883,fa202f09
2024269125094457856,我觉得是倒过来读,2729.341,1768402884,69b55d6
,,0.0,1775655591.4716349,
lb.c,,0.0,1775655591.4716349,
,,0.0,1775655591.4716349,
1510957622461777920,天魂,3128.676,1707211384,da322836
1511218571445973248,一个人不行的 量变才能引起质变,3198.341,1707242492,d42c8ad
1511230160643446528,阿卡西记录呗~,3238.541,1707243873,cd48e03d
1511530686627303424,NPC的集体AI啊,3237.649,1707279699,f170be36
1511568884010922240,是梦与愿望,3125.115,1707284252,b98c9fb3
1511570884618528512,是通灵的梦境,3206.23,1707284491,b98c9fb3
1511822907737834496,庄子：原来我时这么想的啊！,3134.221,1707314534,bda1f123
1512251072759342080,突然失去或者将情感带入了,3070.429,1707365576,4000cde6
1512252022500783360,灵光一闪，突然想到,3150.493,1707365689,4000cde6
1512252635288549376,其实是循序渐进，早有征兆，但大多数人无法察觉,3191.345,1707365762,4000cde6
1512253239452826112,那之前的猴子们为什么会开始蘸着海水吃呢,3230.319,1707365834,4000cde6
1512774213281604608,卧槽。混沌理论系统！！！！,3153.81,1707427939,8ed0c3de
1514016509931098624,你猜第一个发现螃蟹能吃的，到底怎么发现的？猴子又不傻,3209.326,1707576032,92e7c78e
1514073298105808384,迷因，或者说信息木马,3180.678,1707582802,2e37a580
1514583535271749888,第一只猴子受到启发后并做出的行动，是对猴子这个集体意识里编入了规则，从而改变了集体,3218.418,1707643627,c665640
1514639174123334656,自性,3026.532,1707650259,c4510bcb
1514640437590583296,更高的维度,3120.485,1707650410,81689b77
1514641035211329792,猴子阿卡西,3230.978,1707650481,c4510bcb
1514698547189152000,这里已经看不懂了。。。,2926.085,1707657337,9ffb6953
1514744780003978496,到这里就已经是我的认知极限了,2941.535,1707662849,9dd3ff7c
1514824981765295104,这BGM,2972.822,1707672409,e2780229
1515242570916536832,之前的是跟科学家学的,3233.369,1707722190,2562f491
1516890290877783552,火之意志,3111.925,1707918613,88702550
1518665084443254784,哎呦，不听了bgm太诡异,3049.544,1708130185,be292ef8
1518807268521512192,相信后人的智慧,3102.257,1708147135,f9adf723
1520316968576921600,应该是王浩，,3176.635,1708327105,3c73699e
1522419705653141504,形神俱秒，与道合真,3022.407,1708577771,be610f50
1523014509801892096,集体潜意识,3111.359,1708648677,1d21615c
1525945910948258816,传火,3093.569,1708998127,d2dd72c0
1526325358331251200,这里的理解就是形是个容器，而神就是被这个容器盛着的,2938.91,1709043361,f635abf2
1527744800521370112,薪火相传,3096.725,1709212572,70a57111
1527758035026471424,神能入石，神能飞形,2920.882,1709214149,62568114
1528889413248482048,传火黑魂,3116.323,1709349020,6f32af52
1530108341492489472,好困啊,3034.209,1709494328,5804464b
1534893210164506624,超体,2897.908,1710064729,62081682
1537580659072350720,想听妖怪篇,3181.802,1710385097,91e0a9c8
1544285120998244864,蝴蝶效应,3176.236,1711184332,384ddeeb
1544357386121272832,不会是共同意识吧,3095.67,1711192946,5783e517
1575480378784163840,信上帝,3134.598,1714903096,a388be22
1579708203527511552,问法官啊,3179.339,1715407092,36b4895d
1579948250130296320,精神,3090.485,1715435708,9b4ce596
1581621475461416704,这种背景音是什么，太喜欢了,3108.623,1715635172,de41b98e
1592064944445303808,你这CPU架构该优化了,2936.602,1716880130,f9c33a0
1592066053209484544,你也许不能创造自己，但至少可以改造自己，能不能创造也不一定,2998.077,1716880263,f9c33a0
1592067141253920768,我在乎的这一个失去了，我还不能难过？,3084.918,1716880392,f9c33a0
1596308833918038528,我还是会扶的,3164.151,1717386041,50e7d22
1606223054693128192,胖猫,3160.501,1718567909,daf8c946
1623418737971474432,昆山龙哥,3189.659,1720617794,db4ca287
1631442855685806336,大圣灵,3123.419,1721574343,21c7b3eb
1786995063336434432,如果潜意识是真的，那么人类身体的共生微观生物的集体潜意识是不是就是人类意识的温床？,3025.581,1740117611,5486f4a0
1806748969587135744,陀，你不是一个合格的科学家，但是，你是一个好心理医生！！！！,3076.512,1742472461,e9102dea
1916164431202230528,进击的巨人。,3222.153,1755515800,a8280c73
,,0.0,1775655591.4716349,
lb.c,,0.0,1775655591.4716349,
,,0.0,1775655591.4716349,
1510971530572945408,病毒也是,3260.161,1707213042,68adfe97
1510983347998903808,所以为什么说公众人物说话和行为是有影响力的。。,3271.184,1707214451,5344860d
1511047425832659456,虚空终端,3240.373,1707222090,8327211f
1511152281444385536,这个进度条够带劲,3267.0,1707234589,c82172ab
1511578410852420352,吃过,3323.709,1707285388,b98c9fb3
1511680385774603008,呜呜呜呜呜,3381.092,1707297544,350b71bd
1511864251613163520,好赞！！！已三连！！,3375.957,1707319463,a151a368
1511912731333112064,尼古拉特斯拉,3242.059,1707325242,e77b4efc
1512209128251316224,国之大事，唯戎唯祭,3343.927,1707360575,3d3ac38c
1512361484406102784,我说：看过这个视频的人都很快财富自由,3374.202,1707378738,c811e88f
1512905877231943168,如果可以，我请求我父亲的病症可以通过中医治好，不需要手术化疗,3385.38,1707443634,96c0ea62
1514017550168926720,这个叫榜样~,3263.867,1707576156,92e7c78e
1514052802664623104,巨人里也是这麽说的,3250.246,1707580358,8b405922
1514074494271267840,榜样,3250.657,1707582944,2e37a580
1514426217699705088,"随众生心,应所知量,循业发现",3338.047,1707624873,552666d8
1514467136347857152,传播学,3252.723,1707629751,fdae21aa
1514585089571321600,本质如up所讲，表观来看，是个体与其他体的互相影响,3257.288,1707643812,c665640
1514586357778151424,意识能向上编辑规则，从而让其他个体受到影响。,3375.288,1707643963,c665640
1515244400329096192,终于回到标题,3352.533,1707722408,2562f491
1515245365908168192,会，我赞美一个人，对方就会开心,3371.569,1707722523,2562f491
1515327875191339520,每个生物，即使不是生物也都有自己的编码程序，找到合适的接口，输入各种形式的命令就会产生各种光怪陆离的结果。。。,3381.143,1707732359,1ffbc1b5
1515820269367795712,言出法随,3371.896,1707791057,776bda24
1516768920881824512,我很有钱我会很有钱,3387.47,1707904145,70fd3c54
1516954469592933632,但是呢，很可惜，天地不仁以万物为刍狗，物质宇宙也不会因人的想法而转动,3336.001,1707926264,8384b083
1517633712840660224,真的已经三连了，你已经言出法随了,3390.09,1708007236,1733fcea
1518174832104131072,闭口禅开口定乾坤,3371.615,1708071743,8efd754e
1522714113464572160,阿卡西记录,3252.427,1708612867,164ded48
1522755371783948800,相信相信的力量,3370.14,1708617786,e361d6e7
1523774884663086848,不是八级大狂风吗？,3328.519,1708739321,66fc55c1
1525948176568456704,其实我也觉得我能影响天气,3349.825,1708998398,d2dd72c0
1526329365493732096,拉马努金,3246.818,1709043839,f635abf2
1527761067525454080,君子之德风，小人之德草,3264.903,1709214511,62568114
1528252348273969408,←前面发这个弹幕的，回旋镖在等着你,3334.468,1709273076,67438bf5
1528302863489519616,董仲舒的天人感应。。。,3335.263,1709279098,eb692ff6
1529666599341484032,岛上没有番薯，科学家带的,3240.346,1709441668,3c7337bc
1529668256988820992,首先得找到输入代码的入口,3366.077,1709441866,3c7337bc
1531277046981185792,原神，拯救世界,3377.201,1709633648,7039cd78
1532749734215975936,能影响天气？那不是萧敬腾吗？,3335.762,1709809206,a48a250c
1548578720279697920,关键小人物,3375.09,1711696169,c2ebb559
1561767342860648960,上传到云平台了，全人类的意识都在训练同一个AI模型,3240.735,1713268375,43544b2e
1579709736914476800,人定胜天,3362.094,1715407275,36b4895d
1592069102250627584,反正预知梦我确实做过,3243.288,1716880626,f9c33a0
1592069806364986880,罪己诏？,3318.523,1716880710,f9c33a0
1592070266757056768,所以萧雨神是怎么影响天气的？,3344.159,1716880765,f9c33a0
1606399670735766016,同样适用于所有宗教、政治,3277.292,1718588963,726a651a
1608730598024060416,终于绕回来了，哈哈づ♡ど,3350.983,1718866831,92bbae6d
1837860283956193536,刚开始说什么来着？咒语,3369.517,1746181218,eb39c167
1862551286277790976,媒体,3273.964,1749124615,fa202f09
1916166274984708352,等等，这不是董仲舒的天人感应吗？,3313.709,1755516020,a8280c73
1916166598281445376,这不是天人感应吗？,3285.004,1755516058,a8280c73
,,0.0,1775655591.4716349,
lb.c,,0.0,1775655591.4716349,
,,0.0,1775655591.4716349,
1510893569358271232,第一第一,1.699,1707203748,cde4d87e
1510899902287393024,因为翻译的过程信息会有误差,326.337,1707204503,18041a7d
1510909908177375488,大吹法螺，大敲法鼓,139.426,1707205696,6701cdaf
1510910844496804096,咒语：钵钵鸡 钵啊钵钵鸡 一元一串的钵钵鸡,264.042,1707205808,a2d527c6
1510919025335687680,角度新奇，有想法，尚,30.832,1707206783,68222e04
1510930940716041728,占座,18.899,1707208203,520a78cf
1510950755354440448,临兵斗者皆烈阵在前,56.422,1707210566,7ab67633
1510958798544962048,传播的都是怎么分红，知识垄断和解释权垄断是宗教发展的重要手段,322.894,1707211524,68222e04
1511034478041378304,如果宗教失去神秘性，被彻底解构，那会彻底沦为娱乐产品，甚至被遗忘,316.877,1707220546,9f3bfdff
1511181262969388544,好家伙，这时长老夫相当满意,4.106,1707238044,cd48e03d
1511182539002482176,阿达瓦卡达哇,80.78,1707238196,c5b1b916
1511222906066129664,更新了,2.219,1707243008,2d45ce45
1511226942186302720,八利三藏,254.169,1707243490,925a8e
1511242451145711872,是临兵斗者皆阵组前行,60.751,1707245338,56542bc
1511243862948012288,呃稍微做个思想实验就知道了吧，两人用同一个咒语博弈，宇宙会让谁的生效？,48.369,1707245507,61765872
1511247346108166144,保持神秘性,324.439,1707245922,9ba24f69
1511269600958901504,起源于远古的傩戏吧，只是语言到后面音调之类的变了,229.695,1707248575,9a4d5722
1511286993429352448,傩戏？,195.086,1707250648,40e8b606
1511371366191285504,一本老书，魔界英雄传,56.191,1707260706,d7472b31
1511371955406711296,宗教、民俗需要权威啊，和普通人分开,332.559,1707260777,a03619e9
1511443430792994816,读作频率,50.419,1707269297,f170be36
1511449130046897920,ai是语音是ai服务人。所以按这个逻辑理解 咒语就是人服务神，而不是神服务人。,39.02,1707269976,c9088b35
1511456406702981888,欢乐豆效应,18.499,1707270844,9a409ed0
1511458951899097600,唵蓝净法界，乾元亨利贞,57.505,1707271147,935d4258
1511460489002457856,嘛哩嘛哩哄,115.187,1707271331,f79d57f0
1511461124523224064,巴啦啦小魔仙沙拉沙罗全身变~,122.181,1707271406,f79d57f0
1511464619930060288,大威天龙，般若妈妈哄！,123.144,1707271823,2694a6a3
1511484128527372544,盂兰神功,201.216,1707274149,b5a2bfa6
1511493372387584768,酆都,186.259,1707275251,aef8af5a
1511501312163094528,六字大明咒,65.699,1707276197,3c847720
1511518557304159744,但是指定语言可以掌握解释权，你传播了但是不听我的，那有什么用,321.567,1707278253,5eea56d8
1511520194298916352,惠州人冒头,133.131,1707278448,f388d0d7
1511530496667056128,奇术师,38.359,1707279676,9f798b2
1511539736383475456,背景音乐很好听,238.293,1707280778,e98af137
1511542792294497792,电的载，言的流音的体！！！~,92.155,1707281142,b98c9fb3
1511568683934632192,太平歌词,176.762,1707284228,dccf1241
1511634527880466688,嗯，用山东话来读论语对吧？！,303.511,1707292078,d9096a03
1511682304282562304,细思极恐,65.85,1707297773,e7a6fc0
1511691840704061440,这根本不是悖论，宗教信仰可以共享，但宗教解释权不能，用这些与众生不同的语言是刻意为之,314.645,1707298910,10fe7ea0
1511767484339176448,你要弄清楚什么是咒 在从你的语来研究,107.255,1707307927,c04d39b0
1511770286520144384,但咒语往往需要支付代价,42.49,1707308261,3e66d107
1511813234556941056,普罗米修斯！！！,263.753,1707313381,a151a368
1511845043487872768,我们称为：指令【狗头】,102.28,1707317173,8872ac8b
1511858711323561472,一切都会好起来的,9.076,1707318802,f57b51b5
1511865453088102912,其实就是呼出控制台输入权限内的命令而已,68.929,1707319606,de100637
1511902250002346752,日落西山呐～～～～～ 日落西山黑了天,180.056,1707323993,fe023968
1511930684984525312,殄文,153.507,1707327382,4024beb
1511982163430892032,涟漪到一定程度要么忽视要么被摧毁,76.168,1707333519,3b533936
1512199663267418368,异世界舅舅？,279.895,1707359447,668f1692
1512239974622197504,说不定咒语就是神鬼的语言,29.139,1707364253,cfd7ca0d
1512317236235702272,老法师啦。,154.589,1707373463,ac63fe8e
1512342985545859840,往生咒的话历史不会超过两千年,99.669,1707376532,ec1e650d
1512350557044727040,就连网庙上吹的不靠神仙的道教也是不受箓不拜师无法入道,325.259,1707377435,ec1e650d
1512385944664624896,真语音系统？,300.179,1707381653,85182cf1
1512396870666703616,是的，在河南搭台唱戏，只要开始了，哪怕没人看了，也要唱结束，因为还有鬼神要看,200.4,1707382956,e490b69f
1512401437198811648,前排提醒，这视频不是讲神秘学和民俗，也不是讲符号学人类学的，纯纯的地摊文未解之谜系列,0.0,1707383500,ec1e650d
1512411536671438080,配的视频太烂，为什么不用倩女幽魂里的夺命梵音？？！,65.249,1707384704,df179fd2
1512412001694205696,古代佛经没有文字，都是口口相传。分组背诵互为备份，防止荒腔走板。,130.443,1707384760,218bc651
1512413195863024640,戏曲规矩：一旦开唱就必须唱完，就算没有人听，也会有鬼神在听。,187.237,1707384902,218bc651
1512470663531772416,商博良也不能翻译吗？,254.691,1707391753,2192b47c
1512575622239711744,汽车人变形出发!,34.061,1707404265,1c876ed5
1512675556465262080,爷爷，你关注的up主更新了,0.053,1707416178,e6b1cced
1512800259246878720,雅语？,188.839,1707431044,22a12544
1512835991520727552,加油加油加油,49.519,1707435303,e2e36116
1512878834314398720,急急如律令,116.139,1707440411,ac66a05
1513407398424177664,咒语是古代文明在集体潜意识上构造的系统操作语言 辅助你用神识力共振现实,50.326,1707503420,bb2b695c
1513519125832521216,我知道了，来念，大威天龙,271.527,1707516739,8471b486
1513825907696042240,世界的本质就是震动,35.041,1707553310,97783db7
1513854484185655040,吃葡萄不吐葡萄皮,140.116,1707556717,d2d434c9
1513867228041500928,咒语很管用的，楞严咒大悲咒超管用，,79.791,1707558236,92141b11
1513869470635296768,楞严咒很厉害,124.271,1707558504,92141b11
1513869954716362240,太极腔,181.873,1707558561,92141b11
1513870167694691072,符合太极转动的腔调,207.251,1707558587,92141b11
1513875250914631936,哈嘛噼,256.295,1707559193,697c73c5
1514040566067789056,失传的语言,231.848,1707578900,2e37a580
1514042597747022336,传播的不是教义，而是以神秘把控对神言宗教的释义权，进而掌控教徒思想,318.305,1707579142,2e37a580
1514082080827877632,有句话叫做末法时代，咒语可能就是可以震动那些魔法元素的发音。越大的法术就是需要越多的魔法元素加入,159.257,1707583849,1d9e85c9
1514199858108791040,背景这个场景和美女好美好精致,97.689,1707597889,543b1b52
1514355957059465728,言灵,83.299,1707616497,b1181568
1514357118193747456,包饺砸！,221.677,1707616636,b1181568
1515017413597801984,玛卡巴卡,5.733,1707695349,65bbde51
1515075022790625536,港片能作为参考？？？,193.326,1707702217,19d790a7
1515323257966851840,龙族,33.379,1707731809,2a0baa1e
1515352156562250752,天猫精灵。开空调,86.414,1707735254,651def2b
1515858433734178048,不是讲究天人感应吗？我认为因该注重感应。,283.302,1707795606,38b7cd34
1515967506836537344,代码也是咒文←_←,144.937,1707808609,a1427164
1516076378326696448,纳米机器人就是魔法元素,168.409,1707821587,78fb5fc8
1516259650881020928,我认为一定不会是种真正的语言，或者说一定没有规律,11.119,1707843435,c9cb581b
1516599242444146176,这些咒语可能是调整自己能量的一种技巧，但是前提是对自身能量有认知，现在已失传了,121.64,1707883918,be0efab2
1517403587184422144,我知道，同伴加压耗时3防夜袭，是神秘交谈,276.082,1707979803,e63ec77b
1517533032255605248,恐怖的时长,9.17,1707995234,d8d03db0
1518137113181289216,陀螺么,9.807,1708067246,7fb60ea5
1518947474113374464,不算什么新想法，我小学时就在很多科普科幻书籍中见过了,34.415,1708163849,8d99378e
1518975570909053440,这些是谜因或者说是模因,88.047,1708167198,8d99378e
1518988018554381824,索绪尔《普通语言学教程》,207.331,1708168682,8d99378e
1518990509333373696,有没有可能神不需要语言,334.629,1708168979,8d99378e
1519019224050573312,手机便是魔杖,65.464,1708172402,eb2d8318
1519077329471963392,斯人已逝,155.313,1708179329,5ae573e0
1519119575835716352,终于有人说这个了！,14.259,1708184365,852f32d4
1519176036183758848,咒语 密码？,158.411,1708191095,f8fa38dc
1519415599787310080,摩西摩西,333.508,1708219654,a5fd0f2a
1519616248227790080,外星语吗,248.364,1708243573,c67dfee9
1519674270610095104,6++++++,227.168,1708250490,3ed244f1
1519776711493963008,梵文,128.253,1708262702,cac1ea43
1520599627219771648,"Hey, Siri就是一句咒语",52.979,1708360801,62dea387
1520960370053912832,把这个换成语音识别就对味了 哈哈,285.435,1708403805,6c47009f
1521046991315212032,一人之下--巫妖  神格面具,189.927,1708414131,484718e1
1521313780892562432,计算机语言和程序验证,344.643,1708445935,73ad9a4c
1521828578877088256,什么亚空间,274.869,1708507303,3f564a18
1522141123278263296,讲好一个故事,84.475,1708544561,749148d6
1522245180462621696,有没可能是为了所谓神秘感，你不懂就觉得神奇而已，有可能经文只是说你吃了没之类的话,349.408,1708556966,c4f0a743
1522338742013231104,言出法随！,72.482,1708568119,d4df00e7
1522739676061328128,言出法随,96.474,1708615914,9242b9d5
1523493689731924992,南无阿弥陀佛,132.559,1708705800,ed3aa3fa
1523727651624210944,说不定就是外星人教了一半,313.746,1708733690,9accefd7
1524238675792495360,古语或者外语加上误读？,120.786,1708794609,eb9bb181
1524350810652467456,纳米机械可以实现的,73.747,1708807977,3e145f2f
1524871559263616000,这其实和人类的傲慢有关,322.405,1708870055,334b68cd
1524951088132848640,宇宙系统的cmd指令,36.891,1708879535,4506ee92
1525478414050475264,大家不要误会这里，只是为了解释咒语，是一种娱乐的方向。研究的并不是宗教的政治性,325.499,1708942397,b958d312
1525514254814519040,唱诗人,282.422,1708946670,b6955852
1525986563543289088,失落的史前科技？！,42.619,1709002974,ea787008
1525990164084938496,有没有一种可能翻译后会失真？知其意，却不能知其境,315.411,1709003403,ea787008
1526707221625564160,已经关闭了，神远古的时候为了调试留的GM接口而已,51.784,1709088883,ac9c7a53
1527043400309016064,真名,289.935,1709128958,f2719655
1527406274621540096,遇事不决，外星语言,254.434,1709172216,b5f326f3
1527518713752931072,阿瓦达啃大瓜！！！！,75.721,1709185620,acc807f1
1529578567409916928,惊！晴雅集？！,29.392,1709431174,43bd4e89
1529581902888364032,一种保持自我文化的方式而已,313.873,1709431571,662e91a1
1530203757764441344,神秘主义,333.339,1709505702,961f4073
1531427263931784704,菠萝菠萝蜜~~~,139.178,1709651556,d798ad0c
1531911304212702464,？？巴利三藏是原始佛教语言，记录不应该是原始佛经么？怎么会翻译不出来,245.83,1709709258,1b499427
1532035581700394752,梵文,233.951,1709724073,180c64e8
1533269809557922048,我们所有的念想都是咒语,70.357,1709871204,62081682
1542529958940243200,是的，有的看似是梗，其实有些力量在的,90.778,1710975100,32e70d68
1543111050709208832,桐人：system call,56.917,1711044372,1fa48e31
1544947092043549440,想起句话，科学的尽头是玄学,207.987,1711263245,3e3a2c80
1547095614930966784,其他语种的经文怎么呢,303.683,1711519369,e6a80cdd
1547958184134834176,这里还有个悖论，当一个种族发展了一个宗教。那么肯定是这个种族的宝贝,330.11,1711622195,e32b7191
1548159716230860800,这不是维护正统核心地位的需要吗？,316.706,1711646219,41484aff
1548278444176366080,怎么证明或者证伪,44.389,1711660373,aa9228fe
1548340582077118976,表音文字,253.179,1711667780,26c06ef
1548341319083226368,为了最终解释权,332.879,1711667868,26c06ef
1548698437929915648,拉莱耶语,233.375,1711710440,cc4815cd
1549523100742364416,伊卜拉沙~,235.001,1711808747,145aa409
1555920021157790720,我也会：“小爱同学，帮我开灯”,47.483,1712571320,a7828a4c
1578907644843075328,就是高维能量语，链接你和你的原神,77.328,1715311658,89a93e3c
1579045791392150016,是高哥特语和低哥特语的意思吗？,256.159,1715328126,efbe4fb1
1579600572553052928,一陀翔,19.0,1715394262,c2ffcf2b
1593186662605772544,想让咒语变成真，你必须从相反视角观测咒语的实施～,6.368,1717013850,d9f65bf6
1595352854670238464,古神语,279.125,1717272080,548c6421
1613232999364002560,以前人少,319.025,1719403559,e64c5464
1625946687002524416,宇宙的代码,40.819,1720919149,3d151d8e
1639155093452823296,小孩子灵性高,163.464,1722493714,3b877167
1657286574037113856,科仪 密咒,211.368,1724655155,257a1ebb
1671812029079470592,宇宙编程语言,348.506,1726386724,67547af9
1685437688540383232,还有宇宙语,256.42,1728011029,f2f5aee3
1693835141027384576,巫在古代是指可以沟通天地的人,173.132,1729012083,76537ad9
1710183110169744896,没错，只要戏台子搭起来，没人也要唱，因为有鬼神也再看,183.934,1730960913,9820c3cc
,,0.0,1775655591.4716349,
lb.c,,0.0,1775655591.4716349,
,,0.0,1775655591.4716349,
1510900560373553408,撞到真空容器壁之后能量引起了容器壁的形变和内能增加，也就是做了功,659.79,1707204582,b9f37c81
1510900651868260864,现象难道不是人规定出来的吗？,458.885,1707204593,b7253f15
1511025437420547840,这里bgm有人知道吗,518.722,1707219468,9039f3b4
1511030251256490240,这个有解释,449.298,1707220042,1555eca4
1511042247267934720,达摩是真实的历史人物啊，有记载的,360.85,1707221472,3d58d951
1511091314459339776,光音天,449.444,1707227322,4404adee
1511091935325041920,光音天,447.529,1707227396,4404adee
1511092919216725760,阿凡达团建,389.076,1707227513,165e8d50
1511105664078934784,真空中应该是没有物质媒介来共振,579.255,1707229032,ff133554
1511151090589253376,那么问题来了，神无所不能，为啥不啥语言都懂,402.783,1707234447,4653de3d
1511177058464783872,这个逻辑有问题，就算耶稣真的复活了，那后世的人都没见过又凭什么相信，那没见过的后人可以相信，没见过的前人就也可以相信,385.196,1707237543,a002bc65
1511180170973705728,阵法？,686.459,1707237914,6d8b995d
1511196360635076352,吊在板上的原因,581.869,1707239844,8e8a9411
1511282684226246912,相信神存在≠神真的存在。,394.928,1707250135,be6a4a57
1511337549380404736,相信相信的力量,406.35,1707256675,d23c6e91
1511344816028825856,这个应该是心理学。,421.01,1707257541,86ff93e9
1511444496154427392,啊，竟然有文献？,539.327,1707269424,57b0d9a5
1511492257423854848,是催眠学，不是心理学，在很多时候是超心理学的概念,516.282,1707275118,2a863fc8
1511508387635012608,现象不是人规定的，是人发现归纳总结的，无法复现没找到规律的就是神秘,468.904,1707277041,3e818a27
1511522047493633792,"祝由术算不算,听说确实有一定效果",428.512,1707278669,f0e5ceae
1511531083693425920,共振就是功放,624.337,1707279746,3291c759
1511536718556469248,可以理解为神灵C语言,509.384,1707280418,25a3a2fb
1511545975553024768,遇事不决，量子力学,497.303,1707281521,18d3d9b6
1511604753430393344,好像臭名昭著的水知道答案也提过类似的理论吧,656.368,1707288528,c0dcfb2c
1511628251397654528,耶稣也是真实的历史人物啊,364.559,1707291329,be83c184
1511695680824204032,曼陀罗,630.593,1707299368,2b4097c
1511698937155826944,声音不是消耗了能量才出现的？,477.243,1707299756,e274e0d6
1511868531464402176,灵能科技会引发亚空间天灾,434.039,1707319973,de100637
1511906428947239424,这种事是完全有可能的 但是距离神学 十亿八千万光年,522.151,1707324491,fe023968
1511907011250652928,真空不空 朋友,583.404,1707324560,fe023968
1511986773247507200,别迷信了，就算法翻译成同样的语言也是近似意和本意肯定有区别的，声音也分很多种，人与人听到也会有差别，这方面确实大家都不懂就看谁在那装，相信科学，拒绝迷信,411.888,1707334069,3b533936
1511992122906106624,只要别傲慢就很难迷信,487.448,1707334706,3b533936
1512399397458329600,逸散成熵了,482.04,1707383257,e490b69f
1512416070420826624,全国无论南北，都有一种去除喉咙鱼刺的祝由术。无法用现代理论解释，但真管用。,424.813,1707385245,218bc651
1512417522790590464,压点效应会产生电磁波，另一块同规格压电材料能够接收同频电磁辐射。,532.909,1707385418,218bc651
1512553623576776704,这太扯了,499.588,1707401642,3ff15c6
1512961307039537152,听音识曲,557.452,1707450242,3b054801
1513120392393488640,曼陀罗 荷鲁斯,627.43,1707469206,cb704783
1513607207155996928,祝由术,431.192,1707527239,4c09d4ff
1513712709210978816,千里传音,544.654,1707539816,51e24fc0
1514046186527756800,金花,637.486,1707579570,2e37a580
1514414867174400768,扯什么？的布罗伊物质波也是这个差不多的情景,506.264,1707623520,2610031c
1514810229593054464,有时候挺好使的,424.53,1707670651,7abc00a5
1515079558796536832,是语言就能承载,442.446,1707702757,19d790a7
1515889347617151232,言出法随,688.232,1707799292,38e0cfa7
1516074366621033728,有体验，比如快睡着半梦半醒间有时就会听到别人的说话声,510.885,1707821348,87b7cc89
1516142762431414528,巫医:我用的巫药是地塞米松,371.827,1707829501,7885fa40
1517231888501551872,能量在引起介质震动时就损耗了,667.08,1707959335,b02b4760
1519097112141709824,脉轮,632.163,1708181687,b79fb829
1519149031283219968,六字大明咒的“唵”字声波成像出来的就是一个坛城的模样,702.861,1708187876,b4116d28
1520413688194932736,只看结果，不看过程,434.976,1708338635,18f90f29
1521193655723901440,打电话不也是这样吗,543.23,1708431614,1afc700e
1521515294374641152,很多佛世界是以音声形式存在的就是这个意思，佛说法的音声响彻三千大千世界乃至无量无边世界却互不干扰，个人推测原理也是如此甚至更高端,646.222,1708469957,2bc7f25d
1521869830855307520,九龙化骨水,428.984,1708512221,5e5b832e
1522614177301480704,我都不知道我是從哪裡開始聽不懂的,680.949,1708600954,e5b3855e
1523056658296037376,虚拟世界么？,434.293,1708653702,11aee060
1523111823023342080,这也是因为有电场啊,525.467,1708660278,caf65355
1523399379279849984,真空量子涨落产生虚粒子，这些虚粒子可以震动传递声音,509.3,1708694557,e0aa4922
1523733545385058304,就像音乐会影响人的情绪或行为,589.669,1708734393,c0cf273f
1523896536491566336,神说要有钱，于是真的有了钱,407.087,1708753823,a623f050
1523921070451773184,直接操作底层代码的意思？,460.701,1708756748,bc3c5dc4
1524083323922976512,听不懂，但是爱听,547.719,1708776090,3238262a
1524151221777249792,我想到了催眠！,451.94,1708784184,31a50c5b
1524872064241377536,找个海妖，她们有语言插件,395.524,1708870115,4df1c005
1525795062360167424,如果是相同结构的设备，很有可能只是因为固有频率相同,579.875,1708980145,38db071e
1525895530184793856,魔术？,376.219,1708992122,2846fd25
1526905709101803520,源代码,625.148,1709112544,53713d10
1527805746459515904,可以用同一条鱼用火烧软 放水中喝下去就可以了 没试过 可以试试,428.36,1709219837,c3660b3b
1528746137987852032,抵抗重力我笑死,447.8,1709331941,b18ca3c3
1529391240104563712,真空没有空气啊，能量没法传递呗。,474.731,1709408843,acab398a
1529393029109376512,图案与物质形成未必有关联，结,685.81,1709409056,acab398a
1530561309647992576,原神，启动,440.699,1709548326,7039cd78
1530563428618802176,原神，拯救世界,685.059,1709548578,7039cd78
1535763481922828288,你好。地球人,502.126,1710168473,369f2308
1538300396295406080,当你相信神存在的时候，你无法分辨神不存在,400.555,1710470897,380fb161
1543391465777099264,太阳：那我走？,403.631,1711077800,e185455b
1543744512340334080,雷达？,682.265,1711119886,3ab4cc58
1545168316992144640,别着急反驳～人家都有资料的，又不是信口胡说。先看看中不？,522.289,1711289617,2a2f81cb
1547835726564081664,大型演唱会,392.023,1711607597,ef69e866
1548724242135296000,这不是共振，这是系统的耦合运动，不要望文生义,587.954,1711713516,5e86f2be
1550077398274505728,披着科幻外衣的外星非洲,415.033,1711874825,594a703a
1551541533415911424,画符？,697.612,1712049363,f686d65e
1551666175614980608,电子设备的声音和人体的一样吗,654.95,1712064222,af883166
1559681438692134144,频率,462.398,1713019716,1d73ca06
1565534952362303744,分形几何,688.766,1713717509,5db64ff1
1578153244038174464,非局域耦合机械振子的同步及奇异态,589.095,1715221727,4350c6ed
1582038471336594176,史前超级治愈机器人，通过语音交流借用,417.043,1715684882,97213204
1587104621032583424,突然串戏到了浮世叁千问233,549.603,1716288814,482d75e4
1589353646557061120,看到这个我立马想到了麦田圈的图案,681.825,1716556919,5931d69a
1605616503556794112,==没人说达摩是神吧？佛教从来说佛是开悟的人而已,401.019,1718495602,926fe657
1616096372220716544,那就是每个读音都与某种波共振，或组织成固定的波形组合，这样的波形组合就产生某种能量，达到一定强度就能影响能量场,475.339,1719744900,13b5d3c3
1616896630853157376,转化成内能了啊,473.553,1719840298,22286d56
1622573075915028992,逗猫棒,585.05,1720516983,72808daf
1623704623200179200,真空不真，即使太空，也是相对真空，不是绝对,499.219,1720651874,4c99fc82
1639981537342845184,总裁那里看过这段,603.241,1722592233,95e48e44
1655747505583124480,麦田怪圈,690.774,1724471683,b7d61015
1657054149197909760,所以皇帝学天人的音乐就是为了拯救当年的人,705.618,1724627447,bb2b695c
1684301329097158656,节拍器,580.965,1727875564,fea2e132
1707933810337497600,神“说”：要有“光”,450.231,1730692776,c87e78db
1786962726779324416,首先发出声音的东西你必须得给它一个定位，或是锚点，一切从它出发才有对错，或许这就是人类限制？,712.141,1740113757,5486f4a0
,,0.0,1775655591.4716349,
lb.c,,0.0,1775655591.4716349,
,,0.0,1775655591.4716349,
1510908556394966784,芭芭拉：治疗就交给我吧,914.772,1707205535,66b8a922
1510931899072224768,就算时空不连续，我们感受到的也是连续的。,1022.773,1707208318,de0d96f7
1510932180552081408,比如：眨眼补帧。视频一顿一顿的，可是在我们看来，就是连续的。,1024.733,1707208351,de0d96f7
1510932571318612736,卡顿，对于连续来说，通过对比，才有卡顿。,1026.053,1707208398,de0d96f7
1510939667150138880,细说深入,977.537,1707209244,6840d8d4
1511037968390157824,图穷匕见,773.855,1707220962,f2194801
1511107728758915584,这是波纹攻击,919.726,1707229278,ff133554
1511108334592237824,开始看不懂了,1019.318,1707229350,ff133554
1511115165905922560,我喜欢,775.271,1707230165,21836113
1511154999126838016,那如果光可以被力吸引或者退离呢。。。,810.518,1707234913,4653de3d
1511215457519212800,这个招数电影里的神婆经常用,949.238,1707242121,833e8924
1511244701272300544,法术：言出法随,847.578,1707245607,ddd5415e
1511440245227354368,时间是否存在都是个问题，讨论这个,865.197,1707268917,cb122b68
1511450399830701568,魔术大师,951.539,1707270128,c35938f7
1511467769114449152,万事不决，量子力学,1006.523,1707272198,5d76bd6e
1511492002686982912,其实是魔术而已,992.258,1707275087,1253f646
1511543661714979840,如果魔术能救一个濒死的人就好了,1003.873,1707281246,f0e5ceae
1511544817807974400,我还以为我屏幕上有蚂蚁！！！,960.27,1707281383,275bd317
1511551857225513984,？,956.623,1707282223,18d3d9b6
1511686273318952960,遇事不决 量子力学,999.821,1707298246,afd6932a
1511694476094334976,图穷匕见+1,789.081,1707299224,e7d94bb0
1511739552522725888,这不会是芭芭拉的原型吧,919.964,1707304598,68b8b69b
1511765376005291776,所以关键是理解共振的本质吗，共振为什么存在,720.256,1707307676,d3926e93
1511837427696720384,我的老师跟我们讲过很多这种，老老师懂的很多，都给我们讲，现在可能没老师知道了,969.57,1707316265,928db7c7
1511839115250015744,不是魔术，我那个老老师说，超自然跟化学物理学有关，不是假的，只是我们现在不懂,996.13,1707316466,928db7c7
1511872289778621440,"光不会被引力吸引,而是沿着空间最短的路径传播而已.所以黑洞是扰动空间而非拉扯光子",823.721,1707320421,de100637
1511937045143108608,因为观测了,1052.265,1707328140,54505dd5
1512001545351270912,众所周知宏观效应会有一个概率趋势这不就连起来了？不想卡bug也不是不可以,1026.596,1707335830,3b533936
1512232402234451712,有没有可能芭芭拉学过医学，打着巫医的旗号在实施专业手术？,996.828,1707363350,668f1692
1512476769406749184,噗，再见,981.123,1707392481,2192b47c
1512608267246103808,就象我们看动画片那样，动画片也不是连续的，只是我们觉得是连续的。,1031.334,1707408156,aaba05d6
1514049108397391616,这类魔术手法被揭秘过,954.314,1707579918,2e37a580
1514763847821686528,科学的尽头是神学,1067.514,1707665122,ec0293b2
1515115708605221120,不，相对论证明时空是变量,782.777,1707707067,9ba94f75
1515382011794174720,路西法,799.388,1707738813,8b55cc44
1516202209334213888,遇事不决量子力学,989.899,1707836588,8e9d9c30
1516399092161618688,有没有一种可能，一切只是场物质流动产生的变化,857.976,1707860058,e4ab6b8a
1516472943654308608,直到魔法揭秘开始播放,997.288,1707868862,dc228f33
1516934833941766144,主要就是，声音的能量太少了，除非是有放大器，或者类似引动雪崩一样的引子,846.614,1707923923,8384b083
1516941263289824512,说其他我还不一定熟，这个芭芭拉帕奇塔不久前我还看过揭秘,875.114,1707924690,8384b083
1519459610443232512,芭芭拉 冲鸭,875.621,1708224900,bdcd674a
1519521141822387200,法器？,863.309,1708232235,85109700
1519734356447349760,我记得有书说 唵 代表世间万物,745.784,1708257652,6e104b80
1520925161463963648,造神嘛，哪都一样,977.215,1708399607,39380461
1521520242915206656,黄帝外经到底什么内容啊,953.712,1708470547,2bc7f25d
1522305516666245888,芭芭拉冲呀！,901.502,1708564159,cfd4b043
1522600013229157888,你这个芭芭拉回复效果有点强,901.821,1708599265,afb33c7e
1523116779063697664,这就是芭芭拉原型吗,894.658,1708660869,caf65355
1523117225723492096,研究出来可是能“水”一篇论文的啊，怎么会有学者不感兴趣呢,921.75,1708660922,caf65355
1523826720631923968,所有的一切都是能量的互相干涉,868.615,1708745500,3c7337bc
1524834345603342592,遇事不决，量子力学,990.708,1708865619,2ecd090a
1525447203026720512,来困了..............,1051.074,1708938677,733e5dc3
1526071318246951680,那倒立行走是不是会活的久一点,839.812,1709013077,aec86728
1526213258074652160,就喜欢这句！,722.968,1709029998,a48a250c
1526215241627702272,芭芭拉冲鸭,932.186,1709030234,3fc86396
1528921959411564288,时空之王，命运道标,858.034,1709352900,f7ab0be
1529095836045338112,那是你念唵这类时 你的肌肉呼吸机都在随着你念这个字时有规律运动 按摩内脏,787.375,1709373628,b2446d3b
1529096324883104000,将无序混乱 通过振动变的重新有序，规律,845.558,1709373686,b2446d3b
1530200422705674496,我更倾向于时间是一把尺子 本来不存在只是为了让人类理解而造出来的工具 ,1065.539,1709505305,a5220fbb
1534711957620495616,因为思维是线性的,1034.803,1710043122,62081682
1543746423835697152,这么离谱？,910.195,1711120114,3ab4cc58
1546005639908824320,算了吧,907.089,1711389433,990cb761
1549518129745755904,苗医没病拿水,995.939,1711808155,ceb9f1ab
1551541810399105024,咒语就是用声音画符,730.627,1712049396,f686d65e
1551542719128959232,衰变，老化,838.951,1712049505,f686d65e
1562180038324307456,科学没有尽头。,1077.795,1713317572,59236c22
1577511418495228928,咒令：我，秦始皇，打钱！！！,886.446,1715145215,d59fe5b0
1578778053835180544,芭芭拉：演唱，开始！,890.933,1715296210,b897fdc1
1594020501347522304,黑客帝国,944.659,1717113251,10d4dc90
1615813523726791168,我每次睡不着就看他视频，一听就困，比安眠药管用,1041.055,1719711182,29578a32
1622577590823022080,幻影移形,1038.551,1720517521,72808daf
1639987416305571072,回调芭芭拉！,906.754,1722592934,95e48e44
1655797195032993536,湖北某个道教县的某个局长，就是被这种方式治疗的癌症，还拍了视频,957.966,1724477607,f85c634d
1682123295757073152,遇事不决，量子力学,986.771,1727615923,46c0c30d
1682123743473752832,缩地术！,1036.086,1727615976,46c0c30d
1693841864656055296,憨豆先生也干过类似的事,948.417,1729012885,76537ad9
1727377496854866432,读书时巴不得有这能力省下通勤,1036.921,1733010644,9d6fe986
1801466163009000448,高手啊,966.308,1741842701,705a891
1812420769691477504,怪不得蒙德城有个芭芭拉,992.077,1743148592,94749c01
1825597102567617536, 那光的散射呢？,816.808,1744719333,1a6d2728
1825599134908975616,电影中环节在他眼前上演，不敢想象他当时得震惊到什么程度,957.706,1744719575,1a6d2728
,,0.0,1775655591.4716349,
lb.c,,0.0,1775655591.4716349,
,,0.0,1775655591.4716349,
1510937110897690880,如果说是量子隧穿的话，概率极低，忽略不计。不如直接把射向他人的子弹，无伤遂穿到脑后。,1232.142,1707208939,de0d96f7
1510938654141682944,这难度，比空间传送还难,1249.191,1707209123,de0d96f7
1510941287778876160,言出法随？,1238.539,1707209437,520a78cf
1510960014297565440,有道理,1356.308,1707211669,73dbef55
1510973142066364672,我小时候经常混淆绿色和蓝色,1337.774,1707213234,2eb64d21
1511086203624329984,有合理解释了,1302.605,1707226712,903d032f
1511164230840225536,集体潜意识,1433.111,1707236014,4b967118
1511215250052352256,狼孩的故事如果是真的，那么鸿蒙讲座的故事岂不是真的？传道是真的,1431.28,1707242096,b789a2e2
1511218110945282304,所以自旋到底是什么意思,1100.438,1707242437,ad5cbc3e
1511255395841472512,思想烙印.  ,1347.877,1707246882,b694ac7c
1511404765434047488,这不是道家学说，这是道教学说,1156.319,1707264688,925a8e
1511431593041043200,阿赖耶识,1436.598,1707267886,cdf28e6f
1511460786487543808,本来就没有时间，,1087.225,1707271366,af3bc664
1511478139933912064,有道理,1368.836,1707273435,7a0bddcc
1511516709016718080,阿赖耶,1437.162,1707278033,3e818a27
1511533126998994176,观测物质世界必会对物质世界造成扰动，也就是互动，所以在微观世界，所有观测均是与物质互动后的结果,1368.97,1707279990,2b0a5cad
1511534374871452416,陀一定是博士后，逻辑，章节环环相扣,1206.486,1707280138,62081682
1511536152619183104,这就是地球ol的规矩呀,1351.549,1707280350,baaac14b
1511592607808412416,我们的世界是虚拟的,1141.448,1707287080,6e468b55
1511730073613624064,意识冰山，水面上的冰山看似独立，下面却连成一片？,1434.891,1707303468,ed61d4d3
1511912129274695168,其实可以吃 你喜欢的话（用过的容易产生细菌 吃进去会生病）,1339.593,1707325170,d67e1d47
1512134764138867200,这点认同，在学校考试的时候，明明我自己不紧张，题感觉也不难，但就是脑子空白，不会思考，感觉自己的意识被别人影响了,1430.906,1707351710,95936744
1512240897428290560,五蕴,1348.701,1707364363,f7efa00d
1512262604377145344,假设空间本就在你只是在这空间里放了个烟花，接着烟花充斥整个空间并不断蔓延,1169.81,1707366950,6031d481
1512505554680108288,有些所谓的证明只是为了让事情变的合理,1411.255,1707395912,f49ebad4
1513928600649548288,懂了，太上老君是量子（bushi,1170.598,1707565552,1a1281fd
1514382712004454144,神学不为用，科技为用,1247.087,1707619687,26b4c7d7
1514692285949028608,这个突然出现，也许是奇点以外的更高维世界对它产生了什么影响,1165.973,1707656591,2562f491
1514708046239426560,因为人本身就在系统中,1295.196,1707658470,2562f491
1514710233921327104,绿色也可以叫green,1337.739,1707658730,2562f491
1514711110069364736,确实,1434.603,1707658835,2562f491
1516133256528101376,石头人是吧,1438.144,1707828368,eef05dc0
1519363206387544576,时间和空间是连续的吗,1312.594,1708213408,89704736
1519643780385783040,地球不就在自旋吗,1103.687,1708246855,9c248688
1521295412676657408,？？？,1192.427,1708443745,1892977d
1521523478031927808,所以各大正教都重视语言的作用，圣经里丈夫可以否掉妻子的发愿，佛教和道教都说言语能召来福祸就是这意思,1231.27,1708470932,2bc7f25d
1522116546367880448,这可以假设并不是不教，而是教不了，或者不知道怎么把这种共振甚至说同频的展示给我们，甚至这个可以理解为天赋说的夸张点也就是超能力般是独有的，可以传承但不一定遇到差不多能遇到一个对师傅会咒语一样有天赋的,1267.781,1708541632,f4485a9e
1522694772203129600,所以世界就是像素组成的，根本不连续,1123.286,1708610561,164ded48
1522697891523916800,集体潜意识,1437.666,1708610933,164ded48
1525303812967995136,混元行意,1136.666,1708921583,48beeaa6
1526282993864606208,矩阵,1348.66,1709038311,1596239a
1526913926909220608,真言咒,1234.346,1709113524,53713d10
1529101675288482560,一段振动同样是有序的 会改变无序 同样消除混乱的应力,1321.582,1709374324,b2446d3b
1529103192561254400,认知定义牢笼,1374.684,1709374505,b2446d3b
1535828119645251840,净土宗,1225.742,1710176179,a125d774
1539225571467521536,真空中各方向的力是相同的，但是空间被扭曲之后就会出现“引力”,1127.443,1710581186,9798cac3
1544269461069150720,薛定谔的猫,1332.189,1711182465,384ddeeb
1548355340456971520,为什么打死狼,1382.359,1711669540,26c06ef
1549858698313306624,一语成谶,1237.96,1711848754,6bfe7442
1550314692902376192,像不像一个游戏的世界，从仅有一个世界到加载各种内容的样子？,1156.541,1711903113,7991c86e
1554004188055479296,少数的听到一半，发现已经一句话都听不懂了的视频，世界真神奇,1123.397,1712342935,9cd415f0
1558134519037870080,AI开机了,1178.136,1712835309,569fb314
1579252691224311808,五蕴,1355.02,1715352791,36dd6ae7
1579800639058708992,假装自己能听懂。这是咒语的一部分。,1109.409,1715418111,1d5a13e1
1592047346571685888,普通人的意识、记忆太靠不住了,1339.163,1716878033,f9c33a0
1616905396319193856,《白发魔女传》,1392.275,1719841343,22286d56
1628290035444993792,其实是不确定原理,1291.341,1721198498,e9ae1482
1641605769663529728,言灵,1230.33,1722785857,885fe8e9
1650106204409803520,信则有，不信则无，是不是也是共振，相信才可以和对方同一频率才能感受到，不相信频率不对就什么都不会发生，所以同一个方法，有的人灵，有的人不灵,1249.341,1723799188,2562f491
1661697840449405952,开控制台了,1234.173,1725181019,766e2ccb
1688364293735441664,假的？这是有记录的，还被写入了教育心理学的,1406.421,1728359907,2852ec86
1801377511042126592,时间是人道的概念,1104.052,1741832133,bd550466
1801378425123447040,人类对游戏的开发与创造，像不像天道对人类社会的创造,1212.996,1741832242,bd550466
1806733657709799424,张祥前的《统一场理论》能解释这些现像吗？,1287.425,1742470635,e9102dea
1827140962385317888,你看名字也知道，原始既是原初开始,1133.215,1744903376,1e8ae9f6
1902998389101029120,来自于经验和集体定义,1348.111,1753946285,2f11bf61
,,0.0,1775655591.4716349,
lb.c,,0.0,1775655591.4716349,
,,0.0,1775655591.4716349,
1510906544102140160,这是否能证明一定程度上证明灵魂的存在？,1624.165,1707205295,b7253f15
1510910449561168640,这部分应该是荣格的集体潜意识理论,1440.31,1707205761,1492c5f6
1510914819380157184,是不是给乌龟养大我们也能长命百岁了,1482.1,1707206282,66b8a922
1510920275179427072,比如心里说谁，谁就会打喷嚏,1749.222,1707206932,f57edb10
1510935521063628032,少了云端的算力支持,1472.716,1707208750,fc3b5a83
1510938085855267072,我用在感应外卖员是否到门口了，突然身体本能去开门,1748.476,1707209055,fc3b5a83
1510939849174349568,最新研究，意识，滞后于行为。行为是明星，意识是行为的经纪人。先做，后记录，再修改，更新下一次的行为模式，然后无限循环,1611.618,1707209265,de0d96f7
1510940204163147520,观测者效应，只能说仅供参考,1639.328,1707209308,de0d96f7
1510941203993114112,开智,1688.672,1707209427,1175e65c
1510943420246570240,这是真实的,1483.775,1707209691,fb5a2a45
1510944543003220992,开悟,1713.61,1707209825,7414f425
1510961183887348992,因无所住而生其心,1706.063,1707211809,cf105ce1
1511035621878063616,乌龟那个没法验证，因为乌龟不是哺乳类不会养小孩,1485.194,1707220682,e81cc6
1511063764844415488,高维观测者,1482.859,1707224037,3d58d951
1511111395234618368,但是谁也不敢保证动物没有意识啊？,1506.329,1707229715,ff133554
1511209499552427264,全世界觉得世界是天堂，那么世界就会变成天堂？,1481.001,1707241410,be61b0c1
1511216834996027392,双胞胎？,1610.797,1707242285,b789a2e2
1511223146534047744,古希腊掌管某某的神（doge,1550.905,1707243037,ad5cbc3e
1511223961420548352,如数家珍,1623.444,1707243134,ad5cbc3e
1511228030968900864,应该有吧，比如幸存者偏差；你只记住了说曹操就到的情况，或者父母回家的时间是规律的，你的生物钟告诉了你，使你有所防备,1746.417,1707243619,ad5cbc3e
1511477452092956160,亚空间四小贩,1570.169,1707273353,7c4f903
1511495235413645056,共业,1629.976,1707275473,e6bdc74d
1511497316744741120,上帝,1497.298,1707275721,922862d0
1511508691051051264,阿赖耶识,1441.43,1707277077,aef8af5a
1511568011436567296,阿赖耶识,1692.985,1707284148,d2e363e1
1511621789049190912,凉宫春日的忧郁,1540.488,1707290559,c396cf1d
1511623568927411456,灵能者？,1602.063,1707290771,efbe4fb1
1511631995141424640,那么反过来是不是父母到家前会觉得你在看电视,1750.205,1707291776,c0dcfb2c
1511640842572549632,余光再广也广不到背后,1785.868,1707292830,be83c184
1511687451415241984,xia我一跳,1542.529,1707298387,b82e8d5b
1511708301216445696,提到荣格的集体潜意识，那就不得不提到他在中国看到的《太乙金华宗旨》，后来又翻译回来的的《金花的秘密了》,1735.111,1707300872,9d05f18f
1511795647848672768,悟道,1725.188,1707311285,22b0b17c
1511835804467800832,因为个人意识 改变不了 集体意识,1538.777,1707316072,12d7ee3c
1511842276740092928,【黑门】个体高度独立，目标高度一致,1574.604,1707316843,12d7ee3c
1511847891394797056,喧闹的教室里突然所有人都不说话了。。。。,1765.309,1707317513,32e883ab
1511851208367988480,这不就是佛学么,1697.612,1707317908,9a409ed0
1512144308310928896,答案很显然是能,1505.483,1707352848,a7dc3a93
1512507446907027200,未来人KFK说的2048年之后,1636.84,1707396138,f49ebad4
1512542422654299648,“小我，大我，无我”,1702.041,1707400307,9c484b9d
1513849460013352192,目光这个确实神奇，我从小就可以感知到后面有人看我,1790.395,1707556118,f3c434db
1514406144062621440,人生如梦 梦就是我 我就是梦,1687.096,1707622480,552666d8
1514627335700539648,膀光,1780.411,1707648848,c4510bcb
1515381706549783040,gumayusi,1584.18,1707738776,faace91f
1516918028389108480,神圣的卡拉链接这我们,1465.03,1707921920,999e69a0
1517597278641419520,是每个意识单位都储存了集体意识 是一个同系统中可以共享的系统,1572.941,1708002893,63d7d7da
1517666500956532480,阿赖耶识,1570.555,1708011145,a9fcc626
1518446959336199936,超心理學?,1652.517,1708104183,4d77aa7c
1518686839769391872,王阳明的心外无物？,1704.751,1708132779,b80c6dd6
1519156000530225152,本自具足,1738.358,1708188707,b4116d28
1519202762028528640,还有睡觉突然自然醒，下一秒家里人会上厕所，或者谁在外面开始吵，都有提前性,1742.498,1708194281,b4b0d916
1519465296652840704,我被监控了,1455.932,1708225578,bdcd674a
1519800696000798208,erf,1760.395,1708265561,3f86f535
1520216088720532736,人能常清静天地悉皆归,1715.183,1708315079,a950714f
1520302050620088832,阿赖耶？,1443.431,1708325327,3c73699e
1520317563220260352,我和老爸闻出饺子馅咸不咸 都没尝,1758.613,1708327176,4cbb01a9
1520611966702639104,量子层面的怎么检测？,1511.223,1708362272,5b4e526d
1520612472183090176,科学的尽头是神学,1557.242,1708362332,5b4e526d
1520613854860544000,我对信息的传播方式更感兴趣,1661.023,1708362497,5b4e526d
1520614712394699264,干掉意识，请潜意识接管,1729.544,1708362599,5b4e526d
1520616434609354240,潜意识也应该有一个特定的通道,1775.277,1708362804,5b4e526d
1521527782797361408,不然你以为各大教派的教祖们都是怎么拉人头的,1516.589,1708471446,2bc7f25d
1523572044858465792,光音天,1618.639,1708715141,64dba629
1523572161124859904,光音天,1628.666,1708715154,64dba629
1523572275033640192,光音天,1634.063,1708715168,64dba629
1523572371754514432,光音天,1573.019,1708715179,64dba629
1523747023587911168,吾心自足，不假外求,1711.148,1708736000,c0cf273f
1523816576254704128,人能常清静，天地悉皆归,1699.89,1708744291,82bd86f4
1526257160668196096,宇宙这破地方对我们来说太大了，对别人来说太小了，原子不到,1551.06,1709035231,812c45be
1526916016251444480,云空间,1477.227,1709113773,53713d10
1528515952529233920,背后看我我完全能感觉到,1791.179,1709304500,e10a7d61
1529106510876402176,不是的 心无或者空时 你的身体自愈能力因为没有意识干扰 而从混乱变的重新有序,1770.288,1709374900,b2446d3b
1530376323233619712,念力,1529.842,1709526274,5ebf297f
1534718542484718592,果然还是佛学最接近宇宙真相,1723.379,1710043907,62081682
1536894454429364736,格式塔,1458.951,1710303296,82c0412c
1544845675316129792,近朱者赤近墨者黑,1611.934,1711251155,8a1c28a0
1546345570111973120,神识传音,1624.429,1711429956,4c9bc43a
1547691396486664192,生物电,1787.056,1711590391,2f361cc9
1547828874304575488,感谢尊者,1716.918,1711606780,2924f963
1548014426916315392,量子纠缠,1441.439,1711628900,166ca231
1548417538671826432,有没有一种可能 因为是狼孩天天被展览 被折磨死的喃？,1459.171,1711676954,fa755f5a
1548563003577111552,阿根廷：这我们很懂,1732.447,1711694295,c2ebb559
1548730885837164800,亚空间竟遥遥领先,1563.0,1711714308,cc4815cd
1549298721945368064,战锤P都给我出来,1606.423,1711781999,b1be4194
1550142669161201920,所以一堆人许同一个愿望有可能成功？？！,1666.191,1711882606,426ba631
1550770763064439552,荣格是看太乙金华才写出这个东西的~道家核心,1735.942,1711957480,dd2809d
1555063178428207616,结婚十年后，就变成大智之人,1706.235,1712469176,d60f4f19
1558138007037515776,大圣灵,1585.527,1712835724,569fb314
1565316480193916928,阳明心学，不符合物质世界统治,1755.958,1713691465,a097799c
1578482733217387008,也许宇宙就是一台计算机,1495.132,1715261005,6a93eb7d
1579057566506747136,亚空间灵能,1573.999,1715329530,efbe4fb1
1579058387558354176,放个屏蔽灵能的设备就感应不到了,1631.979,1715329628,efbe4fb1
1579254921771946496,佛陀,1546.46,1715353057,36dd6ae7
1579256023708093184,心有灵犀一点通,1608.875,1715353188,36dd6ae7
1592049700339921920,看我用闪电光速拳打破这一切,1571.994,1716878313,f9c33a0
1612321553985591552,《黑科技》,1629.812,1719294906,a219ff4e
1625968406040107520,古希腊掌管意识,1554.605,1720921738,3d151d8e
1649055077350368768,给你个眼神，你理解一下,1636.409,1723673884,5aaf2537
1652352658549466368,灵觉,1641.621,1724066986,a16cb467
1661107407721556480,脑波可以散发，我之前在一次小区跑步的时候，想起了一首歌，但是我只开始发出一个音节，走在前面的人突然开始唱那个歌词了。,1604.769,1725110633,5d2d3a9
1682127693300132352,一直观测不累吗,1483.673,1727616447,46c0c30d
1701599915598113024,什么？个人意识？人从出生就在被环境塑造所谓个人意识大多只是环境结合以及自身思考的结果,1504.402,1729937717,dedb02ff
1701603790564615424,说的有理,1704.659,1729938178,dedb02ff
1783338091067602176,被重力束缚的灵魂,1524.8,1739681666,2c44889a
1783338729121912064,量子纠缠,1596.358,1739681742,2c44889a
1783339428169745152,元气弹,1675.578,1739681826,2c44889a
1786974265653554176,影响别人心理学上可以轻易做到,1504.76,1740115132,5486f4a0
1786975214421919232,心理学上一个人可以轻易做到影响别人，那么扩大一下，理论上可以影响世界，甚至物质不是不可以的！,1526.38,1740115245,5486f4a0
1786976220400488960,一个北海岸的猴子学会了用棍子，南海岸的猴子不久也会了用棍子,1592.42,1740115365,5486f4a0
1916143344204589824,进击的巨人是吧？,1622.518,1755513286,a8280c73
,,0.0,1775655591.4716349,
lb.c,,0.0,1775655591.4716349,
,,0.0,1775655591.4716349,
1510907383742748672,跑得很快，求生意识很强,1859.8,1707205395,b7253f15
1510918903147094528,他修炼了《太乙金华宗旨》,2023.924,1707206769,7de28024
1510991378388436224,借鉴了太乙金华宗旨,1837.888,1707215408,294d453
1511005315775364096,哈哈哈,1963.285,1707217070,927717c4
1511014668888519424,上帝之手,1918.028,1707218185,ca822b25
1511166440768539136,这个棋盘不对,2072.106,1707236277,4653de3d
1511371598396001024,有没有可能是来自DNA,1950.402,1707260734,7fac09c3
1511483614431370496,牛逼,2021.509,1707274087,7a0bddcc
1511485013181729024,如今的奇怪现象就是没有没有了封建迷信，而破除封建迷信的虽然不是科学，但是科学却已经快成为过去的封建迷信了，我们想看到一件事的源头的时候，就会可以加上所谓的科学,2130.976,1707274254,af3bc664
1511504705279391232,金花的秘密,1815.389,1707276602,a98acdbb
1511512530986694912,人活着就是为了结婚生子买楼买车,1866.718,1707277534,aef8af5a
1511559259358233600,是的,2055.246,1707283105,b98c9fb3
1511559430016283904,不是的,2075.589,1707283125,b98c9fb3
1511559759764321792,言的流,2114.893,1707283165,b98c9fb3
1511559948726130432,演的流音的体,2137.413,1707283187,b98c9fb3
1511560084688445696,言的流音的体,2153.621,1707283203,b98c9fb3
1511565634423857408,分不清~,1884.517,1707283865,933259ff
1511602383002993408,《周公解梦》,2037.176,1707288246,6ff793a8
1511624784738764544,某些时候也是知识水平决定的，夏虫不可语冰,2085.835,1707290916,50d5c8b
1511646783602726912,夏虫不可语冰是认知层面上的,2089.501,1707293539,be83c184
1511686028237673472,金花的秘密+1,1819.319,1707298217,a061f1a1
1512226107229853696,我认为，由于身体硬件相差不大，当思想到某一个峰值的时候，有可能会触发身体的某种开关，而引发现象,1877.869,1707362599,4000cde6
1512227452569843712,基因,1912.019,1707362760,4000cde6
1512227704295081216,基因希望存活、和延续的意志,1890.303,1707362790,4000cde6
1512236336088623360,或许曾经真的有魔法，因为人们认为世界上有魔法，现在没有魔法，是因为人们认为世界是科学的,2100.762,1707363819,4000cde6
1512239475148106496,人体，很奇妙吧！,2126.422,1707364193,27b83167
1512239655066593024,可是我在梦里是可以飞翔的,1994.485,1707364214,265b6271
1512362316396920064,好多次做梦都在飞，有时候觉得就算现实都能飞了,2001.879,1707378837,4220556d
1512364029216148480,其实有关联的,2134.299,1707379041,4220556d
1512480029035323904,鬼故事：进度条,1986.306,1707392869,65c077b4
1512511491256164608,就像那个著名的死囚实验，蒙上死囚的眼睛，在胳膊上滴水，但是告诉他是把手腕割破了，最后死囚死了,1998.61,1707396620,f49ebad4
1512758448813970688,……左和右的A和A以及左和右的B和B比较吗——相同,2073.468,1707426059,eb3ee6e6
1512924223243730432,说不同的吧图片保存下来吸取颜色画线就知道了,2080.35,1707445821,699e6f85
1514001847558388224,可我几乎记不得梦里的情形，甚至醒了后忘的很快,2013.071,1707574284,92e7c78e
1514629060230230784,共食性,1922.803,1707649054,c4510bcb
1515208208879558912,太乙金华宗旨,1820.396,1707718094,2562f491
1516831083335831808,曼德拉效应就是意识改变世界的例子,2115.96,1707911555,a0af2f4
1517339590636122880,一个人有个人意识，在群体中个体无意识,1856.843,1707972174,16f2bbca
1517340428742268160,基因表达的侵略和修改……,1922.122,1707972274,16f2bbca
1518340789556555008,这图不是著名的假图吗？,2076.051,1708091526,7bc7e17c
1518977214304181504,我用卫生纸遮住，亮度也是明显不同,2076.376,1708167394,7b4973e9
1519556650824935168,sOx的时候,1849.993,1708236468,bde99489
1519704264153583360,根本就不一样,1987.828,1708254065,c4176682
1519724956970561024,庄生晓梦迷蝴蝶,2000.801,1708256532,71375078
1520496850229345536,"我怎么彷佛听到哀乐的声音,,,",1958.693,1708348549,8d4759ff
1520618504934856704,你牛逼,1956.753,1708363051,5b4e526d
1520621387814055936,意识可以改变世界，方法、强度、时间,2113.674,1708363395,5b4e526d
1521535987929572352,乌合之众也说过这个事儿吧,1846.43,1708472424,2bc7f25d
1521537440450462976,一般来说治疗这种病的话求助巫医的多，以及，很多都是能量附体啥的就很能说明问题，总归是业力，负面能量集中在某几个人身上以之为祭品的话，守村人啥的就出现了,1900.246,1708472597,2bc7f25d
1521538643486181120,宗教里对梦境的解释更加合理而且能找到和现实显化的对应的特别多,1982.965,1708472740,2bc7f25d
1522429998416676096,我看过,2027.856,1708578998,1a2551f2
1522430086144580096,红叔，我是真的没有懂他的逻辑在哪里，因为确实讲了很多他的梦境，特别是二战的时候,2029.696,1708579008,1a2551f2
1522449276075153152,涂尔干的集体欢腾,1849.819,1708581296,2268529f
1522702111547525632,阿努纳奇,1914.388,1708611436,164ded48
1523066636838878720,《世界是一个巨大的人类补完计划》,1884.829,1708654891,ded02f3a
1524532962606070784,通过对比RGB发现，AB两点颜色是有明显差异的,2073.796,1708829691,22aa0f2b
1526036773640537600,人的动物性，也就是深层次潜意识占了肉体主导地位。人类受的教育是未了压制原始伤害性欲望，所以人性本恶？,1906.67,1709008959,5990b651
1526309394483435520,意识在我看来最大的作用是编码，而对我们行为做出决定的是潜意识，所以，我是意识在编码的时候形成的虚幻概念,1804.446,1709041458,f635abf2
1529108745760615680,中医精神病患烦躁的 是有身体热,2036.695,1709375167,b2446d3b
1529109335303665664,黑客的信息病毒会让硬件过载烧掉,2107.015,1709375237,b2446d3b
1530381264878675712,盗梦空间?,2050.537,1709526863,5ebf297f
1530381665493414912,"以前的日心说,地心说",2098.366,1709526911,5ebf297f
1534719463906337280,荣格就是星际宝宝,1822.664,1710044016,62081682
1539231689010641152,我们班级基本上看一眼就知道对方的情绪，而且，有时候我前桌甚至知道我在想什么,1801.193,1710581916,9798cac3
1539233523800655616,那是你要长高了,1999.187,1710582134,9798cac3
1543386100599866880,曼德拉效应,2122.645,1711077160,7b1896f7
1565315906044132608,佛学和道家比，差几个境界,1809.015,1713691397,a097799c
1573349828916924160,他有修炼,2032.259,1714649115,336113a1
1573350443558662912,太极,2102.099,1714649188,336113a1
1578361954559677440,有人尝试过AI解梦没？很有意思,2041.123,1715246607,d607362e
1590228868223436800,意识水平这词说的妙啊,2088.428,1716661253,32e70d68
1600658511925350656,我听懂了他在说什么。他说的没错,2052.81,1717904564,3080c9a7
1602239587080851712,看了东方的书 吕洞宾,1832.756,1718093042,69bea4b0
1624819953872344064,靠，颜色居然真的想通，具体看评论区,2075.46,1720784832,fe252aac
1649059446992731392,意识是不是种能量,2157.324,1723674405,5aaf2537
1657206902897253376,左右图不一样啊,2071.912,1724645657,bb2b695c
1786980775188154112,这点承认，多层意识观测的结果，总结的很好,2103.861,1740115908,5486f4a0
,,0.0,1775655591.4716349,
lb.c,,0.0,1775655591.4716349,
,,0.0,1775655591.4716349,
1510911112671956992,我们过于相信科学，认为他是真理了。这是否是一种固步自封？,2425.662,1707205840,b7253f15
1511043103258296832,免疫系统：啊对对对,2316.231,1707221574,2ab2c67e
1511044392453046528,从青城山下来的老中医让我感受到真实的炁,2355.993,1707221728,b35f19a4
1511116286984442880,不是抵抗力吗？,2322.185,1707230298,ff133554
1511235917728701440,←宗教神学等被认为与科学相对立的学科现在也被认为是人们对于无法用科学解释的现象的自我安慰,2429.827,1707244560,ad5cbc3e
1511272775527040768,好的中医实在太少 遇到是福气,2364.25,1707248953,dfbee101
1511487267166930432,针灸,2457.037,1707274523,7a0bddcc
1511488226815205888,最可怕的就是如今，已经脱离了所谓的封建迷信，可是我们脱离的真的是封建迷信吗，而且如今证明任何事情的时候一定要加一些有关科学的东西，这也是一种对科学的过度迷信吧,2424.626,1707274637,af3bc664
1511490249644360192,西医和中医还真不是有关联，这点我不认同，中医和西医文化上就是相反的，中医和西医不在一个维度上，一个年轻人发现了老者走过的路，你能硬说他们是有关联的吗，西方文化的弊端,2473.872,1707274878,af3bc664
1511491297306146304,在治疗过程之后，人开始认为自己会好起来？,2422.389,1707275003,85a4eac4
1511516174092251392,然而恰恰相反,2214.264,1707277969,aef8af5a
1511531146054523648,是的，上学的时候胃痉挛，当时生物老师，就用力掐我虎口，一点点的缓解了,2472.447,1707279754,2a157ba2
1511540666142896896,针灸：我TM来了,2449.592,1707280888,ac9066d7
1511560550700850688,是普洱的味我这,2209.157,1707283259,b98c9fb3
1511561083603974144,表象是化学的，本质是物理的。其实整体上化学是物理的宏观而已。,2394.803,1707283322,dc8b0e4a
1511562175272190720,是电脑制作的,2402.846,1707283453,b98c9fb3
1511562415010359808,电的载言的流音的体,2431.439,1707283481,b98c9fb3
1511616696140648192,有没有一种可能，人的思维就是高维生物思维在三维世界的投射,2233.578,1707289952,51f3e284
1511629591763218432,《金花的秘密》,2198.031,1707291489,50d5c8b
1511713660849069824,卧槽,2252.769,1707301511,9d05f18f
1511845184265346816,任何的任何，所有的所有，尽头都是易经。,2400.141,1707317190,2cb16c2f
1511848725457576960,每个个体意识都是高维意识的神经突触？,2239.216,1707317612,12d7ee3c
1512021031039366400,每一个字都看得懂，句意也知道但是深度不够就会产生一些别人一看就知道是错误的猜想,2435.828,1707338152,3b533936
1512219504078473472,S于新冠？,2246.511,1707361812,ad11dac3
1512243732911897088,个体影响主体，主体影响个体,2501.573,1707364701,4000cde6
1512397767090551040,中医里没有癌症这个概念并不是说不能这就能解释断肢者为什么还能感觉到到失去肢体的疼痛,2427.562,1707383063,5a4a6244
1512442956387476992,寡人二刷,2469.849,1707388450,85d43060
1512444733740298496,抵抗力，是个比较抽象的概念；你心情不好的时候，抵抗力就会差些……,2329.185,1707388662,ae0ac0c3
1512515443531734272,在圣经里有一些奇妙的描述，用身体必须人，用人必须身体。与这段类似,2500.145,1707397091,74b8ee47
1512549070609536000,针灸,2458.17,1707401100,9c484b9d
1512896328530001152,缓解没有用，不满意，要治愈。因为可能欺骗身体,2509.863,1707442496,1c12d50
1514036594607452672,不太正确，人的思维本身拥有更高维度，只是身体在目前空间最高只能是三维,2237.494,1707578426,4f1113dd
1514062225051420928,心理健康与身体健康确实关联很深,2304.737,1707581482,2e37a580
1515215889161593600,有听过得了癌症然后全世界旅游最后癌症反而痊愈的例子，也许就是脱离了致癌环境加上好的精神状态的结果,2221.041,1707719009,2562f491
1515795323803729664,这个真实体验，真的是这样,2292.632,1707788083,776bda24
1516057247812173568,经脉,2467.808,1707819307,82e8dd71
1516098734025386240,难道不是靠免疫系统吗,2217.268,1707824252,57df44d5
1516612670131155712,其实西医也有很玄的东西，比如免疫力，什么时候叫免疫力好，根本没有具体的概念,2352.269,1707885518,6697a20f
1516991386145065216,高维世界的VR游戏,2242.624,1707930665,48d70840
1517344831318743040,用人参、黄芪,2224.338,1707972799,16f2bbca
1517347802605385216,精神意识=软件信息，身体物质=下载3D打印,2410.515,1707973153,16f2bbca
1517582444402952449,卧槽，这就是天赋异禀,2209.346,1708001125,88fbb66
1518174427320574720,不是西医是现代医学,2493.541,1708071694,3c60f134
1519730201108750592,科学是方法，为何要不相信呢？,2430.059,1708257157,71375078
1520622084756373248,他修炼了,2190.139,1708363478,5b4e526d
1520623330330361344,自己！有个外国医生实验过，靠强烈的心理暗示治好了牛皮癣,2265.456,1708363626,5b4e526d
1520908359560115456,气伤则痛，形伤则肿。气比血先行六寸。,2463.567,1708397605,a0cafc8b
1520963744061128704,前面那个，火子哥直呼内行,2236.008,1708404207,80f2eb12
1520976130982018816,迷迷糊糊的是玄学 不解的神学 懂得科学,2164.245,1708405683,6c47009f
1521541107815769088,这算啥异端啊，打坐在基督教里又不是没有，很少有人修到那么深而已,2197.052,1708473034,2bc7f25d
1521544602920772096,万一西医本来继承的是黄帝外径那乐子就大了，岐伯万一就是那个希波克拉底岂不更可怕，很好奇当年恩基作为蛇族老大到底传了什么功法和理论下来,2474.618,1708473451,2bc7f25d
1523114759841384448,先生大义,2220.415,1708660628,db9cfae7
1523126538688596992,橙汁还是纯水,2313.98,1708662032,caf65355
1523127209450338816,地上对应马斯洛需求前两层，天对应后三层,2330.991,1708662112,caf65355
1525636257588286464,按摩！！！！,2448.508,1708961214,c53b682b
1528241822726842368,信念生物学,2263.622,1709271821,67438bf5
1529109935458407680,因为不到的时候没惊喜 你记不住 只有曹操到了 有惊喜 你记住了,2178.542,1709375309,b2446d3b
1529110732233364480,你意识紧张了 身体一系列物理化学反应 给你留下了太多应力,2273.522,1709375404,b2446d3b
1529112483883823616,但你的意识会干扰这种修复运动 天长日久 应力积累 你修复不了,2482.358,1709375612,b2446d3b
1534725077554193920,疗愈我们的，永远是自己的内在,2271.099,1710044686,62081682
1539356874623708928,睡的好，第二天精神抖擞心情自然就好，所以认为自己健康，重点在开心快乐,2335.221,1710596839,bfc60bba
1548194627050484736,那这个流行性病毒怎么解释呢,2357.649,1711650381,1d7ce053
1548737409313900288,针灸和点穴！,2457.962,1711715086,cc4815cd
1548993516074816768,针灸穴位？,2464.159,1711745616,6a29f185
1550050407584231168,把他理解成状态就行了，科学也是一种状态。,2376.561,1711871607,ccb411bd
1551006195068880640,我曾把气壁离体外，，还发出了影响世界的声音噗噗,2375.778,1711985546,f522bbb6
1555121621273371136,因为电的手疼,2473.939,1712476143,ea11837c
1565496225019493120,西医无法治疗检测不出原因的病症，但中医却能从不同角度解释并治愈,2218.107,1713712892,db9fdcf0
1571601289748546816,分形，局部是整体和自己的可变参数，万花筒,2504.482,1714440673,21037bc0
1573351739003034624,爽,2252.579,1714649343,336113a1
1573352303841283328,三魂七魄,2315.899,1714649410,336113a1
1573352830830809344,穴位,2374.619,1714649473,336113a1
1573353742068092672,任督二脉,2456.859,1714649581,336113a1
1578362787087190528,天魔入侵意识,2212.663,1715246706,d607362e
1579291454101486848,吸引力法则,2176.759,1715357412,ee107ec5
1580492236670840064,针灸,2507.608,1715500556,cfe44174
1582387350733290240,nonono，是玄学,2264.528,1715726471,19d5eff4
1590230282005697024,描述的很准确啊,2206.25,1716661422,32e70d68
1590232687867065344,这类人的意识程度较高,2296.406,1716661708,32e70d68
1590234558584909056,针灸的原理,2452.39,1716661931,32e70d68
1605835904344478464,足疗必须入医保,2518.927,1718521757,9969ad27
1626647873456418816,双系统是吧,2310.978,1721002737,8dd59655
1629547859357964288,在陕西上学时，跑遍各大医院一年都治不好的过敏，被一个小镇的中医14副中药治好了,2341.119,1721348442,29760c94
1650116862052451072,先天体质差,2285.144,1723800458,2562f491
1650261338385420800,阿赖耶识,2391.787,1723817681,a2dbbf2a
1682133631210146048,？？,2169.502,1727617155,46c0c30d
1682136044864119808,……这个所谓“先兆”用中医更好解释,2414.885,1727617442,46c0c30d
1784896564435635712,手术治不了疾病，只是切掉病坏的组织，最终战胜疾病还是靠自身免疫力,2269.278,1739867451,9cb0fde9
1786987271728803072,为什么那么多人总认为一切理所当然呢？你身体有问题，你第一想法是啥？,2446.361,1740116683,5486f4a0
1830415254694682880,这个就像很多人挠痒痒明明挠左手结果连带着身上一个地方也痒痒,2511.665,1745293702,16af4bf5
1862541813677282816,真相：活得百岁以上的人体内不是没有癌症，而是没有去过度处理，或者根本不知道。,2259.253,1749123486,fa202f09
1903035108337248768,嗯嗯，所以说科学一点是优于玄学的，所谓玄学，就是你没办法证明真，所谓科学是你要想办法证伪。恕我无才，看不出孰高孰低。,2433.468,1753950663,bd550466
,,0.0,1775655591.4716349,
lb.c,,0.0,1775655591.4716349,
,,0.0,1775655591.4716349,
1510952832432415488,经络,2577.363,1707210813,da322836
1510991273237134336,此处需要二舅,2787.883,1707215396,e61716b0
1511219917113070592,逐渐忘记标题,2540.273,1707242652,cd48e03d
1511241564939450880,也有观点认为量子坍缩是应为受到了外界的干扰，干扰源和意识没关系，比如一个光子,2647.722,1707245233,ad5cbc3e
1511250899723715072,质的变幻,2604.981,1707246346,99d607ef
1511251694502139648,有时候分不清是意识还是欲望或是意志,2699.741,1707246440,99d607ef
1511252858329573632,锻刀赛，奥德彪,2838.509,1707246579,99d607ef
1511489279375808768,集体潜意识是不是就是宗教里面的神,2696.952,1707274763,7a0bddcc
1511539839638453248,问题是双缝实验并不是意识干涉物质，只是对应的观测行为导致了结果不同，就像人眼观测万物只是万物把光反射进人眼而已,2598.026,1707280790,2b0a5cad
1511543098244037120,内观,2829.376,1707281178,2bd59f90
1511563184681708288,是承合,2523.182,1707283573,b98c9fb3
1511573785415964416,心理作用确实在起作用....现有科学体系认知下，确实离谱了,2616.921,1707284837,933259ff
1511574982160060416,看到这想起了我朋友总说的“有些东西的意思，只有在特定的语言下，才能不变形的完整表达出来，翻译成别的语言，就不是原本的东西了”，虽然他调侃的是网络河蟹,2683.356,1707284979,933259ff
1511633916526979840,进击的巨人-路,2675.093,1707292005,50d5c8b
1511780150743128320,催化剂是参与反应的,2548.702,1707309437,1eda1f81
1511852761502107648,这里可能指：被屠宰分割后的牛肉块的肌肉还能正常颤动,2847.467,1707318093,16cebda2
1512029021372691200,低于标准线的拉上去高于标准线的误导下去结局早已注定,2860.137,1707339105,3b533936
1512214670243791360,炼神返虚、,2769.67,1707361236,749823ac
1512214775856221440,炼虚合道,2782.265,1707361249,749823ac
1512247837205778176,或许养生主本来就是一个词，他有一个单独的意思,2728.225,1707365190,4000cde6
1512265698607546368,都对，文言文言简意赅,2710.272,1707367319,6df0c1d6
1512897040949031168,假说不能验证，就有点伪科学了,2559.982,1707442581,1c12d50
1512988025402061568,“名可名，非恒名”,2630.507,1707453427,bf7bf192
1514006800888858368,经脉,2527.311,1707574875,92e7c78e
1514008915740832768,催化剂很多种类的，有参与后还原型的，也有不参反应与只影响的,2559.507,1707575127,92e7c78e
1514065585376442880,不是推向玄学，而是曾经以为是玄学的现象有了能以科学理解的可能,2635.15,1707581882,2e37a580
1514637225634528256,庖丁·：舍不得刀,2834.589,1707650027,c4510bcb
1514643111123638016,维特斯根坦：语言的边界...,2698.257,1707650729,608c8027
1515917648968501760,玄之又玄众妙之门,2657.089,1707802665,38e0cfa7
1517587125145587968,要是长期催眠自己会怎么样,2725.298,1708001683,88fbb66
1517675852157326336,读金刚经,2672.59,1708012260,a9fcc626
1519780859342057216,感受到过，甚至知道是什么。但是害怕接触。,2665.365,1708263196,58acec7
1520469782808481536,道可道非常道,2629.481,1708345322,d762be28
1520627791895512064,我更赞同三个分开,2718.688,1708364158,5b4e526d
1521023430105978880,哈哈哈，前面的,2563.92,1708411322,b553b98a
1521547084388373504,克苏鲁了起来,2745.87,1708473746,2bc7f25d
1522708604589951232,是哪个意识在观测,2595.771,1708612210,164ded48
1523734953245245696,哈哈前面的，你是真信教科书上说的呀，参与反应本身就存在问题，能量一定会变的，也就是量,2552.856,1708734561,d8b5495b
1524372883437014528,人体有按钮，按下去就能触发某种联动,2562.916,1708810608,3e145f2f
1527738967150391040,性命双修,2796.143,1709211876,70a57111
1529115662369318912,都是要么一念正确的引起于正确的道路上让身体有序 要么就是无思像睡觉一样,2861.229,1709375991,b2446d3b
1530385645233783040,还有物理学,2572.795,1709527385,5ebf297f
1530387079006374400,练气,2743.662,1709527556,5ebf297f
1530388143193323264,"蚯蚓,壁虎断尾求生",2870.574,1709527683,5ebf297f
1532534714815294208,所有宗教的最高层都完整的说明了只是你不懂,2675.576,1709783574,a5469906
1534890321371221248,催化剂就是相信的力量,2561.12,1710064384,62081682
1547839603913129984,汉尼拔：庖丁解人？,2866.091,1711608059,2924f963
1565343465338884096,我悟了！随心所欲！想睡就睡，不行起床就不起床！工作爱谁干谁干，老子不爽，啥也不干,2865.521,1713694682,a097799c
1572567091251712256,养生=主；逍遥=游,2769.161,1714555805,372c8582
1590239059560099584,名可名，非恒名也,2630.965,1716662468,32e70d68
1590239493980714240,人的天赋差异,2665.61,1716662520,32e70d68
1590240603575560448,易经中的物极必反,2765.451,1716662652,32e70d68
1592060581706304768,啊，这个真没想到，有实证吗？,2560.711,1716879610,f9c33a0
1592061687744197376,大家好，我是新生代科玄家,2643.455,1716879742,f9c33a0
1594314014312289536,黄帝内经,2534.97,1717148240,10d4dc90
1616707099876686080,文惠君：解压短视频——庖丁解牛,2805.71,1719817704,67bcbd29
1626675886122125312,又回来了,2591.958,1721006076,5633d2a9
1631438955083855104,突然想起标题,2585.702,1721573878,21c7b3eb
1651791865642563072,有谁知道现在的背景音乐是什么吗？求求告诉我。,2643.134,1724000134,5f181478
1651794047494518272,AI识片酱,2699.113,1724000394,5f181478
1786991413704718848,分不清欲望意识的，修炼就是种方法,2714.281,1740117176,5486f4a0
1831179479373324544,早期解压小视频,2816.9,1745384804,b710be43
1831457109842711808,学音乐的人有体会，学音乐之前都是完整的听歌，学完以后现在都会无意中注意各个声部，很难完整的听了,2843.746,1745417900,dfe4b0fd
1862545145472995072,意识是其中一部分原因吧,2613.311,1749123883,fa202f09
2024269125094457856,我觉得是倒过来读,2729.341,1768402884,69b55d6
,,0.0,1775655591.4716349,
lb.c,,0.0,1775655591.4716349,
,,0.0,1775655591.4716349,
1510957622461777920,天魂,3128.676,1707211384,da322836
1511218571445973248,一个人不行的 量变才能引起质变,3198.341,1707242492,d42c8ad
1511230160643446528,阿卡西记录呗~,3238.541,1707243873,cd48e03d
1511530686627303424,NPC的集体AI啊,3237.649,1707279699,f170be36
1511568884010922240,是梦与愿望,3125.115,1707284252,b98c9fb3
1511570884618528512,是通灵的梦境,3206.23,1707284491,b98c9fb3
1511822907737834496,庄子：原来我时这么想的啊！,3134.221,1707314534,bda1f123
1512251072759342080,突然失去或者将情感带入了,3070.429,1707365576,4000cde6
1512252022500783360,灵光一闪，突然想到,3150.493,1707365689,4000cde6
1512252635288549376,其实是循序渐进，早有征兆，但大多数人无法察觉,3191.345,1707365762,4000cde6
1512253239452826112,那之前的猴子们为什么会开始蘸着海水吃呢,3230.319,1707365834,4000cde6
1512774213281604608,卧槽。混沌理论系统！！！！,3153.81,1707427939,8ed0c3de
1514016509931098624,你猜第一个发现螃蟹能吃的，到底怎么发现的？猴子又不傻,3209.326,1707576032,92e7c78e
1514073298105808384,迷因，或者说信息木马,3180.678,1707582802,2e37a580
1514583535271749888,第一只猴子受到启发后并做出的行动，是对猴子这个集体意识里编入了规则，从而改变了集体,3218.418,1707643627,c665640
1514639174123334656,自性,3026.532,1707650259,c4510bcb
1514640437590583296,更高的维度,3120.485,1707650410,81689b77
1514641035211329792,猴子阿卡西,3230.978,1707650481,c4510bcb
1514698547189152000,这里已经看不懂了。。。,2926.085,1707657337,9ffb6953
1514744780003978496,到这里就已经是我的认知极限了,2941.535,1707662849,9dd3ff7c
1514824981765295104,这BGM,2972.822,1707672409,e2780229
1515242570916536832,之前的是跟科学家学的,3233.369,1707722190,2562f491
1516890290877783552,火之意志,3111.925,1707918613,88702550
1518665084443254784,哎呦，不听了bgm太诡异,3049.544,1708130185,be292ef8
1518807268521512192,相信后人的智慧,3102.257,1708147135,f9adf723
1520316968576921600,应该是王浩，,3176.635,1708327105,3c73699e
1522419705653141504,形神俱秒，与道合真,3022.407,1708577771,be610f50
1523014509801892096,集体潜意识,3111.359,1708648677,1d21615c
1525945910948258816,传火,3093.569,1708998127,d2dd72c0
1526325358331251200,这里的理解就是形是个容器，而神就是被这个容器盛着的,2938.91,1709043361,f635abf2
1527744800521370112,薪火相传,3096.725,1709212572,70a57111
1527758035026471424,神能入石，神能飞形,2920.882,1709214149,62568114
1528889413248482048,传火黑魂,3116.323,1709349020,6f32af52
1530108341492489472,好困啊,3034.209,1709494328,5804464b
1534893210164506624,超体,2897.908,1710064729,62081682
1537580659072350720,想听妖怪篇,3181.802,1710385097,91e0a9c8
1544285120998244864,蝴蝶效应,3176.236,1711184332,384ddeeb
1544357386121272832,不会是共同意识吧,3095.67,1711192946,5783e517
1575480378784163840,信上帝,3134.598,1714903096,a388be22
1579708203527511552,问法官啊,3179.339,1715407092,36b4895d
1579948250130296320,精神,3090.485,1715435708,9b4ce596
1581621475461416704,这种背景音是什么，太喜欢了,3108.623,1715635172,de41b98e
1592064944445303808,你这CPU架构该优化了,2936.602,1716880130,f9c33a0
1592066053209484544,你也许不能创造自己，但至少可以改造自己，能不能创造也不一定,2998.077,1716880263,f9c33a0
1592067141253920768,我在乎的这一个失去了，我还不能难过？,3084.918,1716880392,f9c33a0
1596308833918038528,我还是会扶的,3164.151,1717386041,50e7d22
1606223054693128192,胖猫,3160.501,1718567909,daf8c946
1623418737971474432,昆山龙哥,3189.659,1720617794,db4ca287
1631442855685806336,大圣灵,3123.419,1721574343,21c7b3eb
1786995063336434432,如果潜意识是真的，那么人类身体的共生微观生物的集体潜意识是不是就是人类意识的温床？,3025.581,1740117611,5486f4a0
1806748969587135744,陀，你不是一个合格的科学家，但是，你是一个好心理医生！！！！,3076.512,1742472461,e9102dea
1916164431202230528,进击的巨人。,3222.153,1755515800,a8280c73
,,0.0,1775655591.4716349,
lb.c,,0.0,1775655591.4716349,
,,0.0,1775655591.4716349,
1510971530572945408,病毒也是,3260.161,1707213042,68adfe97
1510983347998903808,所以为什么说公众人物说话和行为是有影响力的。。,3271.184,1707214451,5344860d
1511047425832659456,虚空终端,3240.373,1707222090,8327211f
1511152281444385536,这个进度条够带劲,3267.0,1707234589,c82172ab
1511578410852420352,吃过,3323.709,1707285388,b98c9fb3
1511680385774603008,呜呜呜呜呜,3381.092,1707297544,350b71bd
1511864251613163520,好赞！！！已三连！！,3375.957,1707319463,a151a368
1511912731333112064,尼古拉特斯拉,3242.059,1707325242,e77b4efc
1512209128251316224,国之大事，唯戎唯祭,3343.927,1707360575,3d3ac38c
1512361484406102784,我说：看过这个视频的人都很快财富自由,3374.202,1707378738,c811e88f
1512905877231943168,如果可以，我请求我父亲的病症可以通过中医治好，不需要手术化疗,3385.38,1707443634,96c0ea62
1514017550168926720,这个叫榜样~,3263.867,1707576156,92e7c78e
1514052802664623104,巨人里也是这麽说的,3250.246,1707580358,8b405922
1514074494271267840,榜样,3250.657,1707582944,2e37a580
1514426217699705088,"随众生心,应所知量,循业发现",3338.047,1707624873,552666d8
1514467136347857152,传播学,3252.723,1707629751,fdae21aa
1514585089571321600,本质如up所讲，表观来看，是个体与其他体的互相影响,3257.288,1707643812,c665640
1514586357778151424,意识能向上编辑规则，从而让其他个体受到影响。,3375.288,1707643963,c665640
1515244400329096192,终于回到标题,3352.533,1707722408,2562f491
1515245365908168192,会，我赞美一个人，对方就会开心,3371.569,1707722523,2562f491
1515327875191339520,每个生物，即使不是生物也都有自己的编码程序，找到合适的接口，输入各种形式的命令就会产生各种光怪陆离的结果。。。,3381.143,1707732359,1ffbc1b5
1515820269367795712,言出法随,3371.896,1707791057,776bda24
1516768920881824512,我很有钱我会很有钱,3387.47,1707904145,70fd3c54
1516954469592933632,但是呢，很可惜，天地不仁以万物为刍狗，物质宇宙也不会因人的想法而转动,3336.001,1707926264,8384b083
1517633712840660224,真的已经三连了，你已经言出法随了,3390.09,1708007236,1733fcea
1518174832104131072,闭口禅开口定乾坤,3371.615,1708071743,8efd754e
1522714113464572160,阿卡西记录,3252.427,1708612867,164ded48
1522755371783948800,相信相信的力量,3370.14,1708617786,e361d6e7
1523774884663086848,不是八级大狂风吗？,3328.519,1708739321,66fc55c1
1525948176568456704,其实我也觉得我能影响天气,3349.825,1708998398,d2dd72c0
1526329365493732096,拉马努金,3246.818,1709043839,f635abf2
1527761067525454080,君子之德风，小人之德草,3264.903,1709214511,62568114
1528252348273969408,←前面发这个弹幕的，回旋镖在等着你,3334.468,1709273076,67438bf5
1528302863489519616,董仲舒的天人感应。。。,3335.263,1709279098,eb692ff6
1529666599341484032,岛上没有番薯，科学家带的,3240.346,1709441668,3c7337bc
1529668256988820992,首先得找到输入代码的入口,3366.077,1709441866,3c7337bc
1531277046981185792,原神，拯救世界,3377.201,1709633648,7039cd78
1532749734215975936,能影响天气？那不是萧敬腾吗？,3335.762,1709809206,a48a250c
1548578720279697920,关键小人物,3375.09,1711696169,c2ebb559
1561767342860648960,上传到云平台了，全人类的意识都在训练同一个AI模型,3240.735,1713268375,43544b2e
1579709736914476800,人定胜天,3362.094,1715407275,36b4895d
1592069102250627584,反正预知梦我确实做过,3243.288,1716880626,f9c33a0
1592069806364986880,罪己诏？,3318.523,1716880710,f9c33a0
1592070266757056768,所以萧雨神是怎么影响天气的？,3344.159,1716880765,f9c33a0
1606399670735766016,同样适用于所有宗教、政治,3277.292,1718588963,726a651a
1608730598024060416,终于绕回来了，哈哈づ♡ど,3350.983,1718866831,92bbae6d
1837860283956193536,刚开始说什么来着？咒语,3369.517,1746181218,eb39c167
1862551286277790976,媒体,3273.964,1749124615,fa202f09
1916166274984708352,等等，这不是董仲舒的天人感应吗？,3313.709,1755516020,a8280c73
1916166598281445376,这不是天人感应吗？,3285.004,1755516058,a8280c73
,,0.0,1775655591.4716349,
lb.c,,0.0,1775655591.4716349,
,,0.0,1775655591.4716349,
1510893569358271232,第一第一,1.699,1707203748,cde4d87e
1510899902287393024,因为翻译的过程信息会有误差,326.337,1707204503,18041a7d
1510909908177375488,大吹法螺，大敲法鼓,139.426,1707205696,6701cdaf
1510910844496804096,咒语：钵钵鸡 钵啊钵钵鸡 一元一串的钵钵鸡,264.042,1707205808,a2d527c6
1510919025335687680,角度新奇，有想法，尚,30.832,1707206783,68222e04
1510930940716041728,占座,18.899,1707208203,520a78cf
1510950755354440448,临兵斗者皆烈阵在前,56.422,1707210566,7ab67633
1510958798544962048,传播的都是怎么分红，知识垄断和解释权垄断是宗教发展的重要手段,322.894,1707211524,68222e04
1511034478041378304,如果宗教失去神秘性，被彻底解构，那会彻底沦为娱乐产品，甚至被遗忘,316.877,1707220546,9f3bfdff
1511181262969388544,好家伙，这时长老夫相当满意,4.106,1707238044,cd48e03d
1511182539002482176,阿达瓦卡达哇,80.78,1707238196,c5b1b916
1511222906066129664,更新了,2.219,1707243008,2d45ce45
1511226942186302720,八利三藏,254.169,1707243490,925a8e
1511242451145711872,是临兵斗者皆阵组前行,60.751,1707245338,56542bc
1511243862948012288,呃稍微做个思想实验就知道了吧，两人用同一个咒语博弈，宇宙会让谁的生效？,48.369,1707245507,61765872
1511247346108166144,保持神秘性,324.439,1707245922,9ba24f69
1511269600958901504,起源于远古的傩戏吧，只是语言到后面音调之类的变了,229.695,1707248575,9a4d5722
1511286993429352448,傩戏？,195.086,1707250648,40e8b606
1511371366191285504,一本老书，魔界英雄传,56.191,1707260706,d7472b31
1511371955406711296,宗教、民俗需要权威啊，和普通人分开,332.559,1707260777,a03619e9
1511443430792994816,读作频率,50.419,1707269297,f170be36
1511449130046897920,ai是语音是ai服务人。所以按这个逻辑理解 咒语就是人服务神，而不是神服务人。,39.02,1707269976,c9088b35
1511456406702981888,欢乐豆效应,18.499,1707270844,9a409ed0
1511458951899097600,唵蓝净法界，乾元亨利贞,57.505,1707271147,935d4258
1511460489002457856,嘛哩嘛哩哄,115.187,1707271331,f79d57f0
1511461124523224064,巴啦啦小魔仙沙拉沙罗全身变~,122.181,1707271406,f79d57f0
1511464619930060288,大威天龙，般若妈妈哄！,123.144,1707271823,2694a6a3
1511484128527372544,盂兰神功,201.216,1707274149,b5a2bfa6
1511493372387584768,酆都,186.259,1707275251,aef8af5a
1511501312163094528,六字大明咒,65.699,1707276197,3c847720
1511518557304159744,但是指定语言可以掌握解释权，你传播了但是不听我的，那有什么用,321.567,1707278253,5eea56d8
1511520194298916352,惠州人冒头,133.131,1707278448,f388d0d7
1511530496667056128,奇术师,38.359,1707279676,9f798b2
1511539736383475456,背景音乐很好听,238.293,1707280778,e98af137
1511542792294497792,电的载，言的流音的体！！！~,92.155,1707281142,b98c9fb3
1511568683934632192,太平歌词,176.762,1707284228,dccf1241
1511634527880466688,嗯，用山东话来读论语对吧？！,303.511,1707292078,d9096a03
1511682304282562304,细思极恐,65.85,1707297773,e7a6fc0
1511691840704061440,这根本不是悖论，宗教信仰可以共享，但宗教解释权不能，用这些与众生不同的语言是刻意为之,314.645,1707298910,10fe7ea0
1511767484339176448,你要弄清楚什么是咒 在从你的语来研究,107.255,1707307927,c04d39b0
1511770286520144384,但咒语往往需要支付代价,42.49,1707308261,3e66d107
1511813234556941056,普罗米修斯！！！,263.753,1707313381,a151a368
1511845043487872768,我们称为：指令【狗头】,102.28,1707317173,8872ac8b
1511858711323561472,一切都会好起来的,9.076,1707318802,f57b51b5
1511865453088102912,其实就是呼出控制台输入权限内的命令而已,68.929,1707319606,de100637
1511902250002346752,日落西山呐～～～～～ 日落西山黑了天,180.056,1707323993,fe023968
1511930684984525312,殄文,153.507,1707327382,4024beb
1511982163430892032,涟漪到一定程度要么忽视要么被摧毁,76.168,1707333519,3b533936
1512199663267418368,异世界舅舅？,279.895,1707359447,668f1692
1512239974622197504,说不定咒语就是神鬼的语言,29.139,1707364253,cfd7ca0d
1512317236235702272,老法师啦。,154.589,1707373463,ac63fe8e
1512342985545859840,往生咒的话历史不会超过两千年,99.669,1707376532,ec1e650d
1512350557044727040,就连网庙上吹的不靠神仙的道教也是不受箓不拜师无法入道,325.259,1707377435,ec1e650d
1512385944664624896,真语音系统？,300.179,1707381653,85182cf1
1512396870666703616,是的，在河南搭台唱戏，只要开始了，哪怕没人看了，也要唱结束，因为还有鬼神要看,200.4,1707382956,e490b69f
1512401437198811648,前排提醒，这视频不是讲神秘学和民俗，也不是讲符号学人类学的，纯纯的地摊文未解之谜系列,0.0,1707383500,ec1e650d
1512411536671438080,配的视频太烂，为什么不用倩女幽魂里的夺命梵音？？！,65.249,1707384704,df179fd2
1512412001694205696,古代佛经没有文字，都是口口相传。分组背诵互为备份，防止荒腔走板。,130.443,1707384760,218bc651
1512413195863024640,戏曲规矩：一旦开唱就必须唱完，就算没有人听，也会有鬼神在听。,187.237,1707384902,218bc651
1512470663531772416,商博良也不能翻译吗？,254.691,1707391753,2192b47c
1512575622239711744,汽车人变形出发!,34.061,1707404265,1c876ed5
1512675556465262080,爷爷，你关注的up主更新了,0.053,1707416178,e6b1cced
1512800259246878720,雅语？,188.839,1707431044,22a12544
1512835991520727552,加油加油加油,49.519,1707435303,e2e36116
1512878834314398720,急急如律令,116.139,1707440411,ac66a05
1513407398424177664,咒语是古代文明在集体潜意识上构造的系统操作语言 辅助你用神识力共振现实,50.326,1707503420,bb2b695c
1513519125832521216,我知道了，来念，大威天龙,271.527,1707516739,8471b486
1513825907696042240,世界的本质就是震动,35.041,1707553310,97783db7
1513854484185655040,吃葡萄不吐葡萄皮,140.116,1707556717,d2d434c9
1513867228041500928,咒语很管用的，楞严咒大悲咒超管用，,79.791,1707558236,92141b11
1513869470635296768,楞严咒很厉害,124.271,1707558504,92141b11
1513869954716362240,太极腔,181.873,1707558561,92141b11
1513870167694691072,符合太极转动的腔调,207.251,1707558587,92141b11
1513875250914631936,哈嘛噼,256.295,1707559193,697c73c5
1514040566067789056,失传的语言,231.848,1707578900,2e37a580
1514042597747022336,传播的不是教义，而是以神秘把控对神言宗教的释义权，进而掌控教徒思想,318.305,1707579142,2e37a580
1514082080827877632,有句话叫做末法时代，咒语可能就是可以震动那些魔法元素的发音。越大的法术就是需要越多的魔法元素加入,159.257,1707583849,1d9e85c9
1514199858108791040,背景这个场景和美女好美好精致,97.689,1707597889,543b1b52
1514355957059465728,言灵,83.299,1707616497,b1181568
1514357118193747456,包饺砸！,221.677,1707616636,b1181568
1515017413597801984,玛卡巴卡,5.733,1707695349,65bbde51
1515075022790625536,港片能作为参考？？？,193.326,1707702217,19d790a7
1515323257966851840,龙族,33.379,1707731809,2a0baa1e
1515352156562250752,天猫精灵。开空调,86.414,1707735254,651def2b
1515858433734178048,不是讲究天人感应吗？我认为因该注重感应。,283.302,1707795606,38b7cd34
1515967506836537344,代码也是咒文←_←,144.937,1707808609,a1427164
1516076378326696448,纳米机器人就是魔法元素,168.409,1707821587,78fb5fc8
1516259650881020928,我认为一定不会是种真正的语言，或者说一定没有规律,11.119,1707843435,c9cb581b
1516599242444146176,这些咒语可能是调整自己能量的一种技巧，但是前提是对自身能量有认知，现在已失传了,121.64,1707883918,be0efab2
1517403587184422144,我知道，同伴加压耗时3防夜袭，是神秘交谈,276.082,1707979803,e63ec77b
1517533032255605248,恐怖的时长,9.17,1707995234,d8d03db0
1518137113181289216,陀螺么,9.807,1708067246,7fb60ea5
1518947474113374464,不算什么新想法，我小学时就在很多科普科幻书籍中见过了,34.415,1708163849,8d99378e
1518975570909053440,这些是谜因或者说是模因,88.047,1708167198,8d99378e
1518988018554381824,索绪尔《普通语言学教程》,207.331,1708168682,8d99378e
1518990509333373696,有没有可能神不需要语言,334.629,1708168979,8d99378e
1519019224050573312,手机便是魔杖,65.464,1708172402,eb2d8318
1519077329471963392,斯人已逝,155.313,1708179329,5ae573e0
1519119575835716352,终于有人说这个了！,14.259,1708184365,852f32d4
1519176036183758848,咒语 密码？,158.411,1708191095,f8fa38dc
1519415599787310080,摩西摩西,333.508,1708219654,a5fd0f2a
1519616248227790080,外星语吗,248.364,1708243573,c67dfee9
1519674270610095104,6++++++,227.168,1708250490,3ed244f1
1519776711493963008,梵文,128.253,1708262702,cac1ea43
1520599627219771648,"Hey, Siri就是一句咒语",52.979,1708360801,62dea387
1520960370053912832,把这个换成语音识别就对味了 哈哈,285.435,1708403805,6c47009f
1521046991315212032,一人之下--巫妖  神格面具,189.927,1708414131,484718e1
1521313780892562432,计算机语言和程序验证,344.643,1708445935,73ad9a4c
1521828578877088256,什么亚空间,274.869,1708507303,3f564a18
1522141123278263296,讲好一个故事,84.475,1708544561,749148d6
1522245180462621696,有没可能是为了所谓神秘感，你不懂就觉得神奇而已，有可能经文只是说你吃了没之类的话,349.408,1708556966,c4f0a743
1522338742013231104,言出法随！,72.482,1708568119,d4df00e7
1522739676061328128,言出法随,96.474,1708615914,9242b9d5
1523493689731924992,南无阿弥陀佛,132.559,1708705800,ed3aa3fa
1523727651624210944,说不定就是外星人教了一半,313.746,1708733690,9accefd7
1524238675792495360,古语或者外语加上误读？,120.786,1708794609,eb9bb181
1524350810652467456,纳米机械可以实现的,73.747,1708807977,3e145f2f
1524871559263616000,这其实和人类的傲慢有关,322.405,1708870055,334b68cd
1524951088132848640,宇宙系统的cmd指令,36.891,1708879535,4506ee92
1525478414050475264,大家不要误会这里，只是为了解释咒语，是一种娱乐的方向。研究的并不是宗教的政治性,325.499,1708942397,b958d312
1525514254814519040,唱诗人,282.422,1708946670,b6955852
1525986563543289088,失落的史前科技？！,42.619,1709002974,ea787008
1525990164084938496,有没有一种可能翻译后会失真？知其意，却不能知其境,315.411,1709003403,ea787008
1526707221625564160,已经关闭了，神远古的时候为了调试留的GM接口而已,51.784,1709088883,ac9c7a53
1527043400309016064,真名,289.935,1709128958,f2719655
1527406274621540096,遇事不决，外星语言,254.434,1709172216,b5f326f3
1527518713752931072,阿瓦达啃大瓜！！！！,75.721,1709185620,acc807f1
1529578567409916928,惊！晴雅集？！,29.392,1709431174,43bd4e89
1529581902888364032,一种保持自我文化的方式而已,313.873,1709431571,662e91a1
1530203757764441344,神秘主义,333.339,1709505702,961f4073
1531427263931784704,菠萝菠萝蜜~~~,139.178,1709651556,d798ad0c
1531911304212702464,？？巴利三藏是原始佛教语言，记录不应该是原始佛经么？怎么会翻译不出来,245.83,1709709258,1b499427
1532035581700394752,梵文,233.951,1709724073,180c64e8
1533269809557922048,我们所有的念想都是咒语,70.357,1709871204,62081682
1542529958940243200,是的，有的看似是梗，其实有些力量在的,90.778,1710975100,32e70d68
1543111050709208832,桐人：system call,56.917,1711044372,1fa48e31
1544947092043549440,想起句话，科学的尽头是玄学,207.987,1711263245,3e3a2c80
1547095614930966784,其他语种的经文怎么呢,303.683,1711519369,e6a80cdd
1547958184134834176,这里还有个悖论，当一个种族发展了一个宗教。那么肯定是这个种族的宝贝,330.11,1711622195,e32b7191
1548159716230860800,这不是维护正统核心地位的需要吗？,316.706,1711646219,41484aff
1548278444176366080,怎么证明或者证伪,44.389,1711660373,aa9228fe
1548340582077118976,表音文字,253.179,1711667780,26c06ef
1548341319083226368,为了最终解释权,332.879,1711667868,26c06ef
1548698437929915648,拉莱耶语,233.375,1711710440,cc4815cd
1549523100742364416,伊卜拉沙~,235.001,1711808747,145aa409
1555920021157790720,我也会：“小爱同学，帮我开灯”,47.483,1712571320,a7828a4c
1578907644843075328,就是高维能量语，链接你和你的原神,77.328,1715311658,89a93e3c
1579045791392150016,是高哥特语和低哥特语的意思吗？,256.159,1715328126,efbe4fb1
1579600572553052928,一陀翔,19.0,1715394262,c2ffcf2b
1593186662605772544,想让咒语变成真，你必须从相反视角观测咒语的实施～,6.368,1717013850,d9f65bf6
1595352854670238464,古神语,279.125,1717272080,548c6421
1613232999364002560,以前人少,319.025,1719403559,e64c5464
1625946687002524416,宇宙的代码,40.819,1720919149,3d151d8e
1639155093452823296,小孩子灵性高,163.464,1722493714,3b877167
1657286574037113856,科仪 密咒,211.368,1724655155,257a1ebb
1671812029079470592,宇宙编程语言,348.506,1726386724,67547af9
1685437688540383232,还有宇宙语,256.42,1728011029,f2f5aee3
1693835141027384576,巫在古代是指可以沟通天地的人,173.132,1729012083,76537ad9
1710183110169744896,没错，只要戏台子搭起来，没人也要唱，因为有鬼神也再看,183.934,1730960913,9820c3cc
,,0.0,1775655591.4716349,
lb.c,,0.0,1775655591.4716349,
,,0.0,1775655591.4716349,
1510900560373553408,撞到真空容器壁之后能量引起了容器壁的形变和内能增加，也就是做了功,659.79,1707204582,b9f37c81
1510900651868260864,现象难道不是人规定出来的吗？,458.885,1707204593,b7253f15
1511025437420547840,这里bgm有人知道吗,518.722,1707219468,9039f3b4
1511030251256490240,这个有解释,449.298,1707220042,1555eca4
1511042247267934720,达摩是真实的历史人物啊，有记载的,360.85,1707221472,3d58d951
1511091314459339776,光音天,449.444,1707227322,4404adee
1511091935325041920,光音天,447.529,1707227396,4404adee
1511092919216725760,阿凡达团建,389.076,1707227513,165e8d50
1511105664078934784,真空中应该是没有物质媒介来共振,579.255,1707229032,ff133554
1511151090589253376,那么问题来了，神无所不能，为啥不啥语言都懂,402.783,1707234447,4653de3d
1511177058464783872,这个逻辑有问题，就算耶稣真的复活了，那后世的人都没见过又凭什么相信，那没见过的后人可以相信，没见过的前人就也可以相信,385.196,1707237543,a002bc65
1511180170973705728,阵法？,686.459,1707237914,6d8b995d
1511196360635076352,吊在板上的原因,581.869,1707239844,8e8a9411
1511282684226246912,相信神存在≠神真的存在。,394.928,1707250135,be6a4a57
1511337549380404736,相信相信的力量,406.35,1707256675,d23c6e91
1511344816028825856,这个应该是心理学。,421.01,1707257541,86ff93e9
1511444496154427392,啊，竟然有文献？,539.327,1707269424,57b0d9a5
1511492257423854848,是催眠学，不是心理学，在很多时候是超心理学的概念,516.282,1707275118,2a863fc8
1511508387635012608,现象不是人规定的，是人发现归纳总结的，无法复现没找到规律的就是神秘,468.904,1707277041,3e818a27
1511522047493633792,"祝由术算不算,听说确实有一定效果",428.512,1707278669,f0e5ceae
1511531083693425920,共振就是功放,624.337,1707279746,3291c759
1511536718556469248,可以理解为神灵C语言,509.384,1707280418,25a3a2fb
1511545975553024768,遇事不决，量子力学,497.303,1707281521,18d3d9b6
1511604753430393344,好像臭名昭著的水知道答案也提过类似的理论吧,656.368,1707288528,c0dcfb2c
1511628251397654528,耶稣也是真实的历史人物啊,364.559,1707291329,be83c184
1511695680824204032,曼陀罗,630.593,1707299368,2b4097c
1511698937155826944,声音不是消耗了能量才出现的？,477.243,1707299756,e274e0d6
1511868531464402176,灵能科技会引发亚空间天灾,434.039,1707319973,de100637
1511906428947239424,这种事是完全有可能的 但是距离神学 十亿八千万光年,522.151,1707324491,fe023968
1511907011250652928,真空不空 朋友,583.404,1707324560,fe023968
1511986773247507200,别迷信了，就算法翻译成同样的语言也是近似意和本意肯定有区别的，声音也分很多种，人与人听到也会有差别，这方面确实大家都不懂就看谁在那装，相信科学，拒绝迷信,411.888,1707334069,3b533936
1511992122906106624,只要别傲慢就很难迷信,487.448,1707334706,3b533936
1512399397458329600,逸散成熵了,482.04,1707383257,e490b69f
1512416070420826624,全国无论南北，都有一种去除喉咙鱼刺的祝由术。无法用现代理论解释，但真管用。,424.813,1707385245,218bc651
1512417522790590464,压点效应会产生电磁波，另一块同规格压电材料能够接收同频电磁辐射。,532.909,1707385418,218bc651
1512553623576776704,这太扯了,499.588,1707401642,3ff15c6
1512961307039537152,听音识曲,557.452,1707450242,3b054801
1513120392393488640,曼陀罗 荷鲁斯,627.43,1707469206,cb704783
1513607207155996928,祝由术,431.192,1707527239,4c09d4ff
1513712709210978816,千里传音,544.654,1707539816,51e24fc0
1514046186527756800,金花,637.486,1707579570,2e37a580
1514414867174400768,扯什么？的布罗伊物质波也是这个差不多的情景,506.264,1707623520,2610031c
1514810229593054464,有时候挺好使的,424.53,1707670651,7abc00a5
1515079558796536832,是语言就能承载,442.446,1707702757,19d790a7
1515889347617151232,言出法随,688.232,1707799292,38e0cfa7
1516074366621033728,有体验，比如快睡着半梦半醒间有时就会听到别人的说话声,510.885,1707821348,87b7cc89
1516142762431414528,巫医:我用的巫药是地塞米松,371.827,1707829501,7885fa40
1517231888501551872,能量在引起介质震动时就损耗了,667.08,1707959335,b02b4760
1519097112141709824,脉轮,632.163,1708181687,b79fb829
1519149031283219968,六字大明咒的“唵”字声波成像出来的就是一个坛城的模样,702.861,1708187876,b4116d28
1520413688194932736,只看结果，不看过程,434.976,1708338635,18f90f29
1521193655723901440,打电话不也是这样吗,543.23,1708431614,1afc700e
1521515294374641152,很多佛世界是以音声形式存在的就是这个意思，佛说法的音声响彻三千大千世界乃至无量无边世界却互不干扰，个人推测原理也是如此甚至更高端,646.222,1708469957,2bc7f25d
1521869830855307520,九龙化骨水,428.984,1708512221,5e5b832e
1522614177301480704,我都不知道我是從哪裡開始聽不懂的,680.949,1708600954,e5b3855e
1523056658296037376,虚拟世界么？,434.293,1708653702,11aee060
1523111823023342080,这也是因为有电场啊,525.467,1708660278,caf65355
1523399379279849984,真空量子涨落产生虚粒子，这些虚粒子可以震动传递声音,509.3,1708694557,e0aa4922
1523733545385058304,就像音乐会影响人的情绪或行为,589.669,1708734393,c0cf273f
1523896536491566336,神说要有钱，于是真的有了钱,407.087,1708753823,a623f050
1523921070451773184,直接操作底层代码的意思？,460.701,1708756748,bc3c5dc4
1524083323922976512,听不懂，但是爱听,547.719,1708776090,3238262a
1524151221777249792,我想到了催眠！,451.94,1708784184,31a50c5b
1524872064241377536,找个海妖，她们有语言插件,395.524,1708870115,4df1c005
1525795062360167424,如果是相同结构的设备，很有可能只是因为固有频率相同,579.875,1708980145,38db071e
1525895530184793856,魔术？,376.219,1708992122,2846fd25
1526905709101803520,源代码,625.148,1709112544,53713d10
1527805746459515904,可以用同一条鱼用火烧软 放水中喝下去就可以了 没试过 可以试试,428.36,1709219837,c3660b3b
1528746137987852032,抵抗重力我笑死,447.8,1709331941,b18ca3c3
1529391240104563712,真空没有空气啊，能量没法传递呗。,474.731,1709408843,acab398a
1529393029109376512,图案与物质形成未必有关联，结,685.81,1709409056,acab398a
1530561309647992576,原神，启动,440.699,1709548326,7039cd78
1530563428618802176,原神，拯救世界,685.059,1709548578,7039cd78
1535763481922828288,你好。地球人,502.126,1710168473,369f2308
1538300396295406080,当你相信神存在的时候，你无法分辨神不存在,400.555,1710470897,380fb161
1543391465777099264,太阳：那我走？,403.631,1711077800,e185455b
1543744512340334080,雷达？,682.265,1711119886,3ab4cc58
1545168316992144640,别着急反驳～人家都有资料的，又不是信口胡说。先看看中不？,522.289,1711289617,2a2f81cb
1547835726564081664,大型演唱会,392.023,1711607597,ef69e866
1548724242135296000,这不是共振，这是系统的耦合运动，不要望文生义,587.954,1711713516,5e86f2be
1550077398274505728,披着科幻外衣的外星非洲,415.033,1711874825,594a703a
1551541533415911424,画符？,697.612,1712049363,f686d65e
1551666175614980608,电子设备的声音和人体的一样吗,654.95,1712064222,af883166
1559681438692134144,频率,462.398,1713019716,1d73ca06
1565534952362303744,分形几何,688.766,1713717509,5db64ff1
1578153244038174464,非局域耦合机械振子的同步及奇异态,589.095,1715221727,4350c6ed
1582038471336594176,史前超级治愈机器人，通过语音交流借用,417.043,1715684882,97213204
1587104621032583424,突然串戏到了浮世叁千问233,549.603,1716288814,482d75e4
1589353646557061120,看到这个我立马想到了麦田圈的图案,681.825,1716556919,5931d69a
1605616503556794112,==没人说达摩是神吧？佛教从来说佛是开悟的人而已,401.019,1718495602,926fe657
1616096372220716544,那就是每个读音都与某种波共振，或组织成固定的波形组合，这样的波形组合就产生某种能量，达到一定强度就能影响能量场,475.339,1719744900,13b5d3c3
1616896630853157376,转化成内能了啊,473.553,1719840298,22286d56
1622573075915028992,逗猫棒,585.05,1720516983,72808daf
1623704623200179200,真空不真，即使太空，也是相对真空，不是绝对,499.219,1720651874,4c99fc82
1639981537342845184,总裁那里看过这段,603.241,1722592233,95e48e44
1655747505583124480,麦田怪圈,690.774,1724471683,b7d61015
1657054149197909760,所以皇帝学天人的音乐就是为了拯救当年的人,705.618,1724627447,bb2b695c
1684301329097158656,节拍器,580.965,1727875564,fea2e132
1707933810337497600,神“说”：要有“光”,450.231,1730692776,c87e78db
1786962726779324416,首先发出声音的东西你必须得给它一个定位，或是锚点，一切从它出发才有对错，或许这就是人类限制？,712.141,1740113757,5486f4a0
,,0.0,1775655591.4716349,
lb.c,,0.0,1775655591.4716349,
,,0.0,1775655591.4716349,
1510908556394966784,芭芭拉：治疗就交给我吧,914.772,1707205535,66b8a922
1510931899072224768,就算时空不连续，我们感受到的也是连续的。,1022.773,1707208318,de0d96f7
1510932180552081408,比如：眨眼补帧。视频一顿一顿的，可是在我们看来，就是连续的。,1024.733,1707208351,de0d96f7
1510932571318612736,卡顿，对于连续来说，通过对比，才有卡顿。,1026.053,1707208398,de0d96f7
1510939667150138880,细说深入,977.537,1707209244,6840d8d4
1511037968390157824,图穷匕见,773.855,1707220962,f2194801
1511107728758915584,这是波纹攻击,919.726,1707229278,ff133554
1511108334592237824,开始看不懂了,1019.318,1707229350,ff133554
1511115165905922560,我喜欢,775.271,1707230165,21836113
1511154999126838016,那如果光可以被力吸引或者退离呢。。。,810.518,1707234913,4653de3d
1511215457519212800,这个招数电影里的神婆经常用,949.238,1707242121,833e8924
1511244701272300544,法术：言出法随,847.578,1707245607,ddd5415e
1511440245227354368,时间是否存在都是个问题，讨论这个,865.197,1707268917,cb122b68
1511450399830701568,魔术大师,951.539,1707270128,c35938f7
1511467769114449152,万事不决，量子力学,1006.523,1707272198,5d76bd6e
1511492002686982912,其实是魔术而已,992.258,1707275087,1253f646
1511543661714979840,如果魔术能救一个濒死的人就好了,1003.873,1707281246,f0e5ceae
1511544817807974400,我还以为我屏幕上有蚂蚁！！！,960.27,1707281383,275bd317
1511551857225513984,？,956.623,1707282223,18d3d9b6
1511686273318952960,遇事不决 量子力学,999.821,1707298246,afd6932a
1511694476094334976,图穷匕见+1,789.081,1707299224,e7d94bb0
1511739552522725888,这不会是芭芭拉的原型吧,919.964,1707304598,68b8b69b
1511765376005291776,所以关键是理解共振的本质吗，共振为什么存在,720.256,1707307676,d3926e93
1511837427696720384,我的老师跟我们讲过很多这种，老老师懂的很多，都给我们讲，现在可能没老师知道了,969.57,1707316265,928db7c7
1511839115250015744,不是魔术，我那个老老师说，超自然跟化学物理学有关，不是假的，只是我们现在不懂,996.13,1707316466,928db7c7
1511872289778621440,"光不会被引力吸引,而是沿着空间最短的路径传播而已.所以黑洞是扰动空间而非拉扯光子",823.721,1707320421,de100637
1511937045143108608,因为观测了,1052.265,1707328140,54505dd5
1512001545351270912,众所周知宏观效应会有一个概率趋势这不就连起来了？不想卡bug也不是不可以,1026.596,1707335830,3b533936
1512232402234451712,有没有可能芭芭拉学过医学，打着巫医的旗号在实施专业手术？,996.828,1707363350,668f1692
1512476769406749184,噗，再见,981.123,1707392481,2192b47c
1512608267246103808,就象我们看动画片那样，动画片也不是连续的，只是我们觉得是连续的。,1031.334,1707408156,aaba05d6
1514049108397391616,这类魔术手法被揭秘过,954.314,1707579918,2e37a580
1514763847821686528,科学的尽头是神学,1067.514,1707665122,ec0293b2
1515115708605221120,不，相对论证明时空是变量,782.777,1707707067,9ba94f75
1515382011794174720,路西法,799.388,1707738813,8b55cc44
1516202209334213888,遇事不决量子力学,989.899,1707836588,8e9d9c30
1516399092161618688,有没有一种可能，一切只是场物质流动产生的变化,857.976,1707860058,e4ab6b8a
1516472943654308608,直到魔法揭秘开始播放,997.288,1707868862,dc228f33
1516934833941766144,主要就是，声音的能量太少了，除非是有放大器，或者类似引动雪崩一样的引子,846.614,1707923923,8384b083
1516941263289824512,说其他我还不一定熟，这个芭芭拉帕奇塔不久前我还看过揭秘,875.114,1707924690,8384b083
1519459610443232512,芭芭拉 冲鸭,875.621,1708224900,bdcd674a
1519521141822387200,法器？,863.309,1708232235,85109700
1519734356447349760,我记得有书说 唵 代表世间万物,745.784,1708257652,6e104b80
1520925161463963648,造神嘛，哪都一样,977.215,1708399607,39380461
1521520242915206656,黄帝外经到底什么内容啊,953.712,1708470547,2bc7f25d
1522305516666245888,芭芭拉冲呀！,901.502,1708564159,cfd4b043
1522600013229157888,你这个芭芭拉回复效果有点强,901.821,1708599265,afb33c7e
1523116779063697664,这就是芭芭拉原型吗,894.658,1708660869,caf65355
1523117225723492096,研究出来可是能“水”一篇论文的啊，怎么会有学者不感兴趣呢,921.75,1708660922,caf65355
1523826720631923968,所有的一切都是能量的互相干涉,868.615,1708745500,3c7337bc
1524834345603342592,遇事不决，量子力学,990.708,1708865619,2ecd090a
1525447203026720512,来困了..............,1051.074,1708938677,733e5dc3
1526071318246951680,那倒立行走是不是会活的久一点,839.812,1709013077,aec86728
1526213258074652160,就喜欢这句！,722.968,1709029998,a48a250c
1526215241627702272,芭芭拉冲鸭,932.186,1709030234,3fc86396
1528921959411564288,时空之王，命运道标,858.034,1709352900,f7ab0be
1529095836045338112,那是你念唵这类时 你的肌肉呼吸机都在随着你念这个字时有规律运动 按摩内脏,787.375,1709373628,b2446d3b
1529096324883104000,将无序混乱 通过振动变的重新有序，规律,845.558,1709373686,b2446d3b
1530200422705674496,我更倾向于时间是一把尺子 本来不存在只是为了让人类理解而造出来的工具 ,1065.539,1709505305,a5220fbb
1534711957620495616,因为思维是线性的,1034.803,1710043122,62081682
1543746423835697152,这么离谱？,910.195,1711120114,3ab4cc58
1546005639908824320,算了吧,907.089,1711389433,990cb761
1549518129745755904,苗医没病拿水,995.939,1711808155,ceb9f1ab
1551541810399105024,咒语就是用声音画符,730.627,1712049396,f686d65e
1551542719128959232,衰变，老化,838.951,1712049505,f686d65e
1562180038324307456,科学没有尽头。,1077.795,1713317572,59236c22
1577511418495228928,咒令：我，秦始皇，打钱！！！,886.446,1715145215,d59fe5b0
1578778053835180544,芭芭拉：演唱，开始！,890.933,1715296210,b897fdc1
1594020501347522304,黑客帝国,944.659,1717113251,10d4dc90
1615813523726791168,我每次睡不着就看他视频，一听就困，比安眠药管用,1041.055,1719711182,29578a32
1622577590823022080,幻影移形,1038.551,1720517521,72808daf
1639987416305571072,回调芭芭拉！,906.754,1722592934,95e48e44
1655797195032993536,湖北某个道教县的某个局长，就是被这种方式治疗的癌症，还拍了视频,957.966,1724477607,f85c634d
1682123295757073152,遇事不决，量子力学,986.771,1727615923,46c0c30d
1682123743473752832,缩地术！,1036.086,1727615976,46c0c30d
1693841864656055296,憨豆先生也干过类似的事,948.417,1729012885,76537ad9
1727377496854866432,读书时巴不得有这能力省下通勤,1036.921,1733010644,9d6fe986
1801466163009000448,高手啊,966.308,1741842701,705a891
1812420769691477504,怪不得蒙德城有个芭芭拉,992.077,1743148592,94749c01
1825597102567617536, 那光的散射呢？,816.808,1744719333,1a6d2728
1825599134908975616,电影中环节在他眼前上演，不敢想象他当时得震惊到什么程度,957.706,1744719575,1a6d2728
,,0.0,1775655591.4716349,
lb.c,,0.0,1775655591.4716349,
,,0.0,1775655591.4716349,
1510937110897690880,如果说是量子隧穿的话，概率极低，忽略不计。不如直接把射向他人的子弹，无伤遂穿到脑后。,1232.142,1707208939,de0d96f7
1510938654141682944,这难度，比空间传送还难,1249.191,1707209123,de0d96f7
1510941287778876160,言出法随？,1238.539,1707209437,520a78cf
1510960014297565440,有道理,1356.308,1707211669,73dbef55
1510973142066364672,我小时候经常混淆绿色和蓝色,1337.774,1707213234,2eb64d21
1511086203624329984,有合理解释了,1302.605,1707226712,903d032f
1511164230840225536,集体潜意识,1433.111,1707236014,4b967118
1511215250052352256,狼孩的故事如果是真的，那么鸿蒙讲座的故事岂不是真的？传道是真的,1431.28,1707242096,b789a2e2
1511218110945282304,所以自旋到底是什么意思,1100.438,1707242437,ad5cbc3e
1511255395841472512,思想烙印.  ,1347.877,1707246882,b694ac7c
1511404765434047488,这不是道家学说，这是道教学说,1156.319,1707264688,925a8e
1511431593041043200,阿赖耶识,1436.598,1707267886,cdf28e6f
1511460786487543808,本来就没有时间，,1087.225,1707271366,af3bc664
1511478139933912064,有道理,1368.836,1707273435,7a0bddcc
1511516709016718080,阿赖耶,1437.162,1707278033,3e818a27
1511533126998994176,观测物质世界必会对物质世界造成扰动，也就是互动，所以在微观世界，所有观测均是与物质互动后的结果,1368.97,1707279990,2b0a5cad
1511534374871452416,陀一定是博士后，逻辑，章节环环相扣,1206.486,1707280138,62081682
1511536152619183104,这就是地球ol的规矩呀,1351.549,1707280350,baaac14b
1511592607808412416,我们的世界是虚拟的,1141.448,1707287080,6e468b55
1511730073613624064,意识冰山，水面上的冰山看似独立，下面却连成一片？,1434.891,1707303468,ed61d4d3
1511912129274695168,其实可以吃 你喜欢的话（用过的容易产生细菌 吃进去会生病）,1339.593,1707325170,d67e1d47
1512134764138867200,这点认同，在学校考试的时候，明明我自己不紧张，题感觉也不难，但就是脑子空白，不会思考，感觉自己的意识被别人影响了,1430.906,1707351710,95936744
1512240897428290560,五蕴,1348.701,1707364363,f7efa00d
1512262604377145344,假设空间本就在你只是在这空间里放了个烟花，接着烟花充斥整个空间并不断蔓延,1169.81,1707366950,6031d481
1512505554680108288,有些所谓的证明只是为了让事情变的合理,1411.255,1707395912,f49ebad4
1513928600649548288,懂了，太上老君是量子（bushi,1170.598,1707565552,1a1281fd
1514382712004454144,神学不为用，科技为用,1247.087,1707619687,26b4c7d7
1514692285949028608,这个突然出现，也许是奇点以外的更高维世界对它产生了什么影响,1165.973,1707656591,2562f491
1514708046239426560,因为人本身就在系统中,1295.196,1707658470,2562f491
1514710233921327104,绿色也可以叫green,1337.739,1707658730,2562f491
1514711110069364736,确实,1434.603,1707658835,2562f491
1516133256528101376,石头人是吧,1438.144,1707828368,eef05dc0
1519363206387544576,时间和空间是连续的吗,1312.594,1708213408,89704736
1519643780385783040,地球不就在自旋吗,1103.687,1708246855,9c248688
1521295412676657408,？？？,1192.427,1708443745,1892977d
1521523478031927808,所以各大正教都重视语言的作用，圣经里丈夫可以否掉妻子的发愿，佛教和道教都说言语能召来福祸就是这意思,1231.27,1708470932,2bc7f25d
1522116546367880448,这可以假设并不是不教，而是教不了，或者不知道怎么把这种共振甚至说同频的展示给我们，甚至这个可以理解为天赋说的夸张点也就是超能力般是独有的，可以传承但不一定遇到差不多能遇到一个对师傅会咒语一样有天赋的,1267.781,1708541632,f4485a9e
1522694772203129600,所以世界就是像素组成的，根本不连续,1123.286,1708610561,164ded48
1522697891523916800,集体潜意识,1437.666,1708610933,164ded48
1525303812967995136,混元行意,1136.666,1708921583,48beeaa6
1526282993864606208,矩阵,1348.66,1709038311,1596239a
1526913926909220608,真言咒,1234.346,1709113524,53713d10
1529101675288482560,一段振动同样是有序的 会改变无序 同样消除混乱的应力,1321.582,1709374324,b2446d3b
1529103192561254400,认知定义牢笼,1374.684,1709374505,b2446d3b
1535828119645251840,净土宗,1225.742,1710176179,a125d774
1539225571467521536,真空中各方向的力是相同的，但是空间被扭曲之后就会出现“引力”,1127.443,1710581186,9798cac3
1544269461069150720,薛定谔的猫,1332.189,1711182465,384ddeeb
1548355340456971520,为什么打死狼,1382.359,1711669540,26c06ef
1549858698313306624,一语成谶,1237.96,1711848754,6bfe7442
1550314692902376192,像不像一个游戏的世界，从仅有一个世界到加载各种内容的样子？,1156.541,1711903113,7991c86e
1554004188055479296,少数的听到一半，发现已经一句话都听不懂了的视频，世界真神奇,1123.397,1712342935,9cd415f0
1558134519037870080,AI开机了,1178.136,1712835309,569fb314
1579252691224311808,五蕴,1355.02,1715352791,36dd6ae7
1579800639058708992,假装自己能听懂。这是咒语的一部分。,1109.409,1715418111,1d5a13e1
1592047346571685888,普通人的意识、记忆太靠不住了,1339.163,1716878033,f9c33a0
1616905396319193856,《白发魔女传》,1392.275,1719841343,22286d56
1628290035444993792,其实是不确定原理,1291.341,1721198498,e9ae1482
1641605769663529728,言灵,1230.33,1722785857,885fe8e9
1650106204409803520,信则有，不信则无，是不是也是共振，相信才可以和对方同一频率才能感受到，不相信频率不对就什么都不会发生，所以同一个方法，有的人灵，有的人不灵,1249.341,1723799188,2562f491
1661697840449405952,开控制台了,1234.173,1725181019,766e2ccb
1688364293735441664,假的？这是有记录的，还被写入了教育心理学的,1406.421,1728359907,2852ec86
1801377511042126592,时间是人道的概念,1104.052,1741832133,bd550466
1801378425123447040,人类对游戏的开发与创造，像不像天道对人类社会的创造,1212.996,1741832242,bd550466
1806733657709799424,张祥前的《统一场理论》能解释这些现像吗？,1287.425,1742470635,e9102dea
1827140962385317888,你看名字也知道，原始既是原初开始,1133.215,1744903376,1e8ae9f6
1902998389101029120,来自于经验和集体定义,1348.111,1753946285,2f11bf61
,,0.0,1775655591.4716349,
lb.c,,0.0,1775655591.4716349,
,,0.0,1775655591.4716349,
1510906544102140160,这是否能证明一定程度上证明灵魂的存在？,1624.165,1707205295,b7253f15
1510910449561168640,这部分应该是荣格的集体潜意识理论,1440.31,1707205761,1492c5f6
1510914819380157184,是不是给乌龟养大我们也能长命百岁了,1482.1,1707206282,66b8a922
1510920275179427072,比如心里说谁，谁就会打喷嚏,1749.222,1707206932,f57edb10
1510935521063628032,少了云端的算力支持,1472.716,1707208750,fc3b5a83
1510938085855267072,我用在感应外卖员是否到门口了，突然身体本能去开门,1748.476,1707209055,fc3b5a83
1510939849174349568,最新研究，意识，滞后于行为。行为是明星，意识是行为的经纪人。先做，后记录，再修改，更新下一次的行为模式，然后无限循环,1611.618,1707209265,de0d96f7
1510940204163147520,观测者效应，只能说仅供参考,1639.328,1707209308,de0d96f7
1510941203993114112,开智,1688.672,1707209427,1175e65c
1510943420246570240,这是真实的,1483.775,1707209691,fb5a2a45
1510944543003220992,开悟,1713.61,1707209825,7414f425
1510961183887348992,因无所住而生其心,1706.063,1707211809,cf105ce1
1511035621878063616,乌龟那个没法验证，因为乌龟不是哺乳类不会养小孩,1485.194,1707220682,e81cc6
1511063764844415488,高维观测者,1482.859,1707224037,3d58d951
1511111395234618368,但是谁也不敢保证动物没有意识啊？,1506.329,1707229715,ff133554
1511209499552427264,全世界觉得世界是天堂，那么世界就会变成天堂？,1481.001,1707241410,be61b0c1
1511216834996027392,双胞胎？,1610.797,1707242285,b789a2e2
1511223146534047744,古希腊掌管某某的神（doge,1550.905,1707243037,ad5cbc3e
1511223961420548352,如数家珍,1623.444,1707243134,ad5cbc3e
1511228030968900864,应该有吧，比如幸存者偏差；你只记住了说曹操就到的情况，或者父母回家的时间是规律的，你的生物钟告诉了你，使你有所防备,1746.417,1707243619,ad5cbc3e
1511477452092956160,亚空间四小贩,1570.169,1707273353,7c4f903
1511495235413645056,共业,1629.976,1707275473,e6bdc74d
1511497316744741120,上帝,1497.298,1707275721,922862d0
1511508691051051264,阿赖耶识,1441.43,1707277077,aef8af5a
1511568011436567296,阿赖耶识,1692.985,1707284148,d2e363e1
1511621789049190912,凉宫春日的忧郁,1540.488,1707290559,c396cf1d
1511623568927411456,灵能者？,1602.063,1707290771,efbe4fb1
1511631995141424640,那么反过来是不是父母到家前会觉得你在看电视,1750.205,1707291776,c0dcfb2c
1511640842572549632,余光再广也广不到背后,1785.868,1707292830,be83c184
1511687451415241984,xia我一跳,1542.529,1707298387,b82e8d5b
1511708301216445696,提到荣格的集体潜意识，那就不得不提到他在中国看到的《太乙金华宗旨》，后来又翻译回来的的《金花的秘密了》,1735.111,1707300872,9d05f18f
1511795647848672768,悟道,1725.188,1707311285,22b0b17c
1511835804467800832,因为个人意识 改变不了 集体意识,1538.777,1707316072,12d7ee3c
1511842276740092928,【黑门】个体高度独立，目标高度一致,1574.604,1707316843,12d7ee3c
1511847891394797056,喧闹的教室里突然所有人都不说话了。。。。,1765.309,1707317513,32e883ab
1511851208367988480,这不就是佛学么,1697.612,1707317908,9a409ed0
1512144308310928896,答案很显然是能,1505.483,1707352848,a7dc3a93
1512507446907027200,未来人KFK说的2048年之后,1636.84,1707396138,f49ebad4
1512542422654299648,“小我，大我，无我”,1702.041,1707400307,9c484b9d
1513849460013352192,目光这个确实神奇，我从小就可以感知到后面有人看我,1790.395,1707556118,f3c434db
1514406144062621440,人生如梦 梦就是我 我就是梦,1687.096,1707622480,552666d8
1514627335700539648,膀光,1780.411,1707648848,c4510bcb
1515381706549783040,gumayusi,1584.18,1707738776,faace91f
1516918028389108480,神圣的卡拉链接这我们,1465.03,1707921920,999e69a0
1517597278641419520,是每个意识单位都储存了集体意识 是一个同系统中可以共享的系统,1572.941,1708002893,63d7d7da
1517666500956532480,阿赖耶识,1570.555,1708011145,a9fcc626
1518446959336199936,超心理學?,1652.517,1708104183,4d77aa7c
1518686839769391872,王阳明的心外无物？,1704.751,1708132779,b80c6dd6
1519156000530225152,本自具足,1738.358,1708188707,b4116d28
1519202762028528640,还有睡觉突然自然醒，下一秒家里人会上厕所，或者谁在外面开始吵，都有提前性,1742.498,1708194281,b4b0d916
1519465296652840704,我被监控了,1455.932,1708225578,bdcd674a
1519800696000798208,erf,1760.395,1708265561,3f86f535
1520216088720532736,人能常清静天地悉皆归,1715.183,1708315079,a950714f
1520302050620088832,阿赖耶？,1443.431,1708325327,3c73699e
1520317563220260352,我和老爸闻出饺子馅咸不咸 都没尝,1758.613,1708327176,4cbb01a9
1520611966702639104,量子层面的怎么检测？,1511.223,1708362272,5b4e526d
1520612472183090176,科学的尽头是神学,1557.242,1708362332,5b4e526d
1520613854860544000,我对信息的传播方式更感兴趣,1661.023,1708362497,5b4e526d
1520614712394699264,干掉意识，请潜意识接管,1729.544,1708362599,5b4e526d
1520616434609354240,潜意识也应该有一个特定的通道,1775.277,1708362804,5b4e526d
1521527782797361408,不然你以为各大教派的教祖们都是怎么拉人头的,1516.589,1708471446,2bc7f25d
1523572044858465792,光音天,1618.639,1708715141,64dba629
1523572161124859904,光音天,1628.666,1708715154,64dba629
1523572275033640192,光音天,1634.063,1708715168,64dba629
1523572371754514432,光音天,1573.019,1708715179,64dba629
1523747023587911168,吾心自足，不假外求,1711.148,1708736000,c0cf273f
1523816576254704128,人能常清静，天地悉皆归,1699.89,1708744291,82bd86f4
1526257160668196096,宇宙这破地方对我们来说太大了，对别人来说太小了，原子不到,1551.06,1709035231,812c45be
1526916016251444480,云空间,1477.227,1709113773,53713d10
1528515952529233920,背后看我我完全能感觉到,1791.179,1709304500,e10a7d61
1529106510876402176,不是的 心无或者空时 你的身体自愈能力因为没有意识干扰 而从混乱变的重新有序,1770.288,1709374900,b2446d3b
1530376323233619712,念力,1529.842,1709526274,5ebf297f
1534718542484718592,果然还是佛学最接近宇宙真相,1723.379,1710043907,62081682
1536894454429364736,格式塔,1458.951,1710303296,82c0412c
1544845675316129792,近朱者赤近墨者黑,1611.934,1711251155,8a1c28a0
1546345570111973120,神识传音,1624.429,1711429956,4c9bc43a
1547691396486664192,生物电,1787.056,1711590391,2f361cc9
1547828874304575488,感谢尊者,1716.918,1711606780,2924f963
1548014426916315392,量子纠缠,1441.439,1711628900,166ca231
1548417538671826432,有没有一种可能 因为是狼孩天天被展览 被折磨死的喃？,1459.171,1711676954,fa755f5a
1548563003577111552,阿根廷：这我们很懂,1732.447,1711694295,c2ebb559
1548730885837164800,亚空间竟遥遥领先,1563.0,1711714308,cc4815cd
1549298721945368064,战锤P都给我出来,1606.423,1711781999,b1be4194
1550142669161201920,所以一堆人许同一个愿望有可能成功？？！,1666.191,1711882606,426ba631
1550770763064439552,荣格是看太乙金华才写出这个东西的~道家核心,1735.942,1711957480,dd2809d
1555063178428207616,结婚十年后，就变成大智之人,1706.235,1712469176,d60f4f19
1558138007037515776,大圣灵,1585.527,1712835724,569fb314
1565316480193916928,阳明心学，不符合物质世界统治,1755.958,1713691465,a097799c
1578482733217387008,也许宇宙就是一台计算机,1495.132,1715261005,6a93eb7d
1579057566506747136,亚空间灵能,1573.999,1715329530,efbe4fb1
1579058387558354176,放个屏蔽灵能的设备就感应不到了,1631.979,1715329628,efbe4fb1
1579254921771946496,佛陀,1546.46,1715353057,36dd6ae7
1579256023708093184,心有灵犀一点通,1608.875,1715353188,36dd6ae7
1592049700339921920,看我用闪电光速拳打破这一切,1571.994,1716878313,f9c33a0
1612321553985591552,《黑科技》,1629.812,1719294906,a219ff4e
1625968406040107520,古希腊掌管意识,1554.605,1720921738,3d151d8e
1649055077350368768,给你个眼神，你理解一下,1636.409,1723673884,5aaf2537
1652352658549466368,灵觉,1641.621,1724066986,a16cb467
1661107407721556480,脑波可以散发，我之前在一次小区跑步的时候，想起了一首歌，但是我只开始发出一个音节，走在前面的人突然开始唱那个歌词了。,1604.769,1725110633,5d2d3a9
1682127693300132352,一直观测不累吗,1483.673,1727616447,46c0c30d
1701599915598113024,什么？个人意识？人从出生就在被环境塑造所谓个人意识大多只是环境结合以及自身思考的结果,1504.402,1729937717,dedb02ff
1701603790564615424,说的有理,1704.659,1729938178,dedb02ff
1783338091067602176,被重力束缚的灵魂,1524.8,1739681666,2c44889a
1783338729121912064,量子纠缠,1596.358,1739681742,2c44889a
1783339428169745152,元气弹,1675.578,1739681826,2c44889a
1786974265653554176,影响别人心理学上可以轻易做到,1504.76,1740115132,5486f4a0
1786975214421919232,心理学上一个人可以轻易做到影响别人，那么扩大一下，理论上可以影响世界，甚至物质不是不可以的！,1526.38,1740115245,5486f4a0
1786976220400488960,一个北海岸的猴子学会了用棍子，南海岸的猴子不久也会了用棍子,1592.42,1740115365,5486f4a0
1916143344204589824,进击的巨人是吧？,1622.518,1755513286,a8280c73
,,0.0,1775655591.4716349,
lb.c,,0.0,1775655591.4716349,
,,0.0,1775655591.4716349,
1510907383742748672,跑得很快，求生意识很强,1859.8,1707205395,b7253f15
1510918903147094528,他修炼了《太乙金华宗旨》,2023.924,1707206769,7de28024
1510991378388436224,借鉴了太乙金华宗旨,1837.888,1707215408,294d453
1511005315775364096,哈哈哈,1963.285,1707217070,927717c4
1511014668888519424,上帝之手,1918.028,1707218185,ca822b25
1511166440768539136,这个棋盘不对,2072.106,1707236277,4653de3d
1511371598396001024,有没有可能是来自DNA,1950.402,1707260734,7fac09c3
1511483614431370496,牛逼,2021.509,1707274087,7a0bddcc
1511485013181729024,如今的奇怪现象就是没有没有了封建迷信，而破除封建迷信的虽然不是科学，但是科学却已经快成为过去的封建迷信了，我们想看到一件事的源头的时候，就会可以加上所谓的科学,2130.976,1707274254,af3bc664
1511504705279391232,金花的秘密,1815.389,1707276602,a98acdbb
1511512530986694912,人活着就是为了结婚生子买楼买车,1866.718,1707277534,aef8af5a
1511559259358233600,是的,2055.246,1707283105,b98c9fb3
1511559430016283904,不是的,2075.589,1707283125,b98c9fb3
1511559759764321792,言的流,2114.893,1707283165,b98c9fb3
1511559948726130432,演的流音的体,2137.413,1707283187,b98c9fb3
1511560084688445696,言的流音的体,2153.621,1707283203,b98c9fb3
1511565634423857408,分不清~,1884.517,1707283865,933259ff
1511602383002993408,《周公解梦》,2037.176,1707288246,6ff793a8
1511624784738764544,某些时候也是知识水平决定的，夏虫不可语冰,2085.835,1707290916,50d5c8b
1511646783602726912,夏虫不可语冰是认知层面上的,2089.501,1707293539,be83c184
1511686028237673472,金花的秘密+1,1819.319,1707298217,a061f1a1
1512226107229853696,我认为，由于身体硬件相差不大，当思想到某一个峰值的时候，有可能会触发身体的某种开关，而引发现象,1877.869,1707362599,4000cde6
1512227452569843712,基因,1912.019,1707362760,4000cde6
1512227704295081216,基因希望存活、和延续的意志,1890.303,1707362790,4000cde6
1512236336088623360,或许曾经真的有魔法，因为人们认为世界上有魔法，现在没有魔法，是因为人们认为世界是科学的,2100.762,1707363819,4000cde6
1512239475148106496,人体，很奇妙吧！,2126.422,1707364193,27b83167
1512239655066593024,可是我在梦里是可以飞翔的,1994.485,1707364214,265b6271
1512362316396920064,好多次做梦都在飞，有时候觉得就算现实都能飞了,2001.879,1707378837,4220556d
1512364029216148480,其实有关联的,2134.299,1707379041,4220556d
1512480029035323904,鬼故事：进度条,1986.306,1707392869,65c077b4
1512511491256164608,就像那个著名的死囚实验，蒙上死囚的眼睛，在胳膊上滴水，但是告诉他是把手腕割破了，最后死囚死了,1998.61,1707396620,f49ebad4
1512758448813970688,……左和右的A和A以及左和右的B和B比较吗——相同,2073.468,1707426059,eb3ee6e6
1512924223243730432,说不同的吧图片保存下来吸取颜色画线就知道了,2080.35,1707445821,699e6f85
1514001847558388224,可我几乎记不得梦里的情形，甚至醒了后忘的很快,2013.071,1707574284,92e7c78e
1514629060230230784,共食性,1922.803,1707649054,c4510bcb
1515208208879558912,太乙金华宗旨,1820.396,1707718094,2562f491
1516831083335831808,曼德拉效应就是意识改变世界的例子,2115.96,1707911555,a0af2f4
1517339590636122880,一个人有个人意识，在群体中个体无意识,1856.843,1707972174,16f2bbca
1517340428742268160,基因表达的侵略和修改……,1922.122,1707972274,16f2bbca
1518340789556555008,这图不是著名的假图吗？,2076.051,1708091526,7bc7e17c
1518977214304181504,我用卫生纸遮住，亮度也是明显不同,2076.376,1708167394,7b4973e9
1519556650824935168,sOx的时候,1849.993,1708236468,bde99489
1519704264153583360,根本就不一样,1987.828,1708254065,c4176682
1519724956970561024,庄生晓梦迷蝴蝶,2000.801,1708256532,71375078
1520496850229345536,"我怎么彷佛听到哀乐的声音,,,",1958.693,1708348549,8d4759ff
1520618504934856704,你牛逼,1956.753,1708363051,5b4e526d
1520621387814055936,意识可以改变世界，方法、强度、时间,2113.674,1708363395,5b4e526d
1521535987929572352,乌合之众也说过这个事儿吧,1846.43,1708472424,2bc7f25d
1521537440450462976,一般来说治疗这种病的话求助巫医的多，以及，很多都是能量附体啥的就很能说明问题，总归是业力，负面能量集中在某几个人身上以之为祭品的话，守村人啥的就出现了,1900.246,1708472597,2bc7f25d
1521538643486181120,宗教里对梦境的解释更加合理而且能找到和现实显化的对应的特别多,1982.965,1708472740,2bc7f25d
1522429998416676096,我看过,2027.856,1708578998,1a2551f2
1522430086144580096,红叔，我是真的没有懂他的逻辑在哪里，因为确实讲了很多他的梦境，特别是二战的时候,2029.696,1708579008,1a2551f2
1522449276075153152,涂尔干的集体欢腾,1849.819,1708581296,2268529f
1522702111547525632,阿努纳奇,1914.388,1708611436,164ded48
1523066636838878720,《世界是一个巨大的人类补完计划》,1884.829,1708654891,ded02f3a
1524532962606070784,通过对比RGB发现，AB两点颜色是有明显差异的,2073.796,1708829691,22aa0f2b
1526036773640537600,人的动物性，也就是深层次潜意识占了肉体主导地位。人类受的教育是未了压制原始伤害性欲望，所以人性本恶？,1906.67,1709008959,5990b651
1526309394483435520,意识在我看来最大的作用是编码，而对我们行为做出决定的是潜意识，所以，我是意识在编码的时候形成的虚幻概念,1804.446,1709041458,f635abf2
1529108745760615680,中医精神病患烦躁的 是有身体热,2036.695,1709375167,b2446d3b
1529109335303665664,黑客的信息病毒会让硬件过载烧掉,2107.015,1709375237,b2446d3b
1530381264878675712,盗梦空间?,2050.537,1709526863,5ebf297f
1530381665493414912,"以前的日心说,地心说",2098.366,1709526911,5ebf297f
1534719463906337280,荣格就是星际宝宝,1822.664,1710044016,62081682
1539231689010641152,我们班级基本上看一眼就知道对方的情绪，而且，有时候我前桌甚至知道我在想什么,1801.193,1710581916,9798cac3
1539233523800655616,那是你要长高了,1999.187,1710582134,9798cac3
1543386100599866880,曼德拉效应,2122.645,1711077160,7b1896f7
1565315906044132608,佛学和道家比，差几个境界,1809.015,1713691397,a097799c
1573349828916924160,他有修炼,2032.259,1714649115,336113a1
1573350443558662912,太极,2102.099,1714649188,336113a1
1578361954559677440,有人尝试过AI解梦没？很有意思,2041.123,1715246607,d607362e
1590228868223436800,意识水平这词说的妙啊,2088.428,1716661253,32e70d68
1600658511925350656,我听懂了他在说什么。他说的没错,2052.81,1717904564,3080c9a7
1602239587080851712,看了东方的书 吕洞宾,1832.756,1718093042,69bea4b0
1624819953872344064,靠，颜色居然真的想通，具体看评论区,2075.46,1720784832,fe252aac
1649059446992731392,意识是不是种能量,2157.324,1723674405,5aaf2537
1657206902897253376,左右图不一样啊,2071.912,1724645657,bb2b695c
1786980775188154112,这点承认，多层意识观测的结果，总结的很好,2103.861,1740115908,5486f4a0
,,0.0,1775655591.4716349,
lb.c,,0.0,1775655591.4716349,
,,0.0,1775655591.4716349,
1510911112671956992,我们过于相信科学，认为他是真理了。这是否是一种固步自封？,2425.662,1707205840,b7253f15
1511043103258296832,免疫系统：啊对对对,2316.231,1707221574,2ab2c67e
1511044392453046528,从青城山下来的老中医让我感受到真实的炁,2355.993,1707221728,b35f19a4
1511116286984442880,不是抵抗力吗？,2322.185,1707230298,ff133554
1511235917728701440,←宗教神学等被认为与科学相对立的学科现在也被认为是人们对于无法用科学解释的现象的自我安慰,2429.827,1707244560,ad5cbc3e
1511272775527040768,好的中医实在太少 遇到是福气,2364.25,1707248953,dfbee101
1511487267166930432,针灸,2457.037,1707274523,7a0bddcc
1511488226815205888,最可怕的就是如今，已经脱离了所谓的封建迷信，可是我们脱离的真的是封建迷信吗，而且如今证明任何事情的时候一定要加一些有关科学的东西，这也是一种对科学的过度迷信吧,2424.626,1707274637,af3bc664
1511490249644360192,西医和中医还真不是有关联，这点我不认同，中医和西医文化上就是相反的，中医和西医不在一个维度上，一个年轻人发现了老者走过的路，你能硬说他们是有关联的吗，西方文化的弊端,2473.872,1707274878,af3bc664
1511491297306146304,在治疗过程之后，人开始认为自己会好起来？,2422.389,1707275003,85a4eac4
1511516174092251392,然而恰恰相反,2214.264,1707277969,aef8af5a
1511531146054523648,是的，上学的时候胃痉挛，当时生物老师，就用力掐我虎口，一点点的缓解了,2472.447,1707279754,2a157ba2
1511540666142896896,针灸：我TM来了,2449.592,1707280888,ac9066d7
1511560550700850688,是普洱的味我这,2209.157,1707283259,b98c9fb3
1511561083603974144,表象是化学的，本质是物理的。其实整体上化学是物理的宏观而已。,2394.803,1707283322,dc8b0e4a
1511562175272190720,是电脑制作的,2402.846,1707283453,b98c9fb3
1511562415010359808,电的载言的流音的体,2431.439,1707283481,b98c9fb3
1511616696140648192,有没有一种可能，人的思维就是高维生物思维在三维世界的投射,2233.578,1707289952,51f3e284
1511629591763218432,《金花的秘密》,2198.031,1707291489,50d5c8b
1511713660849069824,卧槽,2252.769,1707301511,9d05f18f
1511845184265346816,任何的任何，所有的所有，尽头都是易经。,2400.141,1707317190,2cb16c2f
1511848725457576960,每个个体意识都是高维意识的神经突触？,2239.216,1707317612,12d7ee3c
1512021031039366400,每一个字都看得懂，句意也知道但是深度不够就会产生一些别人一看就知道是错误的猜想,2435.828,1707338152,3b533936
1512219504078473472,S于新冠？,2246.511,1707361812,ad11dac3
1512243732911897088,个体影响主体，主体影响个体,2501.573,1707364701,4000cde6
1512397767090551040,中医里没有癌症这个概念并不是说不能这就能解释断肢者为什么还能感觉到到失去肢体的疼痛,2427.562,1707383063,5a4a6244
1512442956387476992,寡人二刷,2469.849,1707388450,85d43060
1512444733740298496,抵抗力，是个比较抽象的概念；你心情不好的时候，抵抗力就会差些……,2329.185,1707388662,ae0ac0c3
1512515443531734272,在圣经里有一些奇妙的描述，用身体必须人，用人必须身体。与这段类似,2500.145,1707397091,74b8ee47
1512549070609536000,针灸,2458.17,1707401100,9c484b9d
1512896328530001152,缓解没有用，不满意，要治愈。因为可能欺骗身体,2509.863,1707442496,1c12d50
1514036594607452672,不太正确，人的思维本身拥有更高维度，只是身体在目前空间最高只能是三维,2237.494,1707578426,4f1113dd
1514062225051420928,心理健康与身体健康确实关联很深,2304.737,1707581482,2e37a580
1515215889161593600,有听过得了癌症然后全世界旅游最后癌症反而痊愈的例子，也许就是脱离了致癌环境加上好的精神状态的结果,2221.041,1707719009,2562f491
1515795323803729664,这个真实体验，真的是这样,2292.632,1707788083,776bda24
1516057247812173568,经脉,2467.808,1707819307,82e8dd71
1516098734025386240,难道不是靠免疫系统吗,2217.268,1707824252,57df44d5
1516612670131155712,其实西医也有很玄的东西，比如免疫力，什么时候叫免疫力好，根本没有具体的概念,2352.269,1707885518,6697a20f
1516991386145065216,高维世界的VR游戏,2242.624,1707930665,48d70840
1517344831318743040,用人参、黄芪,2224.338,1707972799,16f2bbca
1517347802605385216,精神意识=软件信息，身体物质=下载3D打印,2410.515,1707973153,16f2bbca
1517582444402952449,卧槽，这就是天赋异禀,2209.346,1708001125,88fbb66
1518174427320574720,不是西医是现代医学,2493.541,1708071694,3c60f134
1519730201108750592,科学是方法，为何要不相信呢？,2430.059,1708257157,71375078
1520622084756373248,他修炼了,2190.139,1708363478,5b4e526d
1520623330330361344,自己！有个外国医生实验过，靠强烈的心理暗示治好了牛皮癣,2265.456,1708363626,5b4e526d
1520908359560115456,气伤则痛，形伤则肿。气比血先行六寸。,2463.567,1708397605,a0cafc8b
1520963744061128704,前面那个，火子哥直呼内行,2236.008,1708404207,80f2eb12
1520976130982018816,迷迷糊糊的是玄学 不解的神学 懂得科学,2164.245,1708405683,6c47009f
1521541107815769088,这算啥异端啊，打坐在基督教里又不是没有，很少有人修到那么深而已,2197.052,1708473034,2bc7f25d
1521544602920772096,万一西医本来继承的是黄帝外径那乐子就大了，岐伯万一就是那个希波克拉底岂不更可怕，很好奇当年恩基作为蛇族老大到底传了什么功法和理论下来,2474.618,1708473451,2bc7f25d
1523114759841384448,先生大义,2220.415,1708660628,db9cfae7
1523126538688596992,橙汁还是纯水,2313.98,1708662032,caf65355
1523127209450338816,地上对应马斯洛需求前两层，天对应后三层,2330.991,1708662112,caf65355
1525636257588286464,按摩！！！！,2448.508,1708961214,c53b682b
1528241822726842368,信念生物学,2263.622,1709271821,67438bf5
1529109935458407680,因为不到的时候没惊喜 你记不住 只有曹操到了 有惊喜 你记住了,2178.542,1709375309,b2446d3b
1529110732233364480,你意识紧张了 身体一系列物理化学反应 给你留下了太多应力,2273.522,1709375404,b2446d3b
1529112483883823616,但你的意识会干扰这种修复运动 天长日久 应力积累 你修复不了,2482.358,1709375612,b2446d3b
1534725077554193920,疗愈我们的，永远是自己的内在,2271.099,1710044686,62081682
1539356874623708928,睡的好，第二天精神抖擞心情自然就好，所以认为自己健康，重点在开心快乐,2335.221,1710596839,bfc60bba
1548194627050484736,那这个流行性病毒怎么解释呢,2357.649,1711650381,1d7ce053
1548737409313900288,针灸和点穴！,2457.962,1711715086,cc4815cd
1548993516074816768,针灸穴位？,2464.159,1711745616,6a29f185
1550050407584231168,把他理解成状态就行了，科学也是一种状态。,2376.561,1711871607,ccb411bd
1551006195068880640,我曾把气壁离体外，，还发出了影响世界的声音噗噗,2375.778,1711985546,f522bbb6
1555121621273371136,因为电的手疼,2473.939,1712476143,ea11837c
1565496225019493120,西医无法治疗检测不出原因的病症，但中医却能从不同角度解释并治愈,2218.107,1713712892,db9fdcf0
1571601289748546816,分形，局部是整体和自己的可变参数，万花筒,2504.482,1714440673,21037bc0
1573351739003034624,爽,2252.579,1714649343,336113a1
1573352303841283328,三魂七魄,2315.899,1714649410,336113a1
1573352830830809344,穴位,2374.619,1714649473,336113a1
1573353742068092672,任督二脉,2456.859,1714649581,336113a1
1578362787087190528,天魔入侵意识,2212.663,1715246706,d607362e
1579291454101486848,吸引力法则,2176.759,1715357412,ee107ec5
1580492236670840064,针灸,2507.608,1715500556,cfe44174
1582387350733290240,nonono，是玄学,2264.528,1715726471,19d5eff4
1590230282005697024,描述的很准确啊,2206.25,1716661422,32e70d68
1590232687867065344,这类人的意识程度较高,2296.406,1716661708,32e70d68
1590234558584909056,针灸的原理,2452.39,1716661931,32e70d68
1605835904344478464,足疗必须入医保,2518.927,1718521757,9969ad27
1626647873456418816,双系统是吧,2310.978,1721002737,8dd59655
1629547859357964288,在陕西上学时，跑遍各大医院一年都治不好的过敏，被一个小镇的中医14副中药治好了,2341.119,1721348442,29760c94
1650116862052451072,先天体质差,2285.144,1723800458,2562f491
1650261338385420800,阿赖耶识,2391.787,1723817681,a2dbbf2a
1682133631210146048,？？,2169.502,1727617155,46c0c30d
1682136044864119808,……这个所谓“先兆”用中医更好解释,2414.885,1727617442,46c0c30d
1784896564435635712,手术治不了疾病，只是切掉病坏的组织，最终战胜疾病还是靠自身免疫力,2269.278,1739867451,9cb0fde9
1786987271728803072,为什么那么多人总认为一切理所当然呢？你身体有问题，你第一想法是啥？,2446.361,1740116683,5486f4a0
1830415254694682880,这个就像很多人挠痒痒明明挠左手结果连带着身上一个地方也痒痒,2511.665,1745293702,16af4bf5
1862541813677282816,真相：活得百岁以上的人体内不是没有癌症，而是没有去过度处理，或者根本不知道。,2259.253,1749123486,fa202f09
1903035108337248768,嗯嗯，所以说科学一点是优于玄学的，所谓玄学，就是你没办法证明真，所谓科学是你要想办法证伪。恕我无才，看不出孰高孰低。,2433.468,1753950663,bd550466
,,0.0,1775655591.4716349,
lb.c,,0.0,1775655591.4716349,
,,0.0,1775655591.4716349,
1510952832432415488,经络,2577.363,1707210813,da322836
1510991273237134336,此处需要二舅,2787.883,1707215396,e61716b0
1511219917113070592,逐渐忘记标题,2540.273,1707242652,cd48e03d
1511241564939450880,也有观点认为量子坍缩是应为受到了外界的干扰，干扰源和意识没关系，比如一个光子,2647.722,1707245233,ad5cbc3e
1511250899723715072,质的变幻,2604.981,1707246346,99d607ef
1511251694502139648,有时候分不清是意识还是欲望或是意志,2699.741,1707246440,99d607ef
1511252858329573632,锻刀赛，奥德彪,2838.509,1707246579,99d607ef
1511489279375808768,集体潜意识是不是就是宗教里面的神,2696.952,1707274763,7a0bddcc
1511539839638453248,问题是双缝实验并不是意识干涉物质，只是对应的观测行为导致了结果不同，就像人眼观测万物只是万物把光反射进人眼而已,2598.026,1707280790,2b0a5cad
1511543098244037120,内观,2829.376,1707281178,2bd59f90
1511563184681708288,是承合,2523.182,1707283573,b98c9fb3
1511573785415964416,心理作用确实在起作用....现有科学体系认知下，确实离谱了,2616.921,1707284837,933259ff
1511574982160060416,看到这想起了我朋友总说的“有些东西的意思，只有在特定的语言下，才能不变形的完整表达出来，翻译成别的语言，就不是原本的东西了”，虽然他调侃的是网络河蟹,2683.356,1707284979,933259ff
1511633916526979840,进击的巨人-路,2675.093,1707292005,50d5c8b
1511780150743128320,催化剂是参与反应的,2548.702,1707309437,1eda1f81
1511852761502107648,这里可能指：被屠宰分割后的牛肉块的肌肉还能正常颤动,2847.467,1707318093,16cebda2
1512029021372691200,低于标准线的拉上去高于标准线的误导下去结局早已注定,2860.137,1707339105,3b533936
1512214670243791360,炼神返虚、,2769.67,1707361236,749823ac
1512214775856221440,炼虚合道,2782.265,1707361249,749823ac
1512247837205778176,或许养生主本来就是一个词，他有一个单独的意思,2728.225,1707365190,4000cde6
1512265698607546368,都对，文言文言简意赅,2710.272,1707367319,6df0c1d6
1512897040949031168,假说不能验证，就有点伪科学了,2559.982,1707442581,1c12d50
1512988025402061568,“名可名，非恒名”,2630.507,1707453427,bf7bf192
1514006800888858368,经脉,2527.311,1707574875,92e7c78e
1514008915740832768,催化剂很多种类的，有参与后还原型的，也有不参反应与只影响的,2559.507,1707575127,92e7c78e
1514065585376442880,不是推向玄学，而是曾经以为是玄学的现象有了能以科学理解的可能,2635.15,1707581882,2e37a580
1514637225634528256,庖丁·：舍不得刀,2834.589,1707650027,c4510bcb
1514643111123638016,维特斯根坦：语言的边界...,2698.257,1707650729,608c8027
1515917648968501760,玄之又玄众妙之门,2657.089,1707802665,38e0cfa7
1517587125145587968,要是长期催眠自己会怎么样,2725.298,1708001683,88fbb66
1517675852157326336,读金刚经,2672.59,1708012260,a9fcc626
1519780859342057216,感受到过，甚至知道是什么。但是害怕接触。,2665.365,1708263196,58acec7
1520469782808481536,道可道非常道,2629.481,1708345322,d762be28
1520627791895512064,我更赞同三个分开,2718.688,1708364158,5b4e526d
1521023430105978880,哈哈哈，前面的,2563.92,1708411322,b553b98a
1521547084388373504,克苏鲁了起来,2745.87,1708473746,2bc7f25d
1522708604589951232,是哪个意识在观测,2595.771,1708612210,164ded48
1523734953245245696,哈哈前面的，你是真信教科书上说的呀，参与反应本身就存在问题，能量一定会变的，也就是量,2552.856,1708734561,d8b5495b
1524372883437014528,人体有按钮，按下去就能触发某种联动,2562.916,1708810608,3e145f2f
1527738967150391040,性命双修,2796.143,1709211876,70a57111
1529115662369318912,都是要么一念正确的引起于正确的道路上让身体有序 要么就是无思像睡觉一样,2861.229,1709375991,b2446d3b
1530385645233783040,还有物理学,2572.795,1709527385,5ebf297f
1530387079006374400,练气,2743.662,1709527556,5ebf297f
1530388143193323264,"蚯蚓,壁虎断尾求生",2870.574,1709527683,5ebf297f
1532534714815294208,所有宗教的最高层都完整的说明了只是你不懂,2675.576,1709783574,a5469906
1534890321371221248,催化剂就是相信的力量,2561.12,1710064384,62081682
1547839603913129984,汉尼拔：庖丁解人？,2866.091,1711608059,2924f963
1565343465338884096,我悟了！随心所欲！想睡就睡，不行起床就不起床！工作爱谁干谁干，老子不爽，啥也不干,2865.521,1713694682,a097799c
1572567091251712256,养生=主；逍遥=游,2769.161,1714555805,372c8582
1590239059560099584,名可名，非恒名也,2630.965,1716662468,32e70d68
1590239493980714240,人的天赋差异,2665.61,1716662520,32e70d68
1590240603575560448,易经中的物极必反,2765.451,1716662652,32e70d68
1592060581706304768,啊，这个真没想到，有实证吗？,2560.711,1716879610,f9c33a0
1592061687744197376,大家好，我是新生代科玄家,2643.455,1716879742,f9c33a0
1594314014312289536,黄帝内经,2534.97,1717148240,10d4dc90
1616707099876686080,文惠君：解压短视频——庖丁解牛,2805.71,1719817704,67bcbd29
1626675886122125312,又回来了,2591.958,1721006076,5633d2a9
1631438955083855104,突然想起标题,2585.702,1721573878,21c7b3eb
1651791865642563072,有谁知道现在的背景音乐是什么吗？求求告诉我。,2643.134,1724000134,5f181478
1651794047494518272,AI识片酱,2699.113,1724000394,5f181478
1786991413704718848,分不清欲望意识的，修炼就是种方法,2714.281,1740117176,5486f4a0
1831179479373324544,早期解压小视频,2816.9,1745384804,b710be43
1831457109842711808,学音乐的人有体会，学音乐之前都是完整的听歌，学完以后现在都会无意中注意各个声部，很难完整的听了,2843.746,1745417900,dfe4b0fd
1862545145472995072,意识是其中一部分原因吧,2613.311,1749123883,fa202f09
2024269125094457856,我觉得是倒过来读,2729.341,1768402884,69b55d6
,,0.0,1775655591.4716349,
lb.c,,0.0,1775655591.4716349,
,,0.0,1775655591.4716349,
1510957622461777920,天魂,3128.676,1707211384,da322836
1511218571445973248,一个人不行的 量变才能引起质变,3198.341,1707242492,d42c8ad
1511230160643446528,阿卡西记录呗~,3238.541,1707243873,cd48e03d
1511530686627303424,NPC的集体AI啊,3237.649,1707279699,f170be36
1511568884010922240,是梦与愿望,3125.115,1707284252,b98c9fb3
1511570884618528512,是通灵的梦境,3206.23,1707284491,b98c9fb3
1511822907737834496,庄子：原来我时这么想的啊！,3134.221,1707314534,bda1f123
1512251072759342080,突然失去或者将情感带入了,3070.429,1707365576,4000cde6
1512252022500783360,灵光一闪，突然想到,3150.493,1707365689,4000cde6
1512252635288549376,其实是循序渐进，早有征兆，但大多数人无法察觉,3191.345,1707365762,4000cde6
1512253239452826112,那之前的猴子们为什么会开始蘸着海水吃呢,3230.319,1707365834,4000cde6
1512774213281604608,卧槽。混沌理论系统！！！！,3153.81,1707427939,8ed0c3de
1514016509931098624,你猜第一个发现螃蟹能吃的，到底怎么发现的？猴子又不傻,3209.326,1707576032,92e7c78e
1514073298105808384,迷因，或者说信息木马,3180.678,1707582802,2e37a580
1514583535271749888,第一只猴子受到启发后并做出的行动，是对猴子这个集体意识里编入了规则，从而改变了集体,3218.418,1707643627,c665640
1514639174123334656,自性,3026.532,1707650259,c4510bcb
1514640437590583296,更高的维度,3120.485,1707650410,81689b77
1514641035211329792,猴子阿卡西,3230.978,1707650481,c4510bcb
1514698547189152000,这里已经看不懂了。。。,2926.085,1707657337,9ffb6953
1514744780003978496,到这里就已经是我的认知极限了,2941.535,1707662849,9dd3ff7c
1514824981765295104,这BGM,2972.822,1707672409,e2780229
1515242570916536832,之前的是跟科学家学的,3233.369,1707722190,2562f491
1516890290877783552,火之意志,3111.925,1707918613,88702550
1518665084443254784,哎呦，不听了bgm太诡异,3049.544,1708130185,be292ef8
1518807268521512192,相信后人的智慧,3102.257,1708147135,f9adf723
1520316968576921600,应该是王浩，,3176.635,1708327105,3c73699e
1522419705653141504,形神俱秒，与道合真,3022.407,1708577771,be610f50
1523014509801892096,集体潜意识,3111.359,1708648677,1d21615c
1525945910948258816,传火,3093.569,1708998127,d2dd72c0
1526325358331251200,这里的理解就是形是个容器，而神就是被这个容器盛着的,2938.91,1709043361,f635abf2
1527744800521370112,薪火相传,3096.725,1709212572,70a57111
1527758035026471424,神能入石，神能飞形,2920.882,1709214149,62568114
1528889413248482048,传火黑魂,3116.323,1709349020,6f32af52
1530108341492489472,好困啊,3034.209,1709494328,5804464b
1534893210164506624,超体,2897.908,1710064729,62081682
1537580659072350720,想听妖怪篇,3181.802,1710385097,91e0a9c8
1544285120998244864,蝴蝶效应,3176.236,1711184332,384ddeeb
1544357386121272832,不会是共同意识吧,3095.67,1711192946,5783e517
1575480378784163840,信上帝,3134.598,1714903096,a388be22
1579708203527511552,问法官啊,3179.339,1715407092,36b4895d
1579948250130296320,精神,3090.485,1715435708,9b4ce596
1581621475461416704,这种背景音是什么，太喜欢了,3108.623,1715635172,de41b98e
1592064944445303808,你这CPU架构该优化了,2936.602,1716880130,f9c33a0
1592066053209484544,你也许不能创造自己，但至少可以改造自己，能不能创造也不一定,2998.077,1716880263,f9c33a0
1592067141253920768,我在乎的这一个失去了，我还不能难过？,3084.918,1716880392,f9c33a0
1596308833918038528,我还是会扶的,3164.151,1717386041,50e7d22
1606223054693128192,胖猫,3160.501,1718567909,daf8c946
1623418737971474432,昆山龙哥,3189.659,1720617794,db4ca287
1631442855685806336,大圣灵,3123.419,1721574343,21c7b3eb
1786995063336434432,如果潜意识是真的，那么人类身体的共生微观生物的集体潜意识是不是就是人类意识的温床？,3025.581,1740117611,5486f4a0
1806748969587135744,陀，你不是一个合格的科学家，但是，你是一个好心理医生！！！！,3076.512,1742472461,e9102dea
1916164431202230528,进击的巨人。,3222.153,1755515800,a8280c73
,,0.0,1775655591.4716349,
lb.c,,0.0,1775655591.4716349,
,,0.0,1775655591.4716349,
1510971530572945408,病毒也是,3260.161,1707213042,68adfe97
1510983347998903808,所以为什么说公众人物说话和行为是有影响力的。。,3271.184,1707214451,5344860d
1511047425832659456,虚空终端,3240.373,1707222090,8327211f
1511152281444385536,这个进度条够带劲,3267.0,1707234589,c82172ab
1511578410852420352,吃过,3323.709,1707285388,b98c9fb3
1511680385774603008,呜呜呜呜呜,3381.092,1707297544,350b71bd
1511864251613163520,好赞！！！已三连！！,3375.957,1707319463,a151a368
1511912731333112064,尼古拉特斯拉,3242.059,1707325242,e77b4efc
1512209128251316224,国之大事，唯戎唯祭,3343.927,1707360575,3d3ac38c
1512361484406102784,我说：看过这个视频的人都很快财富自由,3374.202,1707378738,c811e88f
1512905877231943168,如果可以，我请求我父亲的病症可以通过中医治好，不需要手术化疗,3385.38,1707443634,96c0ea62
1514017550168926720,这个叫榜样~,3263.867,1707576156,92e7c78e
1514052802664623104,巨人里也是这麽说的,3250.246,1707580358,8b405922
1514074494271267840,榜样,3250.657,1707582944,2e37a580
1514426217699705088,"随众生心,应所知量,循业发现",3338.047,1707624873,552666d8
1514467136347857152,传播学,3252.723,1707629751,fdae21aa
1514585089571321600,本质如up所讲，表观来看，是个体与其他体的互相影响,3257.288,1707643812,c665640
1514586357778151424,意识能向上编辑规则，从而让其他个体受到影响。,3375.288,1707643963,c665640
1515244400329096192,终于回到标题,3352.533,1707722408,2562f491
1515245365908168192,会，我赞美一个人，对方就会开心,3371.569,1707722523,2562f491
1515327875191339520,每个生物，即使不是生物也都有自己的编码程序，找到合适的接口，输入各种形式的命令就会产生各种光怪陆离的结果。。。,3381.143,1707732359,1ffbc1b5
1515820269367795712,言出法随,3371.896,1707791057,776bda24
1516768920881824512,我很有钱我会很有钱,3387.47,1707904145,70fd3c54
1516954469592933632,但是呢，很可惜，天地不仁以万物为刍狗，物质宇宙也不会因人的想法而转动,3336.001,1707926264,8384b083
1517633712840660224,真的已经三连了，你已经言出法随了,3390.09,1708007236,1733fcea
1518174832104131072,闭口禅开口定乾坤,3371.615,1708071743,8efd754e
1522714113464572160,阿卡西记录,3252.427,1708612867,164ded48
1522755371783948800,相信相信的力量,3370.14,1708617786,e361d6e7
1523774884663086848,不是八级大狂风吗？,3328.519,1708739321,66fc55c1
1525948176568456704,其实我也觉得我能影响天气,3349.825,1708998398,d2dd72c0
1526329365493732096,拉马努金,3246.818,1709043839,f635abf2
1527761067525454080,君子之德风，小人之德草,3264.903,1709214511,62568114
1528252348273969408,←前面发这个弹幕的，回旋镖在等着你,3334.468,1709273076,67438bf5
1528302863489519616,董仲舒的天人感应。。。,3335.263,1709279098,eb692ff6
1529666599341484032,岛上没有番薯，科学家带的,3240.346,1709441668,3c7337bc
1529668256988820992,首先得找到输入代码的入口,3366.077,1709441866,3c7337bc
1531277046981185792,原神，拯救世界,3377.201,1709633648,7039cd78
1532749734215975936,能影响天气？那不是萧敬腾吗？,3335.762,1709809206,a48a250c
1548578720279697920,关键小人物,3375.09,1711696169,c2ebb559
1561767342860648960,上传到云平台了，全人类的意识都在训练同一个AI模型,3240.735,1713268375,43544b2e
1579709736914476800,人定胜天,3362.094,1715407275,36b4895d
1592069102250627584,反正预知梦我确实做过,3243.288,1716880626,f9c33a0
1592069806364986880,罪己诏？,3318.523,1716880710,f9c33a0
1592070266757056768,所以萧雨神是怎么影响天气的？,3344.159,1716880765,f9c33a0
1606399670735766016,同样适用于所有宗教、政治,3277.292,1718588963,726a651a
1608730598024060416,终于绕回来了，哈哈づ♡ど,3350.983,1718866831,92bbae6d
1837860283956193536,刚开始说什么来着？咒语,3369.517,1746181218,eb39c167
1862551286277790976,媒体,3273.964,1749124615,fa202f09
1916166274984708352,等等，这不是董仲舒的天人感应吗？,3313.709,1755516020,a8280c73
1916166598281445376,这不是天人感应吗？,3285.004,1755516058,a8280c73
,,0.0,1775655591.4716349,
lb.c,,0.0,1775655591.4716349,
,,0.0,1775655591.4716349,
1510893569358271232,第一第一,1.699,1707203748,cde4d87e
1510899902287393024,因为翻译的过程信息会有误差,326.337,1707204503,18041a7d
1510909908177375488,大吹法螺，大敲法鼓,139.426,1707205696,6701cdaf
1510910844496804096,咒语：钵钵鸡 钵啊钵钵鸡 一元一串的钵钵鸡,264.042,1707205808,a2d527c6
1510919025335687680,角度新奇，有想法，尚,30.832,1707206783,68222e04
1510930940716041728,占座,18.899,1707208203,520a78cf
1510950755354440448,临兵斗者皆烈阵在前,56.422,1707210566,7ab67633
1510958798544962048,传播的都是怎么分红，知识垄断和解释权垄断是宗教发展的重要手段,322.894,1707211524,68222e04
1511034478041378304,如果宗教失去神秘性，被彻底解构，那会彻底沦为娱乐产品，甚至被遗忘,316.877,1707220546,9f3bfdff
1511181262969388544,好家伙，这时长老夫相当满意,4.106,1707238044,cd48e03d
1511182539002482176,阿达瓦卡达哇,80.78,1707238196,c5b1b916
1511222906066129664,更新了,2.219,1707243008,2d45ce45
1511226942186302720,八利三藏,254.169,1707243490,925a8e
1511242451145711872,是临兵斗者皆阵组前行,60.751,1707245338,56542bc
1511243862948012288,呃稍微做个思想实验就知道了吧，两人用同一个咒语博弈，宇宙会让谁的生效？,48.369,1707245507,61765872
1511247346108166144,保持神秘性,324.439,1707245922,9ba24f69
1511269600958901504,起源于远古的傩戏吧，只是语言到后面音调之类的变了,229.695,1707248575,9a4d5722
1511286993429352448,傩戏？,195.086,1707250648,40e8b606
1511371366191285504,一本老书，魔界英雄传,56.191,1707260706,d7472b31
1511371955406711296,宗教、民俗需要权威啊，和普通人分开,332.559,1707260777,a03619e9
1511443430792994816,读作频率,50.419,1707269297,f170be36
1511449130046897920,ai是语音是ai服务人。所以按这个逻辑理解 咒语就是人服务神，而不是神服务人。,39.02,1707269976,c9088b35
1511456406702981888,欢乐豆效应,18.499,1707270844,9a409ed0
1511458951899097600,唵蓝净法界，乾元亨利贞,57.505,1707271147,935d4258
1511460489002457856,嘛哩嘛哩哄,115.187,1707271331,f79d57f0
1511461124523224064,巴啦啦小魔仙沙拉沙罗全身变~,122.181,1707271406,f79d57f0
1511464619930060288,大威天龙，般若妈妈哄！,123.144,1707271823,2694a6a3
1511484128527372544,盂兰神功,201.216,1707274149,b5a2bfa6
1511493372387584768,酆都,186.259,1707275251,aef8af5a
1511501312163094528,六字大明咒,65.699,1707276197,3c847720
1511518557304159744,但是指定语言可以掌握解释权，你传播了但是不听我的，那有什么用,321.567,1707278253,5eea56d8
1511520194298916352,惠州人冒头,133.131,1707278448,f388d0d7
1511530496667056128,奇术师,38.359,1707279676,9f798b2
1511539736383475456,背景音乐很好听,238.293,1707280778,e98af137
1511542792294497792,电的载，言的流音的体！！！~,92.155,1707281142,b98c9fb3
1511568683934632192,太平歌词,176.762,1707284228,dccf1241
1511634527880466688,嗯，用山东话来读论语对吧？！,303.511,1707292078,d9096a03
1511682304282562304,细思极恐,65.85,1707297773,e7a6fc0
1511691840704061440,这根本不是悖论，宗教信仰可以共享，但宗教解释权不能，用这些与众生不同的语言是刻意为之,314.645,1707298910,10fe7ea0
1511767484339176448,你要弄清楚什么是咒 在从你的语来研究,107.255,1707307927,c04d39b0
1511770286520144384,但咒语往往需要支付代价,42.49,1707308261,3e66d107
1511813234556941056,普罗米修斯！！！,263.753,1707313381,a151a368
1511845043487872768,我们称为：指令【狗头】,102.28,1707317173,8872ac8b
1511858711323561472,一切都会好起来的,9.076,1707318802,f57b51b5
1511865453088102912,其实就是呼出控制台输入权限内的命令而已,68.929,1707319606,de100637
1511902250002346752,日落西山呐～～～～～ 日落西山黑了天,180.056,1707323993,fe023968
1511930684984525312,殄文,153.507,1707327382,4024beb
1511982163430892032,涟漪到一定程度要么忽视要么被摧毁,76.168,1707333519,3b533936
1512199663267418368,异世界舅舅？,279.895,1707359447,668f1692
1512239974622197504,说不定咒语就是神鬼的语言,29.139,1707364253,cfd7ca0d
1512317236235702272,老法师啦。,154.589,1707373463,ac63fe8e
1512342985545859840,往生咒的话历史不会超过两千年,99.669,1707376532,ec1e650d
1512350557044727040,就连网庙上吹的不靠神仙的道教也是不受箓不拜师无法入道,325.259,1707377435,ec1e650d
1512385944664624896,真语音系统？,300.179,1707381653,85182cf1
1512396870666703616,是的，在河南搭台唱戏，只要开始了，哪怕没人看了，也要唱结束，因为还有鬼神要看,200.4,1707382956,e490b69f
1512401437198811648,前排提醒，这视频不是讲神秘学和民俗，也不是讲符号学人类学的，纯纯的地摊文未解之谜系列,0.0,1707383500,ec1e650d
1512411536671438080,配的视频太烂，为什么不用倩女幽魂里的夺命梵音？？！,65.249,1707384704,df179fd2
1512412001694205696,古代佛经没有文字，都是口口相传。分组背诵互为备份，防止荒腔走板。,130.443,1707384760,218bc651
1512413195863024640,戏曲规矩：一旦开唱就必须唱完，就算没有人听，也会有鬼神在听。,187.237,1707384902,218bc651
1512470663531772416,商博良也不能翻译吗？,254.691,1707391753,2192b47c
1512575622239711744,汽车人变形出发!,34.061,1707404265,1c876ed5
1512675556465262080,爷爷，你关注的up主更新了,0.053,1707416178,e6b1cced
1512800259246878720,雅语？,188.839,1707431044,22a12544
1512835991520727552,加油加油加油,49.519,1707435303,e2e36116
1512878834314398720,急急如律令,116.139,1707440411,ac66a05
1513407398424177664,咒语是古代文明在集体潜意识上构造的系统操作语言 辅助你用神识力共振现实,50.326,1707503420,bb2b695c
1513519125832521216,我知道了，来念，大威天龙,271.527,1707516739,8471b486
1513825907696042240,世界的本质就是震动,35.041,1707553310,97783db7
1513854484185655040,吃葡萄不吐葡萄皮,140.116,1707556717,d2d434c9
1513867228041500928,咒语很管用的，楞严咒大悲咒超管用，,79.791,1707558236,92141b11
1513869470635296768,楞严咒很厉害,124.271,1707558504,92141b11
1513869954716362240,太极腔,181.873,1707558561,92141b11
1513870167694691072,符合太极转动的腔调,207.251,1707558587,92141b11
1513875250914631936,哈嘛噼,256.295,1707559193,697c73c5
1514040566067789056,失传的语言,231.848,1707578900,2e37a580
1514042597747022336,传播的不是教义，而是以神秘把控对神言宗教的释义权，进而掌控教徒思想,318.305,1707579142,2e37a580
1514082080827877632,有句话叫做末法时代，咒语可能就是可以震动那些魔法元素的发音。越大的法术就是需要越多的魔法元素加入,159.257,1707583849,1d9e85c9
1514199858108791040,背景这个场景和美女好美好精致,97.689,1707597889,543b1b52
1514355957059465728,言灵,83.299,1707616497,b1181568
1514357118193747456,包饺砸！,221.677,1707616636,b1181568
1515017413597801984,玛卡巴卡,5.733,1707695349,65bbde51
1515075022790625536,港片能作为参考？？？,193.326,1707702217,19d790a7
1515323257966851840,龙族,33.379,1707731809,2a0baa1e
1515352156562250752,天猫精灵。开空调,86.414,1707735254,651def2b
1515858433734178048,不是讲究天人感应吗？我认为因该注重感应。,283.302,1707795606,38b7cd34
1515967506836537344,代码也是咒文←_←,144.937,1707808609,a1427164
1516076378326696448,纳米机器人就是魔法元素,168.409,1707821587,78fb5fc8
1516259650881020928,我认为一定不会是种真正的语言，或者说一定没有规律,11.119,1707843435,c9cb581b
1516599242444146176,这些咒语可能是调整自己能量的一种技巧，但是前提是对自身能量有认知，现在已失传了,121.64,1707883918,be0efab2
1517403587184422144,我知道，同伴加压耗时3防夜袭，是神秘交谈,276.082,1707979803,e63ec77b
1517533032255605248,恐怖的时长,9.17,1707995234,d8d03db0
1518137113181289216,陀螺么,9.807,1708067246,7fb60ea5
1518947474113374464,不算什么新想法，我小学时就在很多科普科幻书籍中见过了,34.415,1708163849,8d99378e
1518975570909053440,这些是谜因或者说是模因,88.047,1708167198,8d99378e
1518988018554381824,索绪尔《普通语言学教程》,207.331,1708168682,8d99378e
1518990509333373696,有没有可能神不需要语言,334.629,1708168979,8d99378e
1519019224050573312,手机便是魔杖,65.464,1708172402,eb2d8318
1519077329471963392,斯人已逝,155.313,1708179329,5ae573e0
1519119575835716352,终于有人说这个了！,14.259,1708184365,852f32d4
1519176036183758848,咒语 密码？,158.411,1708191095,f8fa38dc
1519415599787310080,摩西摩西,333.508,1708219654,a5fd0f2a
1519616248227790080,外星语吗,248.364,1708243573,c67dfee9
1519674270610095104,6++++++,227.168,1708250490,3ed244f1
1519776711493963008,梵文,128.253,1708262702,cac1ea43
1520599627219771648,"Hey, Siri就是一句咒语",52.979,1708360801,62dea387
1520960370053912832,把这个换成语音识别就对味了 哈哈,285.435,1708403805,6c47009f
1521046991315212032,一人之下--巫妖  神格面具,189.927,1708414131,484718e1
1521313780892562432,计算机语言和程序验证,344.643,1708445935,73ad9a4c
1521828578877088256,什么亚空间,274.869,1708507303,3f564a18
1522141123278263296,讲好一个故事,84.475,1708544561,749148d6
1522245180462621696,有没可能是为了所谓神秘感，你不懂就觉得神奇而已，有可能经文只是说你吃了没之类的话,349.408,1708556966,c4f0a743
1522338742013231104,言出法随！,72.482,1708568119,d4df00e7
1522739676061328128,言出法随,96.474,1708615914,9242b9d5
1523493689731924992,南无阿弥陀佛,132.559,1708705800,ed3aa3fa
1523727651624210944,说不定就是外星人教了一半,313.746,1708733690,9accefd7
1524238675792495360,古语或者外语加上误读？,120.786,1708794609,eb9bb181
1524350810652467456,纳米机械可以实现的,73.747,1708807977,3e145f2f
1524871559263616000,这其实和人类的傲慢有关,322.405,1708870055,334b68cd
1524951088132848640,宇宙系统的cmd指令,36.891,1708879535,4506ee92
1525478414050475264,大家不要误会这里，只是为了解释咒语，是一种娱乐的方向。研究的并不是宗教的政治性,325.499,1708942397,b958d312
1525514254814519040,唱诗人,282.422,1708946670,b6955852
1525986563543289088,失落的史前科技？！,42.619,1709002974,ea787008
1525990164084938496,有没有一种可能翻译后会失真？知其意，却不能知其境,315.411,1709003403,ea787008
1526707221625564160,已经关闭了，神远古的时候为了调试留的GM接口而已,51.784,1709088883,ac9c7a53
1527043400309016064,真名,289.935,1709128958,f2719655
1527406274621540096,遇事不决，外星语言,254.434,1709172216,b5f326f3
1527518713752931072,阿瓦达啃大瓜！！！！,75.721,1709185620,acc807f1
1529578567409916928,惊！晴雅集？！,29.392,1709431174,43bd4e89
1529581902888364032,一种保持自我文化的方式而已,313.873,1709431571,662e91a1
1530203757764441344,神秘主义,333.339,1709505702,961f4073
1531427263931784704,菠萝菠萝蜜~~~,139.178,1709651556,d798ad0c
1531911304212702464,？？巴利三藏是原始佛教语言，记录不应该是原始佛经么？怎么会翻译不出来,245.83,1709709258,1b499427
1532035581700394752,梵文,233.951,1709724073,180c64e8
1533269809557922048,我们所有的念想都是咒语,70.357,1709871204,62081682
1542529958940243200,是的，有的看似是梗，其实有些力量在的,90.778,1710975100,32e70d68
1543111050709208832,桐人：system call,56.917,1711044372,1fa48e31
1544947092043549440,想起句话，科学的尽头是玄学,207.987,1711263245,3e3a2c80
1547095614930966784,其他语种的经文怎么呢,303.683,1711519369,e6a80cdd
1547958184134834176,这里还有个悖论，当一个种族发展了一个宗教。那么肯定是这个种族的宝贝,330.11,1711622195,e32b7191
1548159716230860800,这不是维护正统核心地位的需要吗？,316.706,1711646219,41484aff
1548278444176366080,怎么证明或者证伪,44.389,1711660373,aa9228fe
1548340582077118976,表音文字,253.179,1711667780,26c06ef
1548341319083226368,为了最终解释权,332.879,1711667868,26c06ef
1548698437929915648,拉莱耶语,233.375,1711710440,cc4815cd
1549523100742364416,伊卜拉沙~,235.001,1711808747,145aa409
1555920021157790720,我也会：“小爱同学，帮我开灯”,47.483,1712571320,a7828a4c
1578907644843075328,就是高维能量语，链接你和你的原神,77.328,1715311658,89a93e3c
1579045791392150016,是高哥特语和低哥特语的意思吗？,256.159,1715328126,efbe4fb1
1579600572553052928,一陀翔,19.0,1715394262,c2ffcf2b
1593186662605772544,想让咒语变成真，你必须从相反视角观测咒语的实施～,6.368,1717013850,d9f65bf6
1595352854670238464,古神语,279.125,1717272080,548c6421
1613232999364002560,以前人少,319.025,1719403559,e64c5464
1625946687002524416,宇宙的代码,40.819,1720919149,3d151d8e
1639155093452823296,小孩子灵性高,163.464,1722493714,3b877167
1657286574037113856,科仪 密咒,211.368,1724655155,257a1ebb
1671812029079470592,宇宙编程语言,348.506,1726386724,67547af9
1685437688540383232,还有宇宙语,256.42,1728011029,f2f5aee3
1693835141027384576,巫在古代是指可以沟通天地的人,173.132,1729012083,76537ad9
1710183110169744896,没错，只要戏台子搭起来，没人也要唱，因为有鬼神也再看,183.934,1730960913,9820c3cc
,,0.0,1775655591.4716349,
lb.c,,0.0,1775655591.4716349,
,,0.0,1775655591.4716349,
1510900560373553408,撞到真空容器壁之后能量引起了容器壁的形变和内能增加，也就是做了功,659.79,1707204582,b9f37c81
1510900651868260864,现象难道不是人规定出来的吗？,458.885,1707204593,b7253f15
1511025437420547840,这里bgm有人知道吗,518.722,1707219468,9039f3b4
1511030251256490240,这个有解释,449.298,1707220042,1555eca4
1511042247267934720,达摩是真实的历史人物啊，有记载的,360.85,1707221472,3d58d951
1511091314459339776,光音天,449.444,1707227322,4404adee
1511091935325041920,光音天,447.529,1707227396,4404adee
1511092919216725760,阿凡达团建,389.076,1707227513,165e8d50
1511105664078934784,真空中应该是没有物质媒介来共振,579.255,1707229032,ff133554
1511151090589253376,那么问题来了，神无所不能，为啥不啥语言都懂,402.783,1707234447,4653de3d
1511177058464783872,这个逻辑有问题，就算耶稣真的复活了，那后世的人都没见过又凭什么相信，那没见过的后人可以相信，没见过的前人就也可以相信,385.196,1707237543,a002bc65
1511180170973705728,阵法？,686.459,1707237914,6d8b995d
1511196360635076352,吊在板上的原因,581.869,1707239844,8e8a9411
1511282684226246912,相信神存在≠神真的存在。,394.928,1707250135,be6a4a57
1511337549380404736,相信相信的力量,406.35,1707256675,d23c6e91
1511344816028825856,这个应该是心理学。,421.01,1707257541,86ff93e9
1511444496154427392,啊，竟然有文献？,539.327,1707269424,57b0d9a5
1511492257423854848,是催眠学，不是心理学，在很多时候是超心理学的概念,516.282,1707275118,2a863fc8
1511508387635012608,现象不是人规定的，是人发现归纳总结的，无法复现没找到规律的就是神秘,468.904,1707277041,3e818a27
1511522047493633792,"祝由术算不算,听说确实有一定效果",428.512,1707278669,f0e5ceae
1511531083693425920,共振就是功放,624.337,1707279746,3291c759
1511536718556469248,可以理解为神灵C语言,509.384,1707280418,25a3a2fb
1511545975553024768,遇事不决，量子力学,497.303,1707281521,18d3d9b6
1511604753430393344,好像臭名昭著的水知道答案也提过类似的理论吧,656.368,1707288528,c0dcfb2c
1511628251397654528,耶稣也是真实的历史人物啊,364.559,1707291329,be83c184
1511695680824204032,曼陀罗,630.593,1707299368,2b4097c
1511698937155826944,声音不是消耗了能量才出现的？,477.243,1707299756,e274e0d6
1511868531464402176,灵能科技会引发亚空间天灾,434.039,1707319973,de100637
1511906428947239424,这种事是完全有可能的 但是距离神学 十亿八千万光年,522.151,1707324491,fe023968
1511907011250652928,真空不空 朋友,583.404,1707324560,fe023968
1511986773247507200,别迷信了，就算法翻译成同样的语言也是近似意和本意肯定有区别的，声音也分很多种，人与人听到也会有差别，这方面确实大家都不懂就看谁在那装，相信科学，拒绝迷信,411.888,1707334069,3b533936
1511992122906106624,只要别傲慢就很难迷信,487.448,1707334706,3b533936
1512399397458329600,逸散成熵了,482.04,1707383257,e490b69f
1512416070420826624,全国无论南北，都有一种去除喉咙鱼刺的祝由术。无法用现代理论解释，但真管用。,424.813,1707385245,218bc651
1512417522790590464,压点效应会产生电磁波，另一块同规格压电材料能够接收同频电磁辐射。,532.909,1707385418,218bc651
1512553623576776704,这太扯了,499.588,1707401642,3ff15c6
1512961307039537152,听音识曲,557.452,1707450242,3b054801
1513120392393488640,曼陀罗 荷鲁斯,627.43,1707469206,cb704783
1513607207155996928,祝由术,431.192,1707527239,4c09d4ff
1513712709210978816,千里传音,544.654,1707539816,51e24fc0
1514046186527756800,金花,637.486,1707579570,2e37a580
1514414867174400768,扯什么？的布罗伊物质波也是这个差不多的情景,506.264,1707623520,2610031c
1514810229593054464,有时候挺好使的,424.53,1707670651,7abc00a5
1515079558796536832,是语言就能承载,442.446,1707702757,19d790a7
1515889347617151232,言出法随,688.232,1707799292,38e0cfa7
1516074366621033728,有体验，比如快睡着半梦半醒间有时就会听到别人的说话声,510.885,1707821348,87b7cc89
1516142762431414528,巫医:我用的巫药是地塞米松,371.827,1707829501,7885fa40
1517231888501551872,能量在引起介质震动时就损耗了,667.08,1707959335,b02b4760
1519097112141709824,脉轮,632.163,1708181687,b79fb829
1519149031283219968,六字大明咒的“唵”字声波成像出来的就是一个坛城的模样,702.861,1708187876,b4116d28
1520413688194932736,只看结果，不看过程,434.976,1708338635,18f90f29
1521193655723901440,打电话不也是这样吗,543.23,1708431614,1afc700e
1521515294374641152,很多佛世界是以音声形式存在的就是这个意思，佛说法的音声响彻三千大千世界乃至无量无边世界却互不干扰，个人推测原理也是如此甚至更高端,646.222,1708469957,2bc7f25d
1521869830855307520,九龙化骨水,428.984,1708512221,5e5b832e
1522614177301480704,我都不知道我是從哪裡開始聽不懂的,680.949,1708600954,e5b3855e
1523056658296037376,虚拟世界么？,434.293,1708653702,11aee060
1523111823023342080,这也是因为有电场啊,525.467,1708660278,caf65355
1523399379279849984,真空量子涨落产生虚粒子，这些虚粒子可以震动传递声音,509.3,1708694557,e0aa4922
1523733545385058304,就像音乐会影响人的情绪或行为,589.669,1708734393,c0cf273f
1523896536491566336,神说要有钱，于是真的有了钱,407.087,1708753823,a623f050
1523921070451773184,直接操作底层代码的意思？,460.701,1708756748,bc3c5dc4
1524083323922976512,听不懂，但是爱听,547.719,1708776090,3238262a
1524151221777249792,我想到了催眠！,451.94,1708784184,31a50c5b
1524872064241377536,找个海妖，她们有语言插件,395.524,1708870115,4df1c005
1525795062360167424,如果是相同结构的设备，很有可能只是因为固有频率相同,579.875,1708980145,38db071e
1525895530184793856,魔术？,376.219,1708992122,2846fd25
1526905709101803520,源代码,625.148,1709112544,53713d10
1527805746459515904,可以用同一条鱼用火烧软 放水中喝下去就可以了 没试过 可以试试,428.36,1709219837,c3660b3b
1528746137987852032,抵抗重力我笑死,447.8,1709331941,b18ca3c3
1529391240104563712,真空没有空气啊，能量没法传递呗。,474.731,1709408843,acab398a
1529393029109376512,图案与物质形成未必有关联，结,685.81,1709409056,acab398a
1530561309647992576,原神，启动,440.699,1709548326,7039cd78
1530563428618802176,原神，拯救世界,685.059,1709548578,7039cd78
1535763481922828288,你好。地球人,502.126,1710168473,369f2308
1538300396295406080,当你相信神存在的时候，你无法分辨神不存在,400.555,1710470897,380fb161
1543391465777099264,太阳：那我走？,403.631,1711077800,e185455b
1543744512340334080,雷达？,682.265,1711119886,3ab4cc58
1545168316992144640,别着急反驳～人家都有资料的，又不是信口胡说。先看看中不？,522.289,1711289617,2a2f81cb
1547835726564081664,大型演唱会,392.023,1711607597,ef69e866
1548724242135296000,这不是共振，这是系统的耦合运动，不要望文生义,587.954,1711713516,5e86f2be
1550077398274505728,披着科幻外衣的外星非洲,415.033,1711874825,594a703a
1551541533415911424,画符？,697.612,1712049363,f686d65e
1551666175614980608,电子设备的声音和人体的一样吗,654.95,1712064222,af883166
1559681438692134144,频率,462.398,1713019716,1d73ca06
1565534952362303744,分形几何,688.766,1713717509,5db64ff1
1578153244038174464,非局域耦合机械振子的同步及奇异态,589.095,1715221727,4350c6ed
1582038471336594176,史前超级治愈机器人，通过语音交流借用,417.043,1715684882,97213204
1587104621032583424,突然串戏到了浮世叁千问233,549.603,1716288814,482d75e4
1589353646557061120,看到这个我立马想到了麦田圈的图案,681.825,1716556919,5931d69a
1605616503556794112,==没人说达摩是神吧？佛教从来说佛是开悟的人而已,401.019,1718495602,926fe657
1616096372220716544,那就是每个读音都与某种波共振，或组织成固定的波形组合，这样的波形组合就产生某种能量，达到一定强度就能影响能量场,475.339,1719744900,13b5d3c3
1616896630853157376,转化成内能了啊,473.553,1719840298,22286d56
1622573075915028992,逗猫棒,585.05,1720516983,72808daf
1623704623200179200,真空不真，即使太空，也是相对真空，不是绝对,499.219,1720651874,4c99fc82
1639981537342845184,总裁那里看过这段,603.241,1722592233,95e48e44
1655747505583124480,麦田怪圈,690.774,1724471683,b7d61015
1657054149197909760,所以皇帝学天人的音乐就是为了拯救当年的人,705.618,1724627447,bb2b695c
1684301329097158656,节拍器,580.965,1727875564,fea2e132
1707933810337497600,神“说”：要有“光”,450.231,1730692776,c87e78db
1786962726779324416,首先发出声音的东西你必须得给它一个定位，或是锚点，一切从它出发才有对错，或许这就是人类限制？,712.141,1740113757,5486f4a0
,,0.0,1775655591.4716349,
lb.c,,0.0,1775655591.4716349,
,,0.0,1775655591.4716349,
1510908556394966784,芭芭拉：治疗就交给我吧,914.772,1707205535,66b8a922
1510931899072224768,就算时空不连续，我们感受到的也是连续的。,1022.773,1707208318,de0d96f7
1510932180552081408,比如：眨眼补帧。视频一顿一顿的，可是在我们看来，就是连续的。,1024.733,1707208351,de0d96f7
1510932571318612736,卡顿，对于连续来说，通过对比，才有卡顿。,1026.053,1707208398,de0d96f7
1510939667150138880,细说深入,977.537,1707209244,6840d8d4
1511037968390157824,图穷匕见,773.855,1707220962,f2194801
1511107728758915584,这是波纹攻击,919.726,1707229278,ff133554
1511108334592237824,开始看不懂了,1019.318,1707229350,ff133554
1511115165905922560,我喜欢,775.271,1707230165,21836113
1511154999126838016,那如果光可以被力吸引或者退离呢。。。,810.518,1707234913,4653de3d
1511215457519212800,这个招数电影里的神婆经常用,949.238,1707242121,833e8924
1511244701272300544,法术：言出法随,847.578,1707245607,ddd5415e
1511440245227354368,时间是否存在都是个问题，讨论这个,865.197,1707268917,cb122b68
1511450399830701568,魔术大师,951.539,1707270128,c35938f7
1511467769114449152,万事不决，量子力学,1006.523,1707272198,5d76bd6e
1511492002686982912,其实是魔术而已,992.258,1707275087,1253f646
1511543661714979840,如果魔术能救一个濒死的人就好了,1003.873,1707281246,f0e5ceae
1511544817807974400,我还以为我屏幕上有蚂蚁！！！,960.27,1707281383,275bd317
1511551857225513984,？,956.623,1707282223,18d3d9b6
1511686273318952960,遇事不决 量子力学,999.821,1707298246,afd6932a
1511694476094334976,图穷匕见+1,789.081,1707299224,e7d94bb0
1511739552522725888,这不会是芭芭拉的原型吧,919.964,1707304598,68b8b69b
1511765376005291776,所以关键是理解共振的本质吗，共振为什么存在,720.256,1707307676,d3926e93
1511837427696720384,我的老师跟我们讲过很多这种，老老师懂的很多，都给我们讲，现在可能没老师知道了,969.57,1707316265,928db7c7
1511839115250015744,不是魔术，我那个老老师说，超自然跟化学物理学有关，不是假的，只是我们现在不懂,996.13,1707316466,928db7c7
1511872289778621440,"光不会被引力吸引,而是沿着空间最短的路径传播而已.所以黑洞是扰动空间而非拉扯光子",823.721,1707320421,de100637
1511937045143108608,因为观测了,1052.265,1707328140,54505dd5
1512001545351270912,众所周知宏观效应会有一个概率趋势这不就连起来了？不想卡bug也不是不可以,1026.596,1707335830,3b533936
1512232402234451712,有没有可能芭芭拉学过医学，打着巫医的旗号在实施专业手术？,996.828,1707363350,668f1692
1512476769406749184,噗，再见,981.123,1707392481,2192b47c
1512608267246103808,就象我们看动画片那样，动画片也不是连续的，只是我们觉得是连续的。,1031.334,1707408156,aaba05d6
1514049108397391616,这类魔术手法被揭秘过,954.314,1707579918,2e37a580
1514763847821686528,科学的尽头是神学,1067.514,1707665122,ec0293b2
1515115708605221120,不，相对论证明时空是变量,782.777,1707707067,9ba94f75
1515382011794174720,路西法,799.388,1707738813,8b55cc44
1516202209334213888,遇事不决量子力学,989.899,1707836588,8e9d9c30
1516399092161618688,有没有一种可能，一切只是场物质流动产生的变化,857.976,1707860058,e4ab6b8a
1516472943654308608,直到魔法揭秘开始播放,997.288,1707868862,dc228f33
1516934833941766144,主要就是，声音的能量太少了，除非是有放大器，或者类似引动雪崩一样的引子,846.614,1707923923,8384b083
1516941263289824512,说其他我还不一定熟，这个芭芭拉帕奇塔不久前我还看过揭秘,875.114,1707924690,8384b083
1519459610443232512,芭芭拉 冲鸭,875.621,1708224900,bdcd674a
1519521141822387200,法器？,863.309,1708232235,85109700
1519734356447349760,我记得有书说 唵 代表世间万物,745.784,1708257652,6e104b80
1520925161463963648,造神嘛，哪都一样,977.215,1708399607,39380461
1521520242915206656,黄帝外经到底什么内容啊,953.712,1708470547,2bc7f25d
1522305516666245888,芭芭拉冲呀！,901.502,1708564159,cfd4b043
1522600013229157888,你这个芭芭拉回复效果有点强,901.821,1708599265,afb33c7e
1523116779063697664,这就是芭芭拉原型吗,894.658,1708660869,caf65355
1523117225723492096,研究出来可是能“水”一篇论文的啊，怎么会有学者不感兴趣呢,921.75,1708660922,caf65355
1523826720631923968,所有的一切都是能量的互相干涉,868.615,1708745500,3c7337bc
1524834345603342592,遇事不决，量子力学,990.708,1708865619,2ecd090a
1525447203026720512,来困了..............,1051.074,1708938677,733e5dc3
1526071318246951680,那倒立行走是不是会活的久一点,839.812,1709013077,aec86728
1526213258074652160,就喜欢这句！,722.968,1709029998,a48a250c
1526215241627702272,芭芭拉冲鸭,932.186,1709030234,3fc86396
1528921959411564288,时空之王，命运道标,858.034,1709352900,f7ab0be
1529095836045338112,那是你念唵这类时 你的肌肉呼吸机都在随着你念这个字时有规律运动 按摩内脏,787.375,1709373628,b2446d3b
1529096324883104000,将无序混乱 通过振动变的重新有序，规律,845.558,1709373686,b2446d3b
1530200422705674496,我更倾向于时间是一把尺子 本来不存在只是为了让人类理解而造出来的工具 ,1065.539,1709505305,a5220fbb
1534711957620495616,因为思维是线性的,1034.803,1710043122,62081682
1543746423835697152,这么离谱？,910.195,1711120114,3ab4cc58
1546005639908824320,算了吧,907.089,1711389433,990cb761
1549518129745755904,苗医没病拿水,995.939,1711808155,ceb9f1ab
1551541810399105024,咒语就是用声音画符,730.627,1712049396,f686d65e
1551542719128959232,衰变，老化,838.951,1712049505,f686d65e
1562180038324307456,科学没有尽头。,1077.795,1713317572,59236c22
1577511418495228928,咒令：我，秦始皇，打钱！！！,886.446,1715145215,d59fe5b0
1578778053835180544,芭芭拉：演唱，开始！,890.933,1715296210,b897fdc1
1594020501347522304,黑客帝国,944.659,1717113251,10d4dc90
1615813523726791168,我每次睡不着就看他视频，一听就困，比安眠药管用,1041.055,1719711182,29578a32
1622577590823022080,幻影移形,1038.551,1720517521,72808daf
1639987416305571072,回调芭芭拉！,906.754,1722592934,95e48e44
1655797195032993536,湖北某个道教县的某个局长，就是被这种方式治疗的癌症，还拍了视频,957.966,1724477607,f85c634d
1682123295757073152,遇事不决，量子力学,986.771,1727615923,46c0c30d
1682123743473752832,缩地术！,1036.086,1727615976,46c0c30d
1693841864656055296,憨豆先生也干过类似的事,948.417,1729012885,76537ad9
1727377496854866432,读书时巴不得有这能力省下通勤,1036.921,1733010644,9d6fe986
1801466163009000448,高手啊,966.308,1741842701,705a891
1812420769691477504,怪不得蒙德城有个芭芭拉,992.077,1743148592,94749c01
1825597102567617536, 那光的散射呢？,816.808,1744719333,1a6d2728
1825599134908975616,电影中环节在他眼前上演，不敢想象他当时得震惊到什么程度,957.706,1744719575,1a6d2728
,,0.0,1775655591.4716349,
lb.c,,0.0,1775655591.4716349,
,,0.0,1775655591.4716349,
1510937110897690880,如果说是量子隧穿的话，概率极低，忽略不计。不如直接把射向他人的子弹，无伤遂穿到脑后。,1232.142,1707208939,de0d96f7
1510938654141682944,这难度，比空间传送还难,1249.191,1707209123,de0d96f7
1510941287778876160,言出法随？,1238.539,1707209437,520a78cf
1510960014297565440,有道理,1356.308,1707211669,73dbef55
1510973142066364672,我小时候经常混淆绿色和蓝色,1337.774,1707213234,2eb64d21
1511086203624329984,有合理解释了,1302.605,1707226712,903d032f
1511164230840225536,集体潜意识,1433.111,1707236014,4b967118
1511215250052352256,狼孩的故事如果是真的，那么鸿蒙讲座的故事岂不是真的？传道是真的,1431.28,1707242096,b789a2e2
1511218110945282304,所以自旋到底是什么意思,1100.438,1707242437,ad5cbc3e
1511255395841472512,思想烙印.  ,1347.877,1707246882,b694ac7c
1511404765434047488,这不是道家学说，这是道教学说,1156.319,1707264688,925a8e
1511431593041043200,阿赖耶识,1436.598,1707267886,cdf28e6f
1511460786487543808,本来就没有时间，,1087.225,1707271366,af3bc664
1511478139933912064,有道理,1368.836,1707273435,7a0bddcc
1511516709016718080,阿赖耶,1437.162,1707278033,3e818a27
1511533126998994176,观测物质世界必会对物质世界造成扰动，也就是互动，所以在微观世界，所有观测均是与物质互动后的结果,1368.97,1707279990,2b0a5cad
1511534374871452416,陀一定是博士后，逻辑，章节环环相扣,1206.486,1707280138,62081682
1511536152619183104,这就是地球ol的规矩呀,1351.549,1707280350,baaac14b
1511592607808412416,我们的世界是虚拟的,1141.448,1707287080,6e468b55
1511730073613624064,意识冰山，水面上的冰山看似独立，下面却连成一片？,1434.891,1707303468,ed61d4d3
1511912129274695168,其实可以吃 你喜欢的话（用过的容易产生细菌 吃进去会生病）,1339.593,1707325170,d67e1d47
1512134764138867200,这点认同，在学校考试的时候，明明我自己不紧张，题感觉也不难，但就是脑子空白，不会思考，感觉自己的意识被别人影响了,1430.906,1707351710,95936744
1512240897428290560,五蕴,1348.701,1707364363,f7efa00d
1512262604377145344,假设空间本就在你只是在这空间里放了个烟花，接着烟花充斥整个空间并不断蔓延,1169.81,1707366950,6031d481
1512505554680108288,有些所谓的证明只是为了让事情变的合理,1411.255,1707395912,f49ebad4
1513928600649548288,懂了，太上老君是量子（bushi,1170.598,1707565552,1a1281fd
1514382712004454144,神学不为用，科技为用,1247.087,1707619687,26b4c7d7
1514692285949028608,这个突然出现，也许是奇点以外的更高维世界对它产生了什么影响,1165.973,1707656591,2562f491
1514708046239426560,因为人本身就在系统中,1295.196,1707658470,2562f491
1514710233921327104,绿色也可以叫green,1337.739,1707658730,2562f491
1514711110069364736,确实,1434.603,1707658835,2562f491
1516133256528101376,石头人是吧,1438.144,1707828368,eef05dc0
1519363206387544576,时间和空间是连续的吗,1312.594,1708213408,89704736
1519643780385783040,地球不就在自旋吗,1103.687,1708246855,9c248688
1521295412676657408,？？？,1192.427,1708443745,1892977d
1521523478031927808,所以各大正教都重视语言的作用，圣经里丈夫可以否掉妻子的发愿，佛教和道教都说言语能召来福祸就是这意思,1231.27,1708470932,2bc7f25d
1522116546367880448,这可以假设并不是不教，而是教不了，或者不知道怎么把这种共振甚至说同频的展示给我们，甚至这个可以理解为天赋说的夸张点也就是超能力般是独有的，可以传承但不一定遇到差不多能遇到一个对师傅会咒语一样有天赋的,1267.781,1708541632,f4485a9e
1522694772203129600,所以世界就是像素组成的，根本不连续,1123.286,1708610561,164ded48
1522697891523916800,集体潜意识,1437.666,1708610933,164ded48
1525303812967995136,混元行意,1136.666,1708921583,48beeaa6
1526282993864606208,矩阵,1348.66,1709038311,1596239a
1526913926909220608,真言咒,1234.346,1709113524,53713d10
1529101675288482560,一段振动同样是有序的 会改变无序 同样消除混乱的应力,1321.582,1709374324,b2446d3b
1529103192561254400,认知定义牢笼,1374.684,1709374505,b2446d3b
1535828119645251840,净土宗,1225.742,1710176179,a125d774
1539225571467521536,真空中各方向的力是相同的，但是空间被扭曲之后就会出现“引力”,1127.443,1710581186,9798cac3
1544269461069150720,薛定谔的猫,1332.189,1711182465,384ddeeb
1548355340456971520,为什么打死狼,1382.359,1711669540,26c06ef
1549858698313306624,一语成谶,1237.96,1711848754,6bfe7442
1550314692902376192,像不像一个游戏的世界，从仅有一个世界到加载各种内容的样子？,1156.541,1711903113,7991c86e
1554004188055479296,少数的听到一半，发现已经一句话都听不懂了的视频，世界真神奇,1123.397,1712342935,9cd415f0
1558134519037870080,AI开机了,1178.136,1712835309,569fb314
1579252691224311808,五蕴,1355.02,1715352791,36dd6ae7
1579800639058708992,假装自己能听懂。这是咒语的一部分。,1109.409,1715418111,1d5a13e1
1592047346571685888,普通人的意识、记忆太靠不住了,1339.163,1716878033,f9c33a0
1616905396319193856,《白发魔女传》,1392.275,1719841343,22286d56
1628290035444993792,其实是不确定原理,1291.341,1721198498,e9ae1482
1641605769663529728,言灵,1230.33,1722785857,885fe8e9
1650106204409803520,信则有，不信则无，是不是也是共振，相信才可以和对方同一频率才能感受到，不相信频率不对就什么都不会发生，所以同一个方法，有的人灵，有的人不灵,1249.341,1723799188,2562f491
1661697840449405952,开控制台了,1234.173,1725181019,766e2ccb
1688364293735441664,假的？这是有记录的，还被写入了教育心理学的,1406.421,1728359907,2852ec86
1801377511042126592,时间是人道的概念,1104.052,1741832133,bd550466
1801378425123447040,人类对游戏的开发与创造，像不像天道对人类社会的创造,1212.996,1741832242,bd550466
1806733657709799424,张祥前的《统一场理论》能解释这些现像吗？,1287.425,1742470635,e9102dea
1827140962385317888,你看名字也知道，原始既是原初开始,1133.215,1744903376,1e8ae9f6
1902998389101029120,来自于经验和集体定义,1348.111,1753946285,2f11bf61
,,0.0,1775655591.4716349,
lb.c,,0.0,1775655591.4716349,
,,0.0,1775655591.4716349,
1510906544102140160,这是否能证明一定程度上证明灵魂的存在？,1624.165,1707205295,b7253f15
1510910449561168640,这部分应该是荣格的集体潜意识理论,1440.31,1707205761,1492c5f6
1510914819380157184,是不是给乌龟养大我们也能长命百岁了,1482.1,1707206282,66b8a922
1510920275179427072,比如心里说谁，谁就会打喷嚏,1749.222,1707206932,f57edb10
1510935521063628032,少了云端的算力支持,1472.716,1707208750,fc3b5a83
1510938085855267072,我用在感应外卖员是否到门口了，突然身体本能去开门,1748.476,1707209055,fc3b5a83
1510939849174349568,最新研究，意识，滞后于行为。行为是明星，意识是行为的经纪人。先做，后记录，再修改，更新下一次的行为模式，然后无限循环,1611.618,1707209265,de0d96f7
1510940204163147520,观测者效应，只能说仅供参考,1639.328,1707209308,de0d96f7
1510941203993114112,开智,1688.672,1707209427,1175e65c
1510943420246570240,这是真实的,1483.775,1707209691,fb5a2a45
1510944543003220992,开悟,1713.61,1707209825,7414f425
1510961183887348992,因无所住而生其心,1706.063,1707211809,cf105ce1
1511035621878063616,乌龟那个没法验证，因为乌龟不是哺乳类不会养小孩,1485.194,1707220682,e81cc6
1511063764844415488,高维观测者,1482.859,1707224037,3d58d951
1511111395234618368,但是谁也不敢保证动物没有意识啊？,1506.329,1707229715,ff133554
1511209499552427264,全世界觉得世界是天堂，那么世界就会变成天堂？,1481.001,1707241410,be61b0c1
1511216834996027392,双胞胎？,1610.797,1707242285,b789a2e2
1511223146534047744,古希腊掌管某某的神（doge,1550.905,1707243037,ad5cbc3e
1511223961420548352,如数家珍,1623.444,1707243134,ad5cbc3e
1511228030968900864,应该有吧，比如幸存者偏差；你只记住了说曹操就到的情况，或者父母回家的时间是规律的，你的生物钟告诉了你，使你有所防备,1746.417,1707243619,ad5cbc3e
1511477452092956160,亚空间四小贩,1570.169,1707273353,7c4f903
1511495235413645056,共业,1629.976,1707275473,e6bdc74d
1511497316744741120,上帝,1497.298,1707275721,922862d0
1511508691051051264,阿赖耶识,1441.43,1707277077,aef8af5a
1511568011436567296,阿赖耶识,1692.985,1707284148,d2e363e1
1511621789049190912,凉宫春日的忧郁,1540.488,1707290559,c396cf1d
1511623568927411456,灵能者？,1602.063,1707290771,efbe4fb1
1511631995141424640,那么反过来是不是父母到家前会觉得你在看电视,1750.205,1707291776,c0dcfb2c
1511640842572549632,余光再广也广不到背后,1785.868,1707292830,be83c184
1511687451415241984,xia我一跳,1542.529,1707298387,b82e8d5b
1511708301216445696,提到荣格的集体潜意识，那就不得不提到他在中国看到的《太乙金华宗旨》，后来又翻译回来的的《金花的秘密了》,1735.111,1707300872,9d05f18f
1511795647848672768,悟道,1725.188,1707311285,22b0b17c
1511835804467800832,因为个人意识 改变不了 集体意识,1538.777,1707316072,12d7ee3c
1511842276740092928,【黑门】个体高度独立，目标高度一致,1574.604,1707316843,12d7ee3c
1511847891394797056,喧闹的教室里突然所有人都不说话了。。。。,1765.309,1707317513,32e883ab
1511851208367988480,这不就是佛学么,1697.612,1707317908,9a409ed0
1512144308310928896,答案很显然是能,1505.483,1707352848,a7dc3a93
1512507446907027200,未来人KFK说的2048年之后,1636.84,1707396138,f49ebad4
1512542422654299648,“小我，大我，无我”,1702.041,1707400307,9c484b9d
1513849460013352192,目光这个确实神奇，我从小就可以感知到后面有人看我,1790.395,1707556118,f3c434db
1514406144062621440,人生如梦 梦就是我 我就是梦,1687.096,1707622480,552666d8
1514627335700539648,膀光,1780.411,1707648848,c4510bcb
1515381706549783040,gumayusi,1584.18,1707738776,faace91f
1516918028389108480,神圣的卡拉链接这我们,1465.03,1707921920,999e69a0
1517597278641419520,是每个意识单位都储存了集体意识 是一个同系统中可以共享的系统,1572.941,1708002893,63d7d7da
1517666500956532480,阿赖耶识,1570.555,1708011145,a9fcc626
1518446959336199936,超心理學?,1652.517,1708104183,4d77aa7c
1518686839769391872,王阳明的心外无物？,1704.751,1708132779,b80c6dd6
1519156000530225152,本自具足,1738.358,1708188707,b4116d28
1519202762028528640,还有睡觉突然自然醒，下一秒家里人会上厕所，或者谁在外面开始吵，都有提前性,1742.498,1708194281,b4b0d916
1519465296652840704,我被监控了,1455.932,1708225578,bdcd674a
1519800696000798208,erf,1760.395,1708265561,3f86f535
1520216088720532736,人能常清静天地悉皆归,1715.183,1708315079,a950714f
1520302050620088832,阿赖耶？,1443.431,1708325327,3c73699e
1520317563220260352,我和老爸闻出饺子馅咸不咸 都没尝,1758.613,1708327176,4cbb01a9
1520611966702639104,量子层面的怎么检测？,1511.223,1708362272,5b4e526d
1520612472183090176,科学的尽头是神学,1557.242,1708362332,5b4e526d
1520613854860544000,我对信息的传播方式更感兴趣,1661.023,1708362497,5b4e526d
1520614712394699264,干掉意识，请潜意识接管,1729.544,1708362599,5b4e526d
1520616434609354240,潜意识也应该有一个特定的通道,1775.277,1708362804,5b4e526d
1521527782797361408,不然你以为各大教派的教祖们都是怎么拉人头的,1516.589,1708471446,2bc7f25d
1523572044858465792,光音天,1618.639,1708715141,64dba629
1523572161124859904,光音天,1628.666,1708715154,64dba629
1523572275033640192,光音天,1634.063,1708715168,64dba629
1523572371754514432,光音天,1573.019,1708715179,64dba629
1523747023587911168,吾心自足，不假外求,1711.148,1708736000,c0cf273f
1523816576254704128,人能常清静，天地悉皆归,1699.89,1708744291,82bd86f4
1526257160668196096,宇宙这破地方对我们来说太大了，对别人来说太小了，原子不到,1551.06,1709035231,812c45be
1526916016251444480,云空间,1477.227,1709113773,53713d10
1528515952529233920,背后看我我完全能感觉到,1791.179,1709304500,e10a7d61
1529106510876402176,不是的 心无或者空时 你的身体自愈能力因为没有意识干扰 而从混乱变的重新有序,1770.288,1709374900,b2446d3b
1530376323233619712,念力,1529.842,1709526274,5ebf297f
1534718542484718592,果然还是佛学最接近宇宙真相,1723.379,1710043907,62081682
1536894454429364736,格式塔,1458.951,1710303296,82c0412c
1544845675316129792,近朱者赤近墨者黑,1611.934,1711251155,8a1c28a0
1546345570111973120,神识传音,1624.429,1711429956,4c9bc43a
1547691396486664192,生物电,1787.056,1711590391,2f361cc9
1547828874304575488,感谢尊者,1716.918,1711606780,2924f963
1548014426916315392,量子纠缠,1441.439,1711628900,166ca231
1548417538671826432,有没有一种可能 因为是狼孩天天被展览 被折磨死的喃？,1459.171,1711676954,fa755f5a
1548563003577111552,阿根廷：这我们很懂,1732.447,1711694295,c2ebb559
1548730885837164800,亚空间竟遥遥领先,1563.0,1711714308,cc4815cd
1549298721945368064,战锤P都给我出来,1606.423,1711781999,b1be4194
1550142669161201920,所以一堆人许同一个愿望有可能成功？？！,1666.191,1711882606,426ba631
1550770763064439552,荣格是看太乙金华才写出这个东西的~道家核心,1735.942,1711957480,dd2809d
1555063178428207616,结婚十年后，就变成大智之人,1706.235,1712469176,d60f4f19
1558138007037515776,大圣灵,1585.527,1712835724,569fb314
1565316480193916928,阳明心学，不符合物质世界统治,1755.958,1713691465,a097799c
1578482733217387008,也许宇宙就是一台计算机,1495.132,1715261005,6a93eb7d
1579057566506747136,亚空间灵能,1573.999,1715329530,efbe4fb1
1579058387558354176,放个屏蔽灵能的设备就感应不到了,1631.979,1715329628,efbe4fb1
1579254921771946496,佛陀,1546.46,1715353057,36dd6ae7
1579256023708093184,心有灵犀一点通,1608.875,1715353188,36dd6ae7
1592049700339921920,看我用闪电光速拳打破这一切,1571.994,1716878313,f9c33a0
1612321553985591552,《黑科技》,1629.812,1719294906,a219ff4e
1625968406040107520,古希腊掌管意识,1554.605,1720921738,3d151d8e
1649055077350368768,给你个眼神，你理解一下,1636.409,1723673884,5aaf2537
1652352658549466368,灵觉,1641.621,1724066986,a16cb467
1661107407721556480,脑波可以散发，我之前在一次小区跑步的时候，想起了一首歌，但是我只开始发出一个音节，走在前面的人突然开始唱那个歌词了。,1604.769,1725110633,5d2d3a9
1682127693300132352,一直观测不累吗,1483.673,1727616447,46c0c30d
1701599915598113024,什么？个人意识？人从出生就在被环境塑造所谓个人意识大多只是环境结合以及自身思考的结果,1504.402,1729937717,dedb02ff
1701603790564615424,说的有理,1704.659,1729938178,dedb02ff
1783338091067602176,被重力束缚的灵魂,1524.8,1739681666,2c44889a
1783338729121912064,量子纠缠,1596.358,1739681742,2c44889a
1783339428169745152,元气弹,1675.578,1739681826,2c44889a
1786974265653554176,影响别人心理学上可以轻易做到,1504.76,1740115132,5486f4a0
1786975214421919232,心理学上一个人可以轻易做到影响别人，那么扩大一下，理论上可以影响世界，甚至物质不是不可以的！,1526.38,1740115245,5486f4a0
1786976220400488960,一个北海岸的猴子学会了用棍子，南海岸的猴子不久也会了用棍子,1592.42,1740115365,5486f4a0
1916143344204589824,进击的巨人是吧？,1622.518,1755513286,a8280c73
,,0.0,1775655591.4716349,
lb.c,,0.0,1775655591.4716349,
,,0.0,1775655591.4716349,
1510907383742748672,跑得很快，求生意识很强,1859.8,1707205395,b7253f15
1510918903147094528,他修炼了《太乙金华宗旨》,2023.924,1707206769,7de28024
1510991378388436224,借鉴了太乙金华宗旨,1837.888,1707215408,294d453
1511005315775364096,哈哈哈,1963.285,1707217070,927717c4
1511014668888519424,上帝之手,1918.028,1707218185,ca822b25
1511166440768539136,这个棋盘不对,2072.106,1707236277,4653de3d
1511371598396001024,有没有可能是来自DNA,1950.402,1707260734,7fac09c3
1511483614431370496,牛逼,2021.509,1707274087,7a0bddcc
1511485013181729024,如今的奇怪现象就是没有没有了封建迷信，而破除封建迷信的虽然不是科学，但是科学却已经快成为过去的封建迷信了，我们想看到一件事的源头的时候，就会可以加上所谓的科学,2130.976,1707274254,af3bc664
1511504705279391232,金花的秘密,1815.389,1707276602,a98acdbb
1511512530986694912,人活着就是为了结婚生子买楼买车,1866.718,1707277534,aef8af5a
1511559259358233600,是的,2055.246,1707283105,b98c9fb3
1511559430016283904,不是的,2075.589,1707283125,b98c9fb3
1511559759764321792,言的流,2114.893,1707283165,b98c9fb3
1511559948726130432,演的流音的体,2137.413,1707283187,b98c9fb3
1511560084688445696,言的流音的体,2153.621,1707283203,b98c9fb3
1511565634423857408,分不清~,1884.517,1707283865,933259ff
1511602383002993408,《周公解梦》,2037.176,1707288246,6ff793a8
1511624784738764544,某些时候也是知识水平决定的，夏虫不可语冰,2085.835,1707290916,50d5c8b
1511646783602726912,夏虫不可语冰是认知层面上的,2089.501,1707293539,be83c184
1511686028237673472,金花的秘密+1,1819.319,1707298217,a061f1a1
1512226107229853696,我认为，由于身体硬件相差不大，当思想到某一个峰值的时候，有可能会触发身体的某种开关，而引发现象,1877.869,1707362599,4000cde6
1512227452569843712,基因,1912.019,1707362760,4000cde6
1512227704295081216,基因希望存活、和延续的意志,1890.303,1707362790,4000cde6
1512236336088623360,或许曾经真的有魔法，因为人们认为世界上有魔法，现在没有魔法，是因为人们认为世界是科学的,2100.762,1707363819,4000cde6
1512239475148106496,人体，很奇妙吧！,2126.422,1707364193,27b83167
1512239655066593024,可是我在梦里是可以飞翔的,1994.485,1707364214,265b6271
1512362316396920064,好多次做梦都在飞，有时候觉得就算现实都能飞了,2001.879,1707378837,4220556d
1512364029216148480,其实有关联的,2134.299,1707379041,4220556d
1512480029035323904,鬼故事：进度条,1986.306,1707392869,65c077b4
1512511491256164608,就像那个著名的死囚实验，蒙上死囚的眼睛，在胳膊上滴水，但是告诉他是把手腕割破了，最后死囚死了,1998.61,1707396620,f49ebad4
1512758448813970688,……左和右的A和A以及左和右的B和B比较吗——相同,2073.468,1707426059,eb3ee6e6
1512924223243730432,说不同的吧图片保存下来吸取颜色画线就知道了,2080.35,1707445821,699e6f85
1514001847558388224,可我几乎记不得梦里的情形，甚至醒了后忘的很快,2013.071,1707574284,92e7c78e
1514629060230230784,共食性,1922.803,1707649054,c4510bcb
1515208208879558912,太乙金华宗旨,1820.396,1707718094,2562f491
1516831083335831808,曼德拉效应就是意识改变世界的例子,2115.96,1707911555,a0af2f4
1517339590636122880,一个人有个人意识，在群体中个体无意识,1856.843,1707972174,16f2bbca
1517340428742268160,基因表达的侵略和修改……,1922.122,1707972274,16f2bbca
1518340789556555008,这图不是著名的假图吗？,2076.051,1708091526,7bc7e17c
1518977214304181504,我用卫生纸遮住，亮度也是明显不同,2076.376,1708167394,7b4973e9
1519556650824935168,sOx的时候,1849.993,1708236468,bde99489
1519704264153583360,根本就不一样,1987.828,1708254065,c4176682
1519724956970561024,庄生晓梦迷蝴蝶,2000.801,1708256532,71375078
1520496850229345536,"我怎么彷佛听到哀乐的声音,,,",1958.693,1708348549,8d4759ff
1520618504934856704,你牛逼,1956.753,1708363051,5b4e526d
1520621387814055936,意识可以改变世界，方法、强度、时间,2113.674,1708363395,5b4e526d
1521535987929572352,乌合之众也说过这个事儿吧,1846.43,1708472424,2bc7f25d
1521537440450462976,一般来说治疗这种病的话求助巫医的多，以及，很多都是能量附体啥的就很能说明问题，总归是业力，负面能量集中在某几个人身上以之为祭品的话，守村人啥的就出现了,1900.246,1708472597,2bc7f25d
1521538643486181120,宗教里对梦境的解释更加合理而且能找到和现实显化的对应的特别多,1982.965,1708472740,2bc7f25d
1522429998416676096,我看过,2027.856,1708578998,1a2551f2
1522430086144580096,红叔，我是真的没有懂他的逻辑在哪里，因为确实讲了很多他的梦境，特别是二战的时候,2029.696,1708579008,1a2551f2
1522449276075153152,涂尔干的集体欢腾,1849.819,1708581296,2268529f
1522702111547525632,阿努纳奇,1914.388,1708611436,164ded48
1523066636838878720,《世界是一个巨大的人类补完计划》,1884.829,1708654891,ded02f3a
1524532962606070784,通过对比RGB发现，AB两点颜色是有明显差异的,2073.796,1708829691,22aa0f2b
1526036773640537600,人的动物性，也就是深层次潜意识占了肉体主导地位。人类受的教育是未了压制原始伤害性欲望，所以人性本恶？,1906.67,1709008959,5990b651
1526309394483435520,意识在我看来最大的作用是编码，而对我们行为做出决定的是潜意识，所以，我是意识在编码的时候形成的虚幻概念,1804.446,1709041458,f635abf2
1529108745760615680,中医精神病患烦躁的 是有身体热,2036.695,1709375167,b2446d3b
1529109335303665664,黑客的信息病毒会让硬件过载烧掉,2107.015,1709375237,b2446d3b
1530381264878675712,盗梦空间?,2050.537,1709526863,5ebf297f
1530381665493414912,"以前的日心说,地心说",2098.366,1709526911,5ebf297f
1534719463906337280,荣格就是星际宝宝,1822.664,1710044016,62081682
1539231689010641152,我们班级基本上看一眼就知道对方的情绪，而且，有时候我前桌甚至知道我在想什么,1801.193,1710581916,9798cac3
1539233523800655616,那是你要长高了,1999.187,1710582134,9798cac3
1543386100599866880,曼德拉效应,2122.645,1711077160,7b1896f7
1565315906044132608,佛学和道家比，差几个境界,1809.015,1713691397,a097799c
1573349828916924160,他有修炼,2032.259,1714649115,336113a1
1573350443558662912,太极,2102.099,1714649188,336113a1
1578361954559677440,有人尝试过AI解梦没？很有意思,2041.123,1715246607,d607362e
1590228868223436800,意识水平这词说的妙啊,2088.428,1716661253,32e70d68
1600658511925350656,我听懂了他在说什么。他说的没错,2052.81,1717904564,3080c9a7
1602239587080851712,看了东方的书 吕洞宾,1832.756,1718093042,69bea4b0
1624819953872344064,靠，颜色居然真的想通，具体看评论区,2075.46,1720784832,fe252aac
1649059446992731392,意识是不是种能量,2157.324,1723674405,5aaf2537
1657206902897253376,左右图不一样啊,2071.912,1724645657,bb2b695c
1786980775188154112,这点承认，多层意识观测的结果，总结的很好,2103.861,1740115908,5486f4a0
,,0.0,1775655591.4716349,
lb.c,,0.0,1775655591.4716349,
,,0.0,1775655591.4716349,
1510911112671956992,我们过于相信科学，认为他是真理了。这是否是一种固步自封？,2425.662,1707205840,b7253f15
1511043103258296832,免疫系统：啊对对对,2316.231,1707221574,2ab2c67e
1511044392453046528,从青城山下来的老中医让我感受到真实的炁,2355.993,1707221728,b35f19a4
1511116286984442880,不是抵抗力吗？,2322.185,1707230298,ff133554
1511235917728701440,←宗教神学等被认为与科学相对立的学科现在也被认为是人们对于无法用科学解释的现象的自我安慰,2429.827,1707244560,ad5cbc3e
1511272775527040768,好的中医实在太少 遇到是福气,2364.25,1707248953,dfbee101
1511487267166930432,针灸,2457.037,1707274523,7a0bddcc
1511488226815205888,最可怕的就是如今，已经脱离了所谓的封建迷信，可是我们脱离的真的是封建迷信吗，而且如今证明任何事情的时候一定要加一些有关科学的东西，这也是一种对科学的过度迷信吧,2424.626,1707274637,af3bc664
1511490249644360192,西医和中医还真不是有关联，这点我不认同，中医和西医文化上就是相反的，中医和西医不在一个维度上，一个年轻人发现了老者走过的路，你能硬说他们是有关联的吗，西方文化的弊端,2473.872,1707274878,af3bc664
1511491297306146304,在治疗过程之后，人开始认为自己会好起来？,2422.389,1707275003,85a4eac4
1511516174092251392,然而恰恰相反,2214.264,1707277969,aef8af5a
1511531146054523648,是的，上学的时候胃痉挛，当时生物老师，就用力掐我虎口，一点点的缓解了,2472.447,1707279754,2a157ba2
1511540666142896896,针灸：我TM来了,2449.592,1707280888,ac9066d7
1511560550700850688,是普洱的味我这,2209.157,1707283259,b98c9fb3
1511561083603974144,表象是化学的，本质是物理的。其实整体上化学是物理的宏观而已。,2394.803,1707283322,dc8b0e4a
1511562175272190720,是电脑制作的,2402.846,1707283453,b98c9fb3
1511562415010359808,电的载言的流音的体,2431.439,1707283481,b98c9fb3
1511616696140648192,有没有一种可能，人的思维就是高维生物思维在三维世界的投射,2233.578,1707289952,51f3e284
1511629591763218432,《金花的秘密》,2198.031,1707291489,50d5c8b
1511713660849069824,卧槽,2252.769,1707301511,9d05f18f
1511845184265346816,任何的任何，所有的所有，尽头都是易经。,2400.141,1707317190,2cb16c2f
1511848725457576960,每个个体意识都是高维意识的神经突触？,2239.216,1707317612,12d7ee3c
1512021031039366400,每一个字都看得懂，句意也知道但是深度不够就会产生一些别人一看就知道是错误的猜想,2435.828,1707338152,3b533936
1512219504078473472,S于新冠？,2246.511,1707361812,ad11dac3
1512243732911897088,个体影响主体，主体影响个体,2501.573,1707364701,4000cde6
1512397767090551040,中医里没有癌症这个概念并不是说不能这就能解释断肢者为什么还能感觉到到失去肢体的疼痛,2427.562,1707383063,5a4a6244
1512442956387476992,寡人二刷,2469.849,1707388450,85d43060
1512444733740298496,抵抗力，是个比较抽象的概念；你心情不好的时候，抵抗力就会差些……,2329.185,1707388662,ae0ac0c3
1512515443531734272,在圣经里有一些奇妙的描述，用身体必须人，用人必须身体。与这段类似,2500.145,1707397091,74b8ee47
1512549070609536000,针灸,2458.17,1707401100,9c484b9d
1512896328530001152,缓解没有用，不满意，要治愈。因为可能欺骗身体,2509.863,1707442496,1c12d50
1514036594607452672,不太正确，人的思维本身拥有更高维度，只是身体在目前空间最高只能是三维,2237.494,1707578426,4f1113dd
1514062225051420928,心理健康与身体健康确实关联很深,2304.737,1707581482,2e37a580
1515215889161593600,有听过得了癌症然后全世界旅游最后癌症反而痊愈的例子，也许就是脱离了致癌环境加上好的精神状态的结果,2221.041,1707719009,2562f491
1515795323803729664,这个真实体验，真的是这样,2292.632,1707788083,776bda24
1516057247812173568,经脉,2467.808,1707819307,82e8dd71
1516098734025386240,难道不是靠免疫系统吗,2217.268,1707824252,57df44d5
1516612670131155712,其实西医也有很玄的东西，比如免疫力，什么时候叫免疫力好，根本没有具体的概念,2352.269,1707885518,6697a20f
1516991386145065216,高维世界的VR游戏,2242.624,1707930665,48d70840
1517344831318743040,用人参、黄芪,2224.338,1707972799,16f2bbca
1517347802605385216,精神意识=软件信息，身体物质=下载3D打印,2410.515,1707973153,16f2bbca
1517582444402952449,卧槽，这就是天赋异禀,2209.346,1708001125,88fbb66
1518174427320574720,不是西医是现代医学,2493.541,1708071694,3c60f134
1519730201108750592,科学是方法，为何要不相信呢？,2430.059,1708257157,71375078
1520622084756373248,他修炼了,2190.139,1708363478,5b4e526d
1520623330330361344,自己！有个外国医生实验过，靠强烈的心理暗示治好了牛皮癣,2265.456,1708363626,5b4e526d
1520908359560115456,气伤则痛，形伤则肿。气比血先行六寸。,2463.567,1708397605,a0cafc8b
1520963744061128704,前面那个，火子哥直呼内行,2236.008,1708404207,80f2eb12
1520976130982018816,迷迷糊糊的是玄学 不解的神学 懂得科学,2164.245,1708405683,6c47009f
1521541107815769088,这算啥异端啊，打坐在基督教里又不是没有，很少有人修到那么深而已,2197.052,1708473034,2bc7f25d
1521544602920772096,万一西医本来继承的是黄帝外径那乐子就大了，岐伯万一就是那个希波克拉底岂不更可怕，很好奇当年恩基作为蛇族老大到底传了什么功法和理论下来,2474.618,1708473451,2bc7f25d
1523114759841384448,先生大义,2220.415,1708660628,db9cfae7
1523126538688596992,橙汁还是纯水,2313.98,1708662032,caf65355
1523127209450338816,地上对应马斯洛需求前两层，天对应后三层,2330.991,1708662112,caf65355
1525636257588286464,按摩！！！！,2448.508,1708961214,c53b682b
1528241822726842368,信念生物学,2263.622,1709271821,67438bf5
1529109935458407680,因为不到的时候没惊喜 你记不住 只有曹操到了 有惊喜 你记住了,2178.542,1709375309,b2446d3b
1529110732233364480,你意识紧张了 身体一系列物理化学反应 给你留下了太多应力,2273.522,1709375404,b2446d3b
1529112483883823616,但你的意识会干扰这种修复运动 天长日久 应力积累 你修复不了,2482.358,1709375612,b2446d3b
1534725077554193920,疗愈我们的，永远是自己的内在,2271.099,1710044686,62081682
1539356874623708928,睡的好，第二天精神抖擞心情自然就好，所以认为自己健康，重点在开心快乐,2335.221,1710596839,bfc60bba
1548194627050484736,那这个流行性病毒怎么解释呢,2357.649,1711650381,1d7ce053
1548737409313900288,针灸和点穴！,2457.962,1711715086,cc4815cd
1548993516074816768,针灸穴位？,2464.159,1711745616,6a29f185
1550050407584231168,把他理解成状态就行了，科学也是一种状态。,2376.561,1711871607,ccb411bd
1551006195068880640,我曾把气壁离体外，，还发出了影响世界的声音噗噗,2375.778,1711985546,f522bbb6
1555121621273371136,因为电的手疼,2473.939,1712476143,ea11837c
1565496225019493120,西医无法治疗检测不出原因的病症，但中医却能从不同角度解释并治愈,2218.107,1713712892,db9fdcf0
1571601289748546816,分形，局部是整体和自己的可变参数，万花筒,2504.482,1714440673,21037bc0
1573351739003034624,爽,2252.579,1714649343,336113a1
1573352303841283328,三魂七魄,2315.899,1714649410,336113a1
1573352830830809344,穴位,2374.619,1714649473,336113a1
1573353742068092672,任督二脉,2456.859,1714649581,336113a1
1578362787087190528,天魔入侵意识,2212.663,1715246706,d607362e
1579291454101486848,吸引力法则,2176.759,1715357412,ee107ec5
1580492236670840064,针灸,2507.608,1715500556,cfe44174
1582387350733290240,nonono，是玄学,2264.528,1715726471,19d5eff4
1590230282005697024,描述的很准确啊,2206.25,1716661422,32e70d68
1590232687867065344,这类人的意识程度较高,2296.406,1716661708,32e70d68
1590234558584909056,针灸的原理,2452.39,1716661931,32e70d68
1605835904344478464,足疗必须入医保,2518.927,1718521757,9969ad27
1626647873456418816,双系统是吧,2310.978,1721002737,8dd59655
1629547859357964288,在陕西上学时，跑遍各大医院一年都治不好的过敏，被一个小镇的中医14副中药治好了,2341.119,1721348442,29760c94
1650116862052451072,先天体质差,2285.144,1723800458,2562f491
1650261338385420800,阿赖耶识,2391.787,1723817681,a2dbbf2a
1682133631210146048,？？,2169.502,1727617155,46c0c30d
1682136044864119808,……这个所谓“先兆”用中医更好解释,2414.885,1727617442,46c0c30d
1784896564435635712,手术治不了疾病，只是切掉病坏的组织，最终战胜疾病还是靠自身免疫力,2269.278,1739867451,9cb0fde9
1786987271728803072,为什么那么多人总认为一切理所当然呢？你身体有问题，你第一想法是啥？,2446.361,1740116683,5486f4a0
1830415254694682880,这个就像很多人挠痒痒明明挠左手结果连带着身上一个地方也痒痒,2511.665,1745293702,16af4bf5
1862541813677282816,真相：活得百岁以上的人体内不是没有癌症，而是没有去过度处理，或者根本不知道。,2259.253,1749123486,fa202f09
1903035108337248768,嗯嗯，所以说科学一点是优于玄学的，所谓玄学，就是你没办法证明真，所谓科学是你要想办法证伪。恕我无才，看不出孰高孰低。,2433.468,1753950663,bd550466
,,0.0,1775655591.4716349,
lb.c,,0.0,1775655591.4716349,
,,0.0,1775655591.4716349,
1510952832432415488,经络,2577.363,1707210813,da322836
1510991273237134336,此处需要二舅,2787.883,1707215396,e61716b0
1511219917113070592,逐渐忘记标题,2540.273,1707242652,cd48e03d
1511241564939450880,也有观点认为量子坍缩是应为受到了外界的干扰，干扰源和意识没关系，比如一个光子,2647.722,1707245233,ad5cbc3e
1511250899723715072,质的变幻,2604.981,1707246346,99d607ef
1511251694502139648,有时候分不清是意识还是欲望或是意志,2699.741,1707246440,99d607ef
1511252858329573632,锻刀赛，奥德彪,2838.509,1707246579,99d607ef
1511489279375808768,集体潜意识是不是就是宗教里面的神,2696.952,1707274763,7a0bddcc
1511539839638453248,问题是双缝实验并不是意识干涉物质，只是对应的观测行为导致了结果不同，就像人眼观测万物只是万物把光反射进人眼而已,2598.026,1707280790,2b0a5cad
1511543098244037120,内观,2829.376,1707281178,2bd59f90
1511563184681708288,是承合,2523.182,1707283573,b98c9fb3
1511573785415964416,心理作用确实在起作用....现有科学体系认知下，确实离谱了,2616.921,1707284837,933259ff
1511574982160060416,看到这想起了我朋友总说的“有些东西的意思，只有在特定的语言下，才能不变形的完整表达出来，翻译成别的语言，就不是原本的东西了”，虽然他调侃的是网络河蟹,2683.356,1707284979,933259ff
1511633916526979840,进击的巨人-路,2675.093,1707292005,50d5c8b
1511780150743128320,催化剂是参与反应的,2548.702,1707309437,1eda1f81
1511852761502107648,这里可能指：被屠宰分割后的牛肉块的肌肉还能正常颤动,2847.467,1707318093,16cebda2
1512029021372691200,低于标准线的拉上去高于标准线的误导下去结局早已注定,2860.137,1707339105,3b533936
1512214670243791360,炼神返虚、,2769.67,1707361236,749823ac
1512214775856221440,炼虚合道,2782.265,1707361249,749823ac
1512247837205778176,或许养生主本来就是一个词，他有一个单独的意思,2728.225,1707365190,4000cde6
1512265698607546368,都对，文言文言简意赅,2710.272,1707367319,6df0c1d6
1512897040949031168,假说不能验证，就有点伪科学了,2559.982,1707442581,1c12d50
1512988025402061568,“名可名，非恒名”,2630.507,1707453427,bf7bf192
1514006800888858368,经脉,2527.311,1707574875,92e7c78e
1514008915740832768,催化剂很多种类的，有参与后还原型的，也有不参反应与只影响的,2559.507,1707575127,92e7c78e
1514065585376442880,不是推向玄学，而是曾经以为是玄学的现象有了能以科学理解的可能,2635.15,1707581882,2e37a580
1514637225634528256,庖丁·：舍不得刀,2834.589,1707650027,c4510bcb
1514643111123638016,维特斯根坦：语言的边界...,2698.257,1707650729,608c8027
1515917648968501760,玄之又玄众妙之门,2657.089,1707802665,38e0cfa7
1517587125145587968,要是长期催眠自己会怎么样,2725.298,1708001683,88fbb66
1517675852157326336,读金刚经,2672.59,1708012260,a9fcc626
1519780859342057216,感受到过，甚至知道是什么。但是害怕接触。,2665.365,1708263196,58acec7
1520469782808481536,道可道非常道,2629.481,1708345322,d762be28
1520627791895512064,我更赞同三个分开,2718.688,1708364158,5b4e526d
1521023430105978880,哈哈哈，前面的,2563.92,1708411322,b553b98a
1521547084388373504,克苏鲁了起来,2745.87,1708473746,2bc7f25d
1522708604589951232,是哪个意识在观测,2595.771,1708612210,164ded48
1523734953245245696,哈哈前面的，你是真信教科书上说的呀，参与反应本身就存在问题，能量一定会变的，也就是量,2552.856,1708734561,d8b5495b
1524372883437014528,人体有按钮，按下去就能触发某种联动,2562.916,1708810608,3e145f2f
1527738967150391040,性命双修,2796.143,1709211876,70a57111
1529115662369318912,都是要么一念正确的引起于正确的道路上让身体有序 要么就是无思像睡觉一样,2861.229,1709375991,b2446d3b
1530385645233783040,还有物理学,2572.795,1709527385,5ebf297f
1530387079006374400,练气,2743.662,1709527556,5ebf297f
1530388143193323264,"蚯蚓,壁虎断尾求生",2870.574,1709527683,5ebf297f
1532534714815294208,所有宗教的最高层都完整的说明了只是你不懂,2675.576,1709783574,a5469906
1534890321371221248,催化剂就是相信的力量,2561.12,1710064384,62081682
1547839603913129984,汉尼拔：庖丁解人？,2866.091,1711608059,2924f963
1565343465338884096,我悟了！随心所欲！想睡就睡，不行起床就不起床！工作爱谁干谁干，老子不爽，啥也不干,2865.521,1713694682,a097799c
1572567091251712256,养生=主；逍遥=游,2769.161,1714555805,372c8582
1590239059560099584,名可名，非恒名也,2630.965,1716662468,32e70d68
1590239493980714240,人的天赋差异,2665.61,1716662520,32e70d68
1590240603575560448,易经中的物极必反,2765.451,1716662652,32e70d68
1592060581706304768,啊，这个真没想到，有实证吗？,2560.711,1716879610,f9c33a0
1592061687744197376,大家好，我是新生代科玄家,2643.455,1716879742,f9c33a0
1594314014312289536,黄帝内经,2534.97,1717148240,10d4dc90
1616707099876686080,文惠君：解压短视频——庖丁解牛,2805.71,1719817704,67bcbd29
1626675886122125312,又回来了,2591.958,1721006076,5633d2a9
1631438955083855104,突然想起标题,2585.702,1721573878,21c7b3eb
1651791865642563072,有谁知道现在的背景音乐是什么吗？求求告诉我。,2643.134,1724000134,5f181478
1651794047494518272,AI识片酱,2699.113,1724000394,5f181478
1786991413704718848,分不清欲望意识的，修炼就是种方法,2714.281,1740117176,5486f4a0
1831179479373324544,早期解压小视频,2816.9,1745384804,b710be43
1831457109842711808,学音乐的人有体会，学音乐之前都是完整的听歌，学完以后现在都会无意中注意各个声部，很难完整的听了,2843.746,1745417900,dfe4b0fd
1862545145472995072,意识是其中一部分原因吧,2613.311,1749123883,fa202f09
2024269125094457856,我觉得是倒过来读,2729.341,1768402884,69b55d6
,,0.0,1775655591.4716349,
lb.c,,0.0,1775655591.4716349,
,,0.0,1775655591.4716349,
1510957622461777920,天魂,3128.676,1707211384,da322836
1511218571445973248,一个人不行的 量变才能引起质变,3198.341,1707242492,d42c8ad
1511230160643446528,阿卡西记录呗~,3238.541,1707243873,cd48e03d
1511530686627303424,NPC的集体AI啊,3237.649,1707279699,f170be36
1511568884010922240,是梦与愿望,3125.115,1707284252,b98c9fb3
1511570884618528512,是通灵的梦境,3206.23,1707284491,b98c9fb3
1511822907737834496,庄子：原来我时这么想的啊！,3134.221,1707314534,bda1f123
1512251072759342080,突然失去或者将情感带入了,3070.429,1707365576,4000cde6
1512252022500783360,灵光一闪，突然想到,3150.493,1707365689,4000cde6
1512252635288549376,其实是循序渐进，早有征兆，但大多数人无法察觉,3191.345,1707365762,4000cde6
1512253239452826112,那之前的猴子们为什么会开始蘸着海水吃呢,3230.319,1707365834,4000cde6
1512774213281604608,卧槽。混沌理论系统！！！！,3153.81,1707427939,8ed0c3de
1514016509931098624,你猜第一个发现螃蟹能吃的，到底怎么发现的？猴子又不傻,3209.326,1707576032,92e7c78e
1514073298105808384,迷因，或者说信息木马,3180.678,1707582802,2e37a580
1514583535271749888,第一只猴子受到启发后并做出的行动，是对猴子这个集体意识里编入了规则，从而改变了集体,3218.418,1707643627,c665640
1514639174123334656,自性,3026.532,1707650259,c4510bcb
1514640437590583296,更高的维度,3120.485,1707650410,81689b77
1514641035211329792,猴子阿卡西,3230.978,1707650481,c4510bcb
1514698547189152000,这里已经看不懂了。。。,2926.085,1707657337,9ffb6953
1514744780003978496,到这里就已经是我的认知极限了,2941.535,1707662849,9dd3ff7c
1514824981765295104,这BGM,2972.822,1707672409,e2780229
1515242570916536832,之前的是跟科学家学的,3233.369,1707722190,2562f491
1516890290877783552,火之意志,3111.925,1707918613,88702550
1518665084443254784,哎呦，不听了bgm太诡异,3049.544,1708130185,be292ef8
1518807268521512192,相信后人的智慧,3102.257,1708147135,f9adf723
1520316968576921600,应该是王浩，,3176.635,1708327105,3c73699e
1522419705653141504,形神俱秒，与道合真,3022.407,1708577771,be610f50
1523014509801892096,集体潜意识,3111.359,1708648677,1d21615c
1525945910948258816,传火,3093.569,1708998127,d2dd72c0
1526325358331251200,这里的理解就是形是个容器，而神就是被这个容器盛着的,2938.91,1709043361,f635abf2
1527744800521370112,薪火相传,3096.725,1709212572,70a57111
1527758035026471424,神能入石，神能飞形,2920.882,1709214149,62568114
1528889413248482048,传火黑魂,3116.323,1709349020,6f32af52
1530108341492489472,好困啊,3034.209,1709494328,5804464b
1534893210164506624,超体,2897.908,1710064729,62081682
1537580659072350720,想听妖怪篇,3181.802,1710385097,91e0a9c8
1544285120998244864,蝴蝶效应,3176.236,1711184332,384ddeeb
1544357386121272832,不会是共同意识吧,3095.67,1711192946,5783e517
1575480378784163840,信上帝,3134.598,1714903096,a388be22
1579708203527511552,问法官啊,3179.339,1715407092,36b4895d
1579948250130296320,精神,3090.485,1715435708,9b4ce596
1581621475461416704,这种背景音是什么，太喜欢了,3108.623,1715635172,de41b98e
1592064944445303808,你这CPU架构该优化了,2936.602,1716880130,f9c33a0
1592066053209484544,你也许不能创造自己，但至少可以改造自己，能不能创造也不一定,2998.077,1716880263,f9c33a0
1592067141253920768,我在乎的这一个失去了，我还不能难过？,3084.918,1716880392,f9c33a0
1596308833918038528,我还是会扶的,3164.151,1717386041,50e7d22
1606223054693128192,胖猫,3160.501,1718567909,daf8c946
1623418737971474432,昆山龙哥,3189.659,1720617794,db4ca287
1631442855685806336,大圣灵,3123.419,1721574343,21c7b3eb
1786995063336434432,如果潜意识是真的，那么人类身体的共生微观生物的集体潜意识是不是就是人类意识的温床？,3025.581,1740117611,5486f4a0
1806748969587135744,陀，你不是一个合格的科学家，但是，你是一个好心理医生！！！！,3076.512,1742472461,e9102dea
1916164431202230528,进击的巨人。,3222.153,1755515800,a8280c73
,,0.0,1775655591.4716349,
lb.c,,0.0,1775655591.4716349,
,,0.0,1775655591.4716349,
1510971530572945408,病毒也是,3260.161,1707213042,68adfe97
1510983347998903808,所以为什么说公众人物说话和行为是有影响力的。。,3271.184,1707214451,5344860d
1511047425832659456,虚空终端,3240.373,1707222090,8327211f
1511152281444385536,这个进度条够带劲,3267.0,1707234589,c82172ab
1511578410852420352,吃过,3323.709,1707285388,b98c9fb3
1511680385774603008,呜呜呜呜呜,3381.092,1707297544,350b71bd
1511864251613163520,好赞！！！已三连！！,3375.957,1707319463,a151a368
1511912731333112064,尼古拉特斯拉,3242.059,1707325242,e77b4efc
1512209128251316224,国之大事，唯戎唯祭,3343.927,1707360575,3d3ac38c
1512361484406102784,我说：看过这个视频的人都很快财富自由,3374.202,1707378738,c811e88f
1512905877231943168,如果可以，我请求我父亲的病症可以通过中医治好，不需要手术化疗,3385.38,1707443634,96c0ea62
1514017550168926720,这个叫榜样~,3263.867,1707576156,92e7c78e
1514052802664623104,巨人里也是这麽说的,3250.246,1707580358,8b405922
1514074494271267840,榜样,3250.657,1707582944,2e37a580
1514426217699705088,"随众生心,应所知量,循业发现",3338.047,1707624873,552666d8
1514467136347857152,传播学,3252.723,1707629751,fdae21aa
1514585089571321600,本质如up所讲，表观来看，是个体与其他体的互相影响,3257.288,1707643812,c665640
1514586357778151424,意识能向上编辑规则，从而让其他个体受到影响。,3375.288,1707643963,c665640
1515244400329096192,终于回到标题,3352.533,1707722408,2562f491
1515245365908168192,会，我赞美一个人，对方就会开心,3371.569,1707722523,2562f491
1515327875191339520,每个生物，即使不是生物也都有自己的编码程序，找到合适的接口，输入各种形式的命令就会产生各种光怪陆离的结果。。。,3381.143,1707732359,1ffbc1b5
1515820269367795712,言出法随,3371.896,1707791057,776bda24
1516768920881824512,我很有钱我会很有钱,3387.47,1707904145,70fd3c54
1516954469592933632,但是呢，很可惜，天地不仁以万物为刍狗，物质宇宙也不会因人的想法而转动,3336.001,1707926264,8384b083
1517633712840660224,真的已经三连了，你已经言出法随了,3390.09,1708007236,1733fcea
1518174832104131072,闭口禅开口定乾坤,3371.615,1708071743,8efd754e
1522714113464572160,阿卡西记录,3252.427,1708612867,164ded48
1522755371783948800,相信相信的力量,3370.14,1708617786,e361d6e7
1523774884663086848,不是八级大狂风吗？,3328.519,1708739321,66fc55c1
1525948176568456704,其实我也觉得我能影响天气,3349.825,1708998398,d2dd72c0
1526329365493732096,拉马努金,3246.818,1709043839,f635abf2
1527761067525454080,君子之德风，小人之德草,3264.903,1709214511,62568114
1528252348273969408,←前面发这个弹幕的，回旋镖在等着你,3334.468,1709273076,67438bf5
1528302863489519616,董仲舒的天人感应。。。,3335.263,1709279098,eb692ff6
1529666599341484032,岛上没有番薯，科学家带的,3240.346,1709441668,3c7337bc
1529668256988820992,首先得找到输入代码的入口,3366.077,1709441866,3c7337bc
1531277046981185792,原神，拯救世界,3377.201,1709633648,7039cd78
1532749734215975936,能影响天气？那不是萧敬腾吗？,3335.762,1709809206,a48a250c
1548578720279697920,关键小人物,3375.09,1711696169,c2ebb559
1561767342860648960,上传到云平台了，全人类的意识都在训练同一个AI模型,3240.735,1713268375,43544b2e
1579709736914476800,人定胜天,3362.094,1715407275,36b4895d
1592069102250627584,反正预知梦我确实做过,3243.288,1716880626,f9c33a0
1592069806364986880,罪己诏？,3318.523,1716880710,f9c33a0
1592070266757056768,所以萧雨神是怎么影响天气的？,3344.159,1716880765,f9c33a0
1606399670735766016,同样适用于所有宗教、政治,3277.292,1718588963,726a651a
1608730598024060416,终于绕回来了，哈哈づ♡ど,3350.983,1718866831,92bbae6d
1837860283956193536,刚开始说什么来着？咒语,3369.517,1746181218,eb39c167
1862551286277790976,媒体,3273.964,1749124615,fa202f09
1916166274984708352,等等，这不是董仲舒的天人感应吗？,3313.709,1755516020,a8280c73
1916166598281445376,这不是天人感应吗？,3285.004,1755516058,a8280c73
,,0.0,1775655591.4716349,
lb.c,,0.0,1775655591.4716349,
,,0.0,1775655591.4716349,
1510893569358271232,第一第一,1.699,1707203748,cde4d87e
1510899902287393024,因为翻译的过程信息会有误差,326.337,1707204503,18041a7d
1510909908177375488,大吹法螺，大敲法鼓,139.426,1707205696,6701cdaf
1510910844496804096,咒语：钵钵鸡 钵啊钵钵鸡 一元一串的钵钵鸡,264.042,1707205808,a2d527c6
1510919025335687680,角度新奇，有想法，尚,30.832,1707206783,68222e04
1510930884453687552,终于更新了,16.979,1707208197,520a78cf
1510950755354440448,临兵斗者皆烈阵在前,56.422,1707210566,7ab67633
1510958798544962048,传播的都是怎么分红，知识垄断和解释权垄断是宗教发展的重要手段,322.894,1707211524,68222e04
1511034478041378304,如果宗教失去神秘性，被彻底解构，那会彻底沦为娱乐产品，甚至被遗忘,316.877,1707220546,9f3bfdff
1511181262969388544,好家伙，这时长老夫相当满意,4.106,1707238044,cd48e03d
1511182539002482176,阿达瓦卡达哇,80.78,1707238196,c5b1b916
1511222906066129664,更新了,2.219,1707243008,2d45ce45
1511226942186302720,八利三藏,254.169,1707243490,925a8e
1511242451145711872,是临兵斗者皆阵组前行,60.751,1707245338,56542bc
1511243862948012288,呃稍微做个思想实验就知道了吧，两人用同一个咒语博弈，宇宙会让谁的生效？,48.369,1707245507,61765872
1511247346108166144,保持神秘性,324.439,1707245922,9ba24f69
1511269600958901504,起源于远古的傩戏吧，只是语言到后面音调之类的变了,229.695,1707248575,9a4d5722
1511286993429352448,傩戏？,195.086,1707250648,40e8b606
1511371366191285504,一本老书，魔界英雄传,56.191,1707260706,d7472b31
1511371955406711296,宗教、民俗需要权威啊，和普通人分开,332.559,1707260777,a03619e9
1511443430792994816,读作频率,50.419,1707269297,f170be36
1511449130046897920,ai是语音是ai服务人。所以按这个逻辑理解 咒语就是人服务神，而不是神服务人。,39.02,1707269976,c9088b35
1511456406702981888,欢乐豆效应,18.499,1707270844,9a409ed0
1511458951899097600,唵蓝净法界，乾元亨利贞,57.505,1707271147,935d4258
1511460489002457856,嘛哩嘛哩哄,115.187,1707271331,f79d57f0
1511461124523224064,巴啦啦小魔仙沙拉沙罗全身变~,122.181,1707271406,f79d57f0
1511464619930060288,大威天龙，般若妈妈哄！,123.144,1707271823,2694a6a3
1511484128527372544,盂兰神功,201.216,1707274149,b5a2bfa6
1511493372387584768,酆都,186.259,1707275251,aef8af5a
1511501312163094528,六字大明咒,65.699,1707276197,3c847720
1511518557304159744,但是指定语言可以掌握解释权，你传播了但是不听我的，那有什么用,321.567,1707278253,5eea56d8
1511520194298916352,惠州人冒头,133.131,1707278448,f388d0d7
1511530496667056128,奇术师,38.359,1707279676,9f798b2
1511539736383475456,背景音乐很好听,238.293,1707280778,e98af137
1511542792294497792,电的载，言的流音的体！！！~,92.155,1707281142,b98c9fb3
1511568683934632192,太平歌词,176.762,1707284228,dccf1241
1511634527880466688,嗯，用山东话来读论语对吧？！,303.511,1707292078,d9096a03
1511682304282562304,细思极恐,65.85,1707297773,e7a6fc0
1511691840704061440,这根本不是悖论，宗教信仰可以共享，但宗教解释权不能，用这些与众生不同的语言是刻意为之,314.645,1707298910,10fe7ea0
1511767484339176448,你要弄清楚什么是咒 在从你的语来研究,107.255,1707307927,c04d39b0
1511770286520144384,但咒语往往需要支付代价,42.49,1707308261,3e66d107
1511813234556941056,普罗米修斯！！！,263.753,1707313381,a151a368
1511845043487872768,我们称为：指令【狗头】,102.28,1707317173,8872ac8b
1511858711323561472,一切都会好起来的,9.076,1707318802,f57b51b5
1511865453088102912,其实就是呼出控制台输入权限内的命令而已,68.929,1707319606,de100637
1511902250002346752,日落西山呐～～～～～ 日落西山黑了天,180.056,1707323993,fe023968
1511930684984525312,殄文,153.507,1707327382,4024beb
1511982163430892032,涟漪到一定程度要么忽视要么被摧毁,76.168,1707333519,3b533936
1512199663267418368,异世界舅舅？,279.895,1707359447,668f1692
1512239974622197504,说不定咒语就是神鬼的语言,29.139,1707364253,cfd7ca0d
1512317236235702272,老法师啦。,154.589,1707373463,ac63fe8e
1512342985545859840,往生咒的话历史不会超过两千年,99.669,1707376532,ec1e650d
1512350557044727040,就连网庙上吹的不靠神仙的道教也是不受箓不拜师无法入道,325.259,1707377435,ec1e650d
1512385944664624896,真语音系统？,300.179,1707381653,85182cf1
1512396870666703616,是的，在河南搭台唱戏，只要开始了，哪怕没人看了，也要唱结束，因为还有鬼神要看,200.4,1707382956,e490b69f
1512401437198811648,前排提醒，这视频不是讲神秘学和民俗，也不是讲符号学人类学的，纯纯的地摊文未解之谜系列,0.0,1707383500,ec1e650d
1512411536671438080,配的视频太烂，为什么不用倩女幽魂里的夺命梵音？？！,65.249,1707384704,df179fd2
1512412001694205696,古代佛经没有文字，都是口口相传。分组背诵互为备份，防止荒腔走板。,130.443,1707384760,218bc651
1512413195863024640,戏曲规矩：一旦开唱就必须唱完，就算没有人听，也会有鬼神在听。,187.237,1707384902,218bc651
1512470663531772416,商博良也不能翻译吗？,254.691,1707391753,2192b47c
1512575622239711744,汽车人变形出发!,34.061,1707404265,1c876ed5
1512675556465262080,爷爷，你关注的up主更新了,0.053,1707416178,e6b1cced
1512800259246878720,雅语？,188.839,1707431044,22a12544
1512835991520727552,加油加油加油,49.519,1707435303,e2e36116
1512878834314398720,急急如律令,116.139,1707440411,ac66a05
1513407398424177664,咒语是古代文明在集体潜意识上构造的系统操作语言 辅助你用神识力共振现实,50.326,1707503420,bb2b695c
1513519125832521216,我知道了，来念，大威天龙,271.527,1707516739,8471b486
1513825907696042240,世界的本质就是震动,35.041,1707553310,97783db7
1513854484185655040,吃葡萄不吐葡萄皮,140.116,1707556717,d2d434c9
1513867228041500928,咒语很管用的，楞严咒大悲咒超管用，,79.791,1707558236,92141b11
1513869470635296768,楞严咒很厉害,124.271,1707558504,92141b11
1513869954716362240,太极腔,181.873,1707558561,92141b11
1513870167694691072,符合太极转动的腔调,207.251,1707558587,92141b11
1513875250914631936,哈嘛噼,256.295,1707559193,697c73c5
1514040566067789056,失传的语言,231.848,1707578900,2e37a580
1514042597747022336,传播的不是教义，而是以神秘把控对神言宗教的释义权，进而掌控教徒思想,318.305,1707579142,2e37a580
1514082080827877632,有句话叫做末法时代，咒语可能就是可以震动那些魔法元素的发音。越大的法术就是需要越多的魔法元素加入,159.257,1707583849,1d9e85c9
1514199858108791040,背景这个场景和美女好美好精致,97.689,1707597889,543b1b52
1514355957059465728,言灵,83.299,1707616497,b1181568
1514357118193747456,包饺砸！,221.677,1707616636,b1181568
1515017413597801984,玛卡巴卡,5.733,1707695349,65bbde51
1515075022790625536,港片能作为参考？？？,193.326,1707702217,19d790a7
1515323257966851840,龙族,33.379,1707731809,2a0baa1e
1515352156562250752,天猫精灵。开空调,86.414,1707735254,651def2b
1515858433734178048,不是讲究天人感应吗？我认为因该注重感应。,283.302,1707795606,38b7cd34
1515967506836537344,代码也是咒文←_←,144.937,1707808609,a1427164
1516076378326696448,纳米机器人就是魔法元素,168.409,1707821587,78fb5fc8
1516259650881020928,我认为一定不会是种真正的语言，或者说一定没有规律,11.119,1707843435,c9cb581b
1516599242444146176,这些咒语可能是调整自己能量的一种技巧，但是前提是对自身能量有认知，现在已失传了,121.64,1707883918,be0efab2
1517403587184422144,我知道，同伴加压耗时3防夜袭，是神秘交谈,276.082,1707979803,e63ec77b
1517533032255605248,恐怖的时长,9.17,1707995234,d8d03db0
1518137113181289216,陀螺么,9.807,1708067246,7fb60ea5
1518947474113374464,不算什么新想法，我小学时就在很多科普科幻书籍中见过了,34.415,1708163849,8d99378e
1518975570909053440,这些是谜因或者说是模因,88.047,1708167198,8d99378e
1518988018554381824,索绪尔《普通语言学教程》,207.331,1708168682,8d99378e
1518990509333373696,有没有可能神不需要语言,334.629,1708168979,8d99378e
1519019224050573312,手机便是魔杖,65.464,1708172402,eb2d8318
1519077329471963392,斯人已逝,155.313,1708179329,5ae573e0
1519119575835716352,终于有人说这个了！,14.259,1708184365,852f32d4
1519176036183758848,咒语 密码？,158.411,1708191095,f8fa38dc
1519415599787310080,摩西摩西,333.508,1708219654,a5fd0f2a
1519616248227790080,外星语吗,248.364,1708243573,c67dfee9
1519674270610095104,6++++++,227.168,1708250490,3ed244f1
1519776711493963008,梵文,128.253,1708262702,cac1ea43
1520599627219771648,"Hey, Siri就是一句咒语",52.979,1708360801,62dea387
1520960370053912832,把这个换成语音识别就对味了 哈哈,285.435,1708403805,6c47009f
1521046991315212032,一人之下--巫妖  神格面具,189.927,1708414131,484718e1
1521313780892562432,计算机语言和程序验证,344.643,1708445935,73ad9a4c
1521828578877088256,什么亚空间,274.869,1708507303,3f564a18
1522141123278263296,讲好一个故事,84.475,1708544561,749148d6
1522245180462621696,有没可能是为了所谓神秘感，你不懂就觉得神奇而已，有可能经文只是说你吃了没之类的话,349.408,1708556966,c4f0a743
1522338742013231104,言出法随！,72.482,1708568119,d4df00e7
1522739676061328128,言出法随,96.474,1708615914,9242b9d5
1523493689731924992,南无阿弥陀佛,132.559,1708705800,ed3aa3fa
1523727651624210944,说不定就是外星人教了一半,313.746,1708733690,9accefd7
1524238675792495360,古语或者外语加上误读？,120.786,1708794609,eb9bb181
1524350810652467456,纳米机械可以实现的,73.747,1708807977,3e145f2f
1524871559263616000,这其实和人类的傲慢有关,322.405,1708870055,334b68cd
1524951088132848640,宇宙系统的cmd指令,36.891,1708879535,4506ee92
1525478414050475264,大家不要误会这里，只是为了解释咒语，是一种娱乐的方向。研究的并不是宗教的政治性,325.499,1708942397,b958d312
1525514254814519040,唱诗人,282.422,1708946670,b6955852
1525986563543289088,失落的史前科技？！,42.619,1709002974,ea787008
1525990164084938496,有没有一种可能翻译后会失真？知其意，却不能知其境,315.411,1709003403,ea787008
1526707221625564160,已经关闭了，神远古的时候为了调试留的GM接口而已,51.784,1709088883,ac9c7a53
1527043400309016064,真名,289.935,1709128958,f2719655
1527406274621540096,遇事不决，外星语言,254.434,1709172216,b5f326f3
1527518713752931072,阿瓦达啃大瓜！！！！,75.721,1709185620,acc807f1
1529578567409916928,惊！晴雅集？！,29.392,1709431174,43bd4e89
1529581902888364032,一种保持自我文化的方式而已,313.873,1709431571,662e91a1
1530203757764441344,神秘主义,333.339,1709505702,961f4073
1531427263931784704,菠萝菠萝蜜~~~,139.178,1709651556,d798ad0c
1531911304212702464,？？巴利三藏是原始佛教语言，记录不应该是原始佛经么？怎么会翻译不出来,245.83,1709709258,1b499427
1532035581700394752,梵文,233.951,1709724073,180c64e8
1533269809557922048,我们所有的念想都是咒语,70.357,1709871204,62081682
1542529958940243200,是的，有的看似是梗，其实有些力量在的,90.778,1710975100,32e70d68
1543111050709208832,桐人：system call,56.917,1711044372,1fa48e31
1544947092043549440,想起句话，科学的尽头是玄学,207.987,1711263245,3e3a2c80
1547095614930966784,其他语种的经文怎么呢,303.683,1711519369,e6a80cdd
1547958184134834176,这里还有个悖论，当一个种族发展了一个宗教。那么肯定是这个种族的宝贝,330.11,1711622195,e32b7191
1548159716230860800,这不是维护正统核心地位的需要吗？,316.706,1711646219,41484aff
1548278444176366080,怎么证明或者证伪,44.389,1711660373,aa9228fe
1548340582077118976,表音文字,253.179,1711667780,26c06ef
1548341319083226368,为了最终解释权,332.879,1711667868,26c06ef
1548698437929915648,拉莱耶语,233.375,1711710440,cc4815cd
1549523100742364416,伊卜拉沙~,235.001,1711808747,145aa409
1555920021157790720,我也会：“小爱同学，帮我开灯”,47.483,1712571320,a7828a4c
1578907644843075328,就是高维能量语，链接你和你的原神,77.328,1715311658,89a93e3c
1579045791392150016,是高哥特语和低哥特语的意思吗？,256.159,1715328126,efbe4fb1
1579600572553052928,一陀翔,19.0,1715394262,c2ffcf2b
1593186662605772544,想让咒语变成真，你必须从相反视角观测咒语的实施～,6.368,1717013850,d9f65bf6
1595352854670238464,古神语,279.125,1717272080,548c6421
1613232999364002560,以前人少,319.025,1719403559,e64c5464
1625946687002524416,宇宙的代码,40.819,1720919149,3d151d8e
1639155093452823296,小孩子灵性高,163.464,1722493714,3b877167
1657286574037113856,科仪 密咒,211.368,1724655155,257a1ebb
1671812029079470592,宇宙编程语言,348.506,1726386724,67547af9
1685437688540383232,还有宇宙语,256.42,1728011029,f2f5aee3
1693835141027384576,巫在古代是指可以沟通天地的人,173.132,1729012083,76537ad9
1710183110169744896,没错，只要戏台子搭起来，没人也要唱，因为有鬼神也再看,183.934,1730960913,9820c3cc
,,0.0,1775655591.4716349,
lb.c,,0.0,1775655591.4716349,
,,0.0,1775655591.4716349,
1510900560373553408,撞到真空容器壁之后能量引起了容器壁的形变和内能增加，也就是做了功,659.79,1707204582,b9f37c81
1510900651868260864,现象难道不是人规定出来的吗？,458.885,1707204593,b7253f15
1511025437420547840,这里bgm有人知道吗,518.722,1707219468,9039f3b4
1511030251256490240,这个有解释,449.298,1707220042,1555eca4
1511042247267934720,达摩是真实的历史人物啊，有记载的,360.85,1707221472,3d58d951
1511091314459339776,光音天,449.444,1707227322,4404adee
1511091935325041920,光音天,447.529,1707227396,4404adee
1511092919216725760,阿凡达团建,389.076,1707227513,165e8d50
1511105664078934784,真空中应该是没有物质媒介来共振,579.255,1707229032,ff133554
1511151090589253376,那么问题来了，神无所不能，为啥不啥语言都懂,402.783,1707234447,4653de3d
1511177058464783872,这个逻辑有问题，就算耶稣真的复活了，那后世的人都没见过又凭什么相信，那没见过的后人可以相信，没见过的前人就也可以相信,385.196,1707237543,a002bc65
1511180170973705728,阵法？,686.459,1707237914,6d8b995d
1511196360635076352,吊在板上的原因,581.869,1707239844,8e8a9411
1511282684226246912,相信神存在≠神真的存在。,394.928,1707250135,be6a4a57
1511337549380404736,相信相信的力量,406.35,1707256675,d23c6e91
1511344816028825856,这个应该是心理学。,421.01,1707257541,86ff93e9
1511444496154427392,啊，竟然有文献？,539.327,1707269424,57b0d9a5
1511492257423854848,是催眠学，不是心理学，在很多时候是超心理学的概念,516.282,1707275118,2a863fc8
1511508387635012608,现象不是人规定的，是人发现归纳总结的，无法复现没找到规律的就是神秘,468.904,1707277041,3e818a27
1511522047493633792,"祝由术算不算,听说确实有一定效果",428.512,1707278669,f0e5ceae
1511531083693425920,共振就是功放,624.337,1707279746,3291c759
1511536718556469248,可以理解为神灵C语言,509.384,1707280418,25a3a2fb
1511545975553024768,遇事不决，量子力学,497.303,1707281521,18d3d9b6
1511604753430393344,好像臭名昭著的水知道答案也提过类似的理论吧,656.368,1707288528,c0dcfb2c
1511628251397654528,耶稣也是真实的历史人物啊,364.559,1707291329,be83c184
1511695680824204032,曼陀罗,630.593,1707299368,2b4097c
1511698937155826944,声音不是消耗了能量才出现的？,477.243,1707299756,e274e0d6
1511868531464402176,灵能科技会引发亚空间天灾,434.039,1707319973,de100637
1511906428947239424,这种事是完全有可能的 但是距离神学 十亿八千万光年,522.151,1707324491,fe023968
1511907011250652928,真空不空 朋友,583.404,1707324560,fe023968
1511986773247507200,别迷信了，就算法翻译成同样的语言也是近似意和本意肯定有区别的，声音也分很多种，人与人听到也会有差别，这方面确实大家都不懂就看谁在那装，相信科学，拒绝迷信,411.888,1707334069,3b533936
1511992122906106624,只要别傲慢就很难迷信,487.448,1707334706,3b533936
1512399397458329600,逸散成熵了,482.04,1707383257,e490b69f
1512416070420826624,全国无论南北，都有一种去除喉咙鱼刺的祝由术。无法用现代理论解释，但真管用。,424.813,1707385245,218bc651
1512417522790590464,压点效应会产生电磁波，另一块同规格压电材料能够接收同频电磁辐射。,532.909,1707385418,218bc651
1512553623576776704,这太扯了,499.588,1707401642,3ff15c6
1512961307039537152,听音识曲,557.452,1707450242,3b054801
1513120392393488640,曼陀罗 荷鲁斯,627.43,1707469206,cb704783
1513607207155996928,祝由术,431.192,1707527239,4c09d4ff
1513712709210978816,千里传音,544.654,1707539816,51e24fc0
1514046186527756800,金花,637.486,1707579570,2e37a580
1514414867174400768,扯什么？的布罗伊物质波也是这个差不多的情景,506.264,1707623520,2610031c
1514810229593054464,有时候挺好使的,424.53,1707670651,7abc00a5
1515079558796536832,是语言就能承载,442.446,1707702757,19d790a7
1515889347617151232,言出法随,688.232,1707799292,38e0cfa7
1516074366621033728,有体验，比如快睡着半梦半醒间有时就会听到别人的说话声,510.885,1707821348,87b7cc89
1516142762431414528,巫医:我用的巫药是地塞米松,371.827,1707829501,7885fa40
1517231888501551872,能量在引起介质震动时就损耗了,667.08,1707959335,b02b4760
1519097112141709824,脉轮,632.163,1708181687,b79fb829
1519149031283219968,六字大明咒的“唵”字声波成像出来的就是一个坛城的模样,702.861,1708187876,b4116d28
1520413688194932736,只看结果，不看过程,434.976,1708338635,18f90f29
1521193655723901440,打电话不也是这样吗,543.23,1708431614,1afc700e
1521515294374641152,很多佛世界是以音声形式存在的就是这个意思，佛说法的音声响彻三千大千世界乃至无量无边世界却互不干扰，个人推测原理也是如此甚至更高端,646.222,1708469957,2bc7f25d
1521869830855307520,九龙化骨水,428.984,1708512221,5e5b832e
1522614177301480704,我都不知道我是從哪裡開始聽不懂的,680.949,1708600954,e5b3855e
1523056658296037376,虚拟世界么？,434.293,1708653702,11aee060
1523111823023342080,这也是因为有电场啊,525.467,1708660278,caf65355
1523399379279849984,真空量子涨落产生虚粒子，这些虚粒子可以震动传递声音,509.3,1708694557,e0aa4922
1523733545385058304,就像音乐会影响人的情绪或行为,589.669,1708734393,c0cf273f
1523896536491566336,神说要有钱，于是真的有了钱,407.087,1708753823,a623f050
1523921070451773184,直接操作底层代码的意思？,460.701,1708756748,bc3c5dc4
1524083323922976512,听不懂，但是爱听,547.719,1708776090,3238262a
1524151221777249792,我想到了催眠！,451.94,1708784184,31a50c5b
1524872064241377536,找个海妖，她们有语言插件,395.524,1708870115,4df1c005
1525795062360167424,如果是相同结构的设备，很有可能只是因为固有频率相同,579.875,1708980145,38db071e
1525895530184793856,魔术？,376.219,1708992122,2846fd25
1526905709101803520,源代码,625.148,1709112544,53713d10
1527805746459515904,可以用同一条鱼用火烧软 放水中喝下去就可以了 没试过 可以试试,428.36,1709219837,c3660b3b
1528746137987852032,抵抗重力我笑死,447.8,1709331941,b18ca3c3
1529391240104563712,真空没有空气啊，能量没法传递呗。,474.731,1709408843,acab398a
1529393029109376512,图案与物质形成未必有关联，结,685.81,1709409056,acab398a
1530561309647992576,原神，启动,440.699,1709548326,7039cd78
1530563428618802176,原神，拯救世界,685.059,1709548578,7039cd78
1535763481922828288,你好。地球人,502.126,1710168473,369f2308
1538300396295406080,当你相信神存在的时候，你无法分辨神不存在,400.555,1710470897,380fb161
1543391465777099264,太阳：那我走？,403.631,1711077800,e185455b
1543744512340334080,雷达？,682.265,1711119886,3ab4cc58
1545168316992144640,别着急反驳～人家都有资料的，又不是信口胡说。先看看中不？,522.289,1711289617,2a2f81cb
1547835726564081664,大型演唱会,392.023,1711607597,ef69e866
1548724242135296000,这不是共振，这是系统的耦合运动，不要望文生义,587.954,1711713516,5e86f2be
1550077398274505728,披着科幻外衣的外星非洲,415.033,1711874825,594a703a
1551541533415911424,画符？,697.612,1712049363,f686d65e
1551666175614980608,电子设备的声音和人体的一样吗,654.95,1712064222,af883166
1559681438692134144,频率,462.398,1713019716,1d73ca06
1565534952362303744,分形几何,688.766,1713717509,5db64ff1
1578153244038174464,非局域耦合机械振子的同步及奇异态,589.095,1715221727,4350c6ed
1582038471336594176,史前超级治愈机器人，通过语音交流借用,417.043,1715684882,97213204
1587104621032583424,突然串戏到了浮世叁千问233,549.603,1716288814,482d75e4
1589353646557061120,看到这个我立马想到了麦田圈的图案,681.825,1716556919,5931d69a
1605616503556794112,==没人说达摩是神吧？佛教从来说佛是开悟的人而已,401.019,1718495602,926fe657
1616096372220716544,那就是每个读音都与某种波共振，或组织成固定的波形组合，这样的波形组合就产生某种能量，达到一定强度就能影响能量场,475.339,1719744900,13b5d3c3
1616896630853157376,转化成内能了啊,473.553,1719840298,22286d56
1622573075915028992,逗猫棒,585.05,1720516983,72808daf
1623704623200179200,真空不真，即使太空，也是相对真空，不是绝对,499.219,1720651874,4c99fc82
1639981537342845184,总裁那里看过这段,603.241,1722592233,95e48e44
1655747505583124480,麦田怪圈,690.774,1724471683,b7d61015
1657054149197909760,所以皇帝学天人的音乐就是为了拯救当年的人,705.618,1724627447,bb2b695c
1684301329097158656,节拍器,580.965,1727875564,fea2e132
1707933810337497600,神“说”：要有“光”,450.231,1730692776,c87e78db
1786962726779324416,首先发出声音的东西你必须得给它一个定位，或是锚点，一切从它出发才有对错，或许这就是人类限制？,712.141,1740113757,5486f4a0
,,0.0,1775655591.4716349,
lb.c,,0.0,1775655591.4716349,
,,0.0,1775655591.4716349,
1510908556394966784,芭芭拉：治疗就交给我吧,914.772,1707205535,66b8a922
1510931899072224768,就算时空不连续，我们感受到的也是连续的。,1022.773,1707208318,de0d96f7
1510932180552081408,比如：眨眼补帧。视频一顿一顿的，可是在我们看来，就是连续的。,1024.733,1707208351,de0d96f7
1510932571318612736,卡顿，对于连续来说，通过对比，才有卡顿。,1026.053,1707208398,de0d96f7
1510939667150138880,细说深入,977.537,1707209244,6840d8d4
1511037968390157824,图穷匕见,773.855,1707220962,f2194801
1511107728758915584,这是波纹攻击,919.726,1707229278,ff133554
1511108334592237824,开始看不懂了,1019.318,1707229350,ff133554
1511115165905922560,我喜欢,775.271,1707230165,21836113
1511154999126838016,那如果光可以被力吸引或者退离呢。。。,810.518,1707234913,4653de3d
1511215457519212800,这个招数电影里的神婆经常用,949.238,1707242121,833e8924
1511244701272300544,法术：言出法随,847.578,1707245607,ddd5415e
1511440245227354368,时间是否存在都是个问题，讨论这个,865.197,1707268917,cb122b68
1511450399830701568,魔术大师,951.539,1707270128,c35938f7
1511467769114449152,万事不决，量子力学,1006.523,1707272198,5d76bd6e
1511492002686982912,其实是魔术而已,992.258,1707275087,1253f646
1511543661714979840,如果魔术能救一个濒死的人就好了,1003.873,1707281246,f0e5ceae
1511544817807974400,我还以为我屏幕上有蚂蚁！！！,960.27,1707281383,275bd317
1511551857225513984,？,956.623,1707282223,18d3d9b6
1511686273318952960,遇事不决 量子力学,999.821,1707298246,afd6932a
1511694476094334976,图穷匕见+1,789.081,1707299224,e7d94bb0
1511739552522725888,这不会是芭芭拉的原型吧,919.964,1707304598,68b8b69b
1511765376005291776,所以关键是理解共振的本质吗，共振为什么存在,720.256,1707307676,d3926e93
1511837427696720384,我的老师跟我们讲过很多这种，老老师懂的很多，都给我们讲，现在可能没老师知道了,969.57,1707316265,928db7c7
1511839115250015744,不是魔术，我那个老老师说，超自然跟化学物理学有关，不是假的，只是我们现在不懂,996.13,1707316466,928db7c7
1511872289778621440,"光不会被引力吸引,而是沿着空间最短的路径传播而已.所以黑洞是扰动空间而非拉扯光子",823.721,1707320421,de100637
1511937045143108608,因为观测了,1052.265,1707328140,54505dd5
1512001545351270912,众所周知宏观效应会有一个概率趋势这不就连起来了？不想卡bug也不是不可以,1026.596,1707335830,3b533936
1512232402234451712,有没有可能芭芭拉学过医学，打着巫医的旗号在实施专业手术？,996.828,1707363350,668f1692
1512476769406749184,噗，再见,981.123,1707392481,2192b47c
1512608267246103808,就象我们看动画片那样，动画片也不是连续的，只是我们觉得是连续的。,1031.334,1707408156,aaba05d6
1514049108397391616,这类魔术手法被揭秘过,954.314,1707579918,2e37a580
1514763847821686528,科学的尽头是神学,1067.514,1707665122,ec0293b2
1515115708605221120,不，相对论证明时空是变量,782.777,1707707067,9ba94f75
1515382011794174720,路西法,799.388,1707738813,8b55cc44
1516202209334213888,遇事不决量子力学,989.899,1707836588,8e9d9c30
1516399092161618688,有没有一种可能，一切只是场物质流动产生的变化,857.976,1707860058,e4ab6b8a
1516472943654308608,直到魔法揭秘开始播放,997.288,1707868862,dc228f33
1516934833941766144,主要就是，声音的能量太少了，除非是有放大器，或者类似引动雪崩一样的引子,846.614,1707923923,8384b083
1516941263289824512,说其他我还不一定熟，这个芭芭拉帕奇塔不久前我还看过揭秘,875.114,1707924690,8384b083
1519459610443232512,芭芭拉 冲鸭,875.621,1708224900,bdcd674a
1519521141822387200,法器？,863.309,1708232235,85109700
1519734356447349760,我记得有书说 唵 代表世间万物,745.784,1708257652,6e104b80
1520925161463963648,造神嘛，哪都一样,977.215,1708399607,39380461
1521520242915206656,黄帝外经到底什么内容啊,953.712,1708470547,2bc7f25d
1522305516666245888,芭芭拉冲呀！,901.502,1708564159,cfd4b043
1522600013229157888,你这个芭芭拉回复效果有点强,901.821,1708599265,afb33c7e
1523116779063697664,这就是芭芭拉原型吗,894.658,1708660869,caf65355
1523117225723492096,研究出来可是能“水”一篇论文的啊，怎么会有学者不感兴趣呢,921.75,1708660922,caf65355
1523826720631923968,所有的一切都是能量的互相干涉,868.615,1708745500,3c7337bc
1524834345603342592,遇事不决，量子力学,990.708,1708865619,2ecd090a
1525447203026720512,来困了..............,1051.074,1708938677,733e5dc3
1526071318246951680,那倒立行走是不是会活的久一点,839.812,1709013077,aec86728
1526213258074652160,就喜欢这句！,722.968,1709029998,a48a250c
1526215241627702272,芭芭拉冲鸭,932.186,1709030234,3fc86396
1528921959411564288,时空之王，命运道标,858.034,1709352900,f7ab0be
1529095836045338112,那是你念唵这类时 你的肌肉呼吸机都在随着你念这个字时有规律运动 按摩内脏,787.375,1709373628,b2446d3b
1529096324883104000,将无序混乱 通过振动变的重新有序，规律,845.558,1709373686,b2446d3b
1530200422705674496,我更倾向于时间是一把尺子 本来不存在只是为了让人类理解而造出来的工具 ,1065.539,1709505305,a5220fbb
1534711957620495616,因为思维是线性的,1034.803,1710043122,62081682
1543746423835697152,这么离谱？,910.195,1711120114,3ab4cc58
1546005639908824320,算了吧,907.089,1711389433,990cb761
1549518129745755904,苗医没病拿水,995.939,1711808155,ceb9f1ab
1551541810399105024,咒语就是用声音画符,730.627,1712049396,f686d65e
1551542719128959232,衰变，老化,838.951,1712049505,f686d65e
1562180038324307456,科学没有尽头。,1077.795,1713317572,59236c22
1577511418495228928,咒令：我，秦始皇，打钱！！！,886.446,1715145215,d59fe5b0
1578778053835180544,芭芭拉：演唱，开始！,890.933,1715296210,b897fdc1
1594020501347522304,黑客帝国,944.659,1717113251,10d4dc90
1615813523726791168,我每次睡不着就看他视频，一听就困，比安眠药管用,1041.055,1719711182,29578a32
1622577590823022080,幻影移形,1038.551,1720517521,72808daf
1639987416305571072,回调芭芭拉！,906.754,1722592934,95e48e44
1655797195032993536,湖北某个道教县的某个局长，就是被这种方式治疗的癌症，还拍了视频,957.966,1724477607,f85c634d
1682123295757073152,遇事不决，量子力学,986.771,1727615923,46c0c30d
1682123743473752832,缩地术！,1036.086,1727615976,46c0c30d
1693841864656055296,憨豆先生也干过类似的事,948.417,1729012885,76537ad9
1727377496854866432,读书时巴不得有这能力省下通勤,1036.921,1733010644,9d6fe986
1801466163009000448,高手啊,966.308,1741842701,705a891
1812420769691477504,怪不得蒙德城有个芭芭拉,992.077,1743148592,94749c01
1825597102567617536, 那光的散射呢？,816.808,1744719333,1a6d2728
1825599134908975616,电影中环节在他眼前上演，不敢想象他当时得震惊到什么程度,957.706,1744719575,1a6d2728
,,0.0,1775655591.4716349,
lb.c,,0.0,1775655591.4716349,
,,0.0,1775655591.4716349,
1510937110897690880,如果说是量子隧穿的话，概率极低，忽略不计。不如直接把射向他人的子弹，无伤遂穿到脑后。,1232.142,1707208939,de0d96f7
1510938654141682944,这难度，比空间传送还难,1249.191,1707209123,de0d96f7
1510941287778876160,言出法随？,1238.539,1707209437,520a78cf
1510960014297565440,有道理,1356.308,1707211669,73dbef55
1510973142066364672,我小时候经常混淆绿色和蓝色,1337.774,1707213234,2eb64d21
1511086203624329984,有合理解释了,1302.605,1707226712,903d032f
1511164230840225536,集体潜意识,1433.111,1707236014,4b967118
1511215250052352256,狼孩的故事如果是真的，那么鸿蒙讲座的故事岂不是真的？传道是真的,1431.28,1707242096,b789a2e2
1511218110945282304,所以自旋到底是什么意思,1100.438,1707242437,ad5cbc3e
1511255395841472512,思想烙印.  ,1347.877,1707246882,b694ac7c
1511404765434047488,这不是道家学说，这是道教学说,1156.319,1707264688,925a8e
1511431593041043200,阿赖耶识,1436.598,1707267886,cdf28e6f
1511460786487543808,本来就没有时间，,1087.225,1707271366,af3bc664
1511478139933912064,有道理,1368.836,1707273435,7a0bddcc
1511516709016718080,阿赖耶,1437.162,1707278033,3e818a27
1511533126998994176,观测物质世界必会对物质世界造成扰动，也就是互动，所以在微观世界，所有观测均是与物质互动后的结果,1368.97,1707279990,2b0a5cad
1511534374871452416,陀一定是博士后，逻辑，章节环环相扣,1206.486,1707280138,62081682
1511536152619183104,这就是地球ol的规矩呀,1351.549,1707280350,baaac14b
1511592607808412416,我们的世界是虚拟的,1141.448,1707287080,6e468b55
1511730073613624064,意识冰山，水面上的冰山看似独立，下面却连成一片？,1434.891,1707303468,ed61d4d3
1511912129274695168,其实可以吃 你喜欢的话（用过的容易产生细菌 吃进去会生病）,1339.593,1707325170,d67e1d47
1512134764138867200,这点认同，在学校考试的时候，明明我自己不紧张，题感觉也不难，但就是脑子空白，不会思考，感觉自己的意识被别人影响了,1430.906,1707351710,95936744
1512240897428290560,五蕴,1348.701,1707364363,f7efa00d
1512262604377145344,假设空间本就在你只是在这空间里放了个烟花，接着烟花充斥整个空间并不断蔓延,1169.81,1707366950,6031d481
1512505554680108288,有些所谓的证明只是为了让事情变的合理,1411.255,1707395912,f49ebad4
1513928600649548288,懂了，太上老君是量子（bushi,1170.598,1707565552,1a1281fd
1514382712004454144,神学不为用，科技为用,1247.087,1707619687,26b4c7d7
1514692285949028608,这个突然出现，也许是奇点以外的更高维世界对它产生了什么影响,1165.973,1707656591,2562f491
1514708046239426560,因为人本身就在系统中,1295.196,1707658470,2562f491
1514710233921327104,绿色也可以叫green,1337.739,1707658730,2562f491
1514711110069364736,确实,1434.603,1707658835,2562f491
1516133256528101376,石头人是吧,1438.144,1707828368,eef05dc0
1519363206387544576,时间和空间是连续的吗,1312.594,1708213408,89704736
1519643780385783040,地球不就在自旋吗,1103.687,1708246855,9c248688
1521295412676657408,？？？,1192.427,1708443745,1892977d
1521523478031927808,所以各大正教都重视语言的作用，圣经里丈夫可以否掉妻子的发愿，佛教和道教都说言语能召来福祸就是这意思,1231.27,1708470932,2bc7f25d
1522116546367880448,这可以假设并不是不教，而是教不了，或者不知道怎么把这种共振甚至说同频的展示给我们，甚至这个可以理解为天赋说的夸张点也就是超能力般是独有的，可以传承但不一定遇到差不多能遇到一个对师傅会咒语一样有天赋的,1267.781,1708541632,f4485a9e
1522694772203129600,所以世界就是像素组成的，根本不连续,1123.286,1708610561,164ded48
1522697891523916800,集体潜意识,1437.666,1708610933,164ded48
1525303812967995136,混元行意,1136.666,1708921583,48beeaa6
1526282993864606208,矩阵,1348.66,1709038311,1596239a
1526913926909220608,真言咒,1234.346,1709113524,53713d10
1529101675288482560,一段振动同样是有序的 会改变无序 同样消除混乱的应力,1321.582,1709374324,b2446d3b
1529103192561254400,认知定义牢笼,1374.684,1709374505,b2446d3b
1535828119645251840,净土宗,1225.742,1710176179,a125d774
1539225571467521536,真空中各方向的力是相同的，但是空间被扭曲之后就会出现“引力”,1127.443,1710581186,9798cac3
1544269461069150720,薛定谔的猫,1332.189,1711182465,384ddeeb
1548355340456971520,为什么打死狼,1382.359,1711669540,26c06ef
1549858698313306624,一语成谶,1237.96,1711848754,6bfe7442
1550314692902376192,像不像一个游戏的世界，从仅有一个世界到加载各种内容的样子？,1156.541,1711903113,7991c86e
1554004188055479296,少数的听到一半，发现已经一句话都听不懂了的视频，世界真神奇,1123.397,1712342935,9cd415f0
1558134519037870080,AI开机了,1178.136,1712835309,569fb314
1579252691224311808,五蕴,1355.02,1715352791,36dd6ae7
1579800639058708992,假装自己能听懂。这是咒语的一部分。,1109.409,1715418111,1d5a13e1
1592047346571685888,普通人的意识、记忆太靠不住了,1339.163,1716878033,f9c33a0
1616905396319193856,《白发魔女传》,1392.275,1719841343,22286d56
1628290035444993792,其实是不确定原理,1291.341,1721198498,e9ae1482
1641605769663529728,言灵,1230.33,1722785857,885fe8e9
1650106204409803520,信则有，不信则无，是不是也是共振，相信才可以和对方同一频率才能感受到，不相信频率不对就什么都不会发生，所以同一个方法，有的人灵，有的人不灵,1249.341,1723799188,2562f491
1661697840449405952,开控制台了,1234.173,1725181019,766e2ccb
1688364293735441664,假的？这是有记录的，还被写入了教育心理学的,1406.421,1728359907,2852ec86
1801377511042126592,时间是人道的概念,1104.052,1741832133,bd550466
1801378425123447040,人类对游戏的开发与创造，像不像天道对人类社会的创造,1212.996,1741832242,bd550466
1806733657709799424,张祥前的《统一场理论》能解释这些现像吗？,1287.425,1742470635,e9102dea
1827140962385317888,你看名字也知道，原始既是原初开始,1133.215,1744903376,1e8ae9f6
1902998389101029120,来自于经验和集体定义,1348.111,1753946285,2f11bf61
,,0.0,1775655591.4716349,
lb.c,,0.0,1775655591.4716349,
,,0.0,1775655591.4716349,
1510906544102140160,这是否能证明一定程度上证明灵魂的存在？,1624.165,1707205295,b7253f15
1510910449561168640,这部分应该是荣格的集体潜意识理论,1440.31,1707205761,1492c5f6
1510914819380157184,是不是给乌龟养大我们也能长命百岁了,1482.1,1707206282,66b8a922
1510920275179427072,比如心里说谁，谁就会打喷嚏,1749.222,1707206932,f57edb10
1510935521063628032,少了云端的算力支持,1472.716,1707208750,fc3b5a83
1510938085855267072,我用在感应外卖员是否到门口了，突然身体本能去开门,1748.476,1707209055,fc3b5a83
1510939849174349568,最新研究，意识，滞后于行为。行为是明星，意识是行为的经纪人。先做，后记录，再修改，更新下一次的行为模式，然后无限循环,1611.618,1707209265,de0d96f7
1510940204163147520,观测者效应，只能说仅供参考,1639.328,1707209308,de0d96f7
1510941203993114112,开智,1688.672,1707209427,1175e65c
1510943420246570240,这是真实的,1483.775,1707209691,fb5a2a45
1510944543003220992,开悟,1713.61,1707209825,7414f425
1510961183887348992,因无所住而生其心,1706.063,1707211809,cf105ce1
1511035621878063616,乌龟那个没法验证，因为乌龟不是哺乳类不会养小孩,1485.194,1707220682,e81cc6
1511063764844415488,高维观测者,1482.859,1707224037,3d58d951
1511111395234618368,但是谁也不敢保证动物没有意识啊？,1506.329,1707229715,ff133554
1511209499552427264,全世界觉得世界是天堂，那么世界就会变成天堂？,1481.001,1707241410,be61b0c1
1511216834996027392,双胞胎？,1610.797,1707242285,b789a2e2
1511223146534047744,古希腊掌管某某的神（doge,1550.905,1707243037,ad5cbc3e
1511223961420548352,如数家珍,1623.444,1707243134,ad5cbc3e
1511228030968900864,应该有吧，比如幸存者偏差；你只记住了说曹操就到的情况，或者父母回家的时间是规律的，你的生物钟告诉了你，使你有所防备,1746.417,1707243619,ad5cbc3e
1511477452092956160,亚空间四小贩,1570.169,1707273353,7c4f903
1511495235413645056,共业,1629.976,1707275473,e6bdc74d
1511497316744741120,上帝,1497.298,1707275721,922862d0
1511508691051051264,阿赖耶识,1441.43,1707277077,aef8af5a
1511568011436567296,阿赖耶识,1692.985,1707284148,d2e363e1
1511621789049190912,凉宫春日的忧郁,1540.488,1707290559,c396cf1d
1511623568927411456,灵能者？,1602.063,1707290771,efbe4fb1
1511631995141424640,那么反过来是不是父母到家前会觉得你在看电视,1750.205,1707291776,c0dcfb2c
1511640842572549632,余光再广也广不到背后,1785.868,1707292830,be83c184
1511687451415241984,xia我一跳,1542.529,1707298387,b82e8d5b
1511708301216445696,提到荣格的集体潜意识，那就不得不提到他在中国看到的《太乙金华宗旨》，后来又翻译回来的的《金花的秘密了》,1735.111,1707300872,9d05f18f
1511795647848672768,悟道,1725.188,1707311285,22b0b17c
1511835804467800832,因为个人意识 改变不了 集体意识,1538.777,1707316072,12d7ee3c
1511842276740092928,【黑门】个体高度独立，目标高度一致,1574.604,1707316843,12d7ee3c
1511847891394797056,喧闹的教室里突然所有人都不说话了。。。。,1765.309,1707317513,32e883ab
1511851208367988480,这不就是佛学么,1697.612,1707317908,9a409ed0
1512144308310928896,答案很显然是能,1505.483,1707352848,a7dc3a93
1512507446907027200,未来人KFK说的2048年之后,1636.84,1707396138,f49ebad4
1512542422654299648,“小我，大我，无我”,1702.041,1707400307,9c484b9d
1513849460013352192,目光这个确实神奇，我从小就可以感知到后面有人看我,1790.395,1707556118,f3c434db
1514406144062621440,人生如梦 梦就是我 我就是梦,1687.096,1707622480,552666d8
1514627335700539648,膀光,1780.411,1707648848,c4510bcb
1515381706549783040,gumayusi,1584.18,1707738776,faace91f
1516918028389108480,神圣的卡拉链接这我们,1465.03,1707921920,999e69a0
1517597278641419520,是每个意识单位都储存了集体意识 是一个同系统中可以共享的系统,1572.941,1708002893,63d7d7da
1517666500956532480,阿赖耶识,1570.555,1708011145,a9fcc626
1518446959336199936,超心理學?,1652.517,1708104183,4d77aa7c
1518686839769391872,王阳明的心外无物？,1704.751,1708132779,b80c6dd6
1519156000530225152,本自具足,1738.358,1708188707,b4116d28
1519202762028528640,还有睡觉突然自然醒，下一秒家里人会上厕所，或者谁在外面开始吵，都有提前性,1742.498,1708194281,b4b0d916
1519465296652840704,我被监控了,1455.932,1708225578,bdcd674a
1519800696000798208,erf,1760.395,1708265561,3f86f535
1520216088720532736,人能常清静天地悉皆归,1715.183,1708315079,a950714f
1520302050620088832,阿赖耶？,1443.431,1708325327,3c73699e
1520317563220260352,我和老爸闻出饺子馅咸不咸 都没尝,1758.613,1708327176,4cbb01a9
1520611966702639104,量子层面的怎么检测？,1511.223,1708362272,5b4e526d
1520612472183090176,科学的尽头是神学,1557.242,1708362332,5b4e526d
1520613854860544000,我对信息的传播方式更感兴趣,1661.023,1708362497,5b4e526d
1520614712394699264,干掉意识，请潜意识接管,1729.544,1708362599,5b4e526d
1520616434609354240,潜意识也应该有一个特定的通道,1775.277,1708362804,5b4e526d
1521527782797361408,不然你以为各大教派的教祖们都是怎么拉人头的,1516.589,1708471446,2bc7f25d
1523572044858465792,光音天,1618.639,1708715141,64dba629
1523572161124859904,光音天,1628.666,1708715154,64dba629
1523572275033640192,光音天,1634.063,1708715168,64dba629
1523572371754514432,光音天,1573.019,1708715179,64dba629
1523747023587911168,吾心自足，不假外求,1711.148,1708736000,c0cf273f
1523816576254704128,人能常清静，天地悉皆归,1699.89,1708744291,82bd86f4
1526257160668196096,宇宙这破地方对我们来说太大了，对别人来说太小了，原子不到,1551.06,1709035231,812c45be
1526916016251444480,云空间,1477.227,1709113773,53713d10
1528515952529233920,背后看我我完全能感觉到,1791.179,1709304500,e10a7d61
1529106510876402176,不是的 心无或者空时 你的身体自愈能力因为没有意识干扰 而从混乱变的重新有序,1770.288,1709374900,b2446d3b
1530376323233619712,念力,1529.842,1709526274,5ebf297f
1534718542484718592,果然还是佛学最接近宇宙真相,1723.379,1710043907,62081682
1536894454429364736,格式塔,1458.951,1710303296,82c0412c
1544845675316129792,近朱者赤近墨者黑,1611.934,1711251155,8a1c28a0
1546345570111973120,神识传音,1624.429,1711429956,4c9bc43a
1547691396486664192,生物电,1787.056,1711590391,2f361cc9
1547828874304575488,感谢尊者,1716.918,1711606780,2924f963
1548014426916315392,量子纠缠,1441.439,1711628900,166ca231
1548417538671826432,有没有一种可能 因为是狼孩天天被展览 被折磨死的喃？,1459.171,1711676954,fa755f5a
1548563003577111552,阿根廷：这我们很懂,1732.447,1711694295,c2ebb559
1548730885837164800,亚空间竟遥遥领先,1563.0,1711714308,cc4815cd
1549298721945368064,战锤P都给我出来,1606.423,1711781999,b1be4194
1550142669161201920,所以一堆人许同一个愿望有可能成功？？！,1666.191,1711882606,426ba631
1550770763064439552,荣格是看太乙金华才写出这个东西的~道家核心,1735.942,1711957480,dd2809d
1555063178428207616,结婚十年后，就变成大智之人,1706.235,1712469176,d60f4f19
1558138007037515776,大圣灵,1585.527,1712835724,569fb314
1565316480193916928,阳明心学，不符合物质世界统治,1755.958,1713691465,a097799c
1578482733217387008,也许宇宙就是一台计算机,1495.132,1715261005,6a93eb7d
1579057566506747136,亚空间灵能,1573.999,1715329530,efbe4fb1
1579058387558354176,放个屏蔽灵能的设备就感应不到了,1631.979,1715329628,efbe4fb1
1579254921771946496,佛陀,1546.46,1715353057,36dd6ae7
1579256023708093184,心有灵犀一点通,1608.875,1715353188,36dd6ae7
1592049700339921920,看我用闪电光速拳打破这一切,1571.994,1716878313,f9c33a0
1612321553985591552,《黑科技》,1629.812,1719294906,a219ff4e
1625968406040107520,古希腊掌管意识,1554.605,1720921738,3d151d8e
1649055077350368768,给你个眼神，你理解一下,1636.409,1723673884,5aaf2537
1652352658549466368,灵觉,1641.621,1724066986,a16cb467
1661107407721556480,脑波可以散发，我之前在一次小区跑步的时候，想起了一首歌，但是我只开始发出一个音节，走在前面的人突然开始唱那个歌词了。,1604.769,1725110633,5d2d3a9
1682127693300132352,一直观测不累吗,1483.673,1727616447,46c0c30d
1701599915598113024,什么？个人意识？人从出生就在被环境塑造所谓个人意识大多只是环境结合以及自身思考的结果,1504.402,1729937717,dedb02ff
1701603790564615424,说的有理,1704.659,1729938178,dedb02ff
1783338091067602176,被重力束缚的灵魂,1524.8,1739681666,2c44889a
1783338729121912064,量子纠缠,1596.358,1739681742,2c44889a
1783339428169745152,元气弹,1675.578,1739681826,2c44889a
1786974265653554176,影响别人心理学上可以轻易做到,1504.76,1740115132,5486f4a0
1786975214421919232,心理学上一个人可以轻易做到影响别人，那么扩大一下，理论上可以影响世界，甚至物质不是不可以的！,1526.38,1740115245,5486f4a0
1786976220400488960,一个北海岸的猴子学会了用棍子，南海岸的猴子不久也会了用棍子,1592.42,1740115365,5486f4a0
1916143344204589824,进击的巨人是吧？,1622.518,1755513286,a8280c73
,,0.0,1775655591.4716349,
lb.c,,0.0,1775655591.4716349,
,,0.0,1775655591.4716349,
1510907383742748672,跑得很快，求生意识很强,1859.8,1707205395,b7253f15
1510918903147094528,他修炼了《太乙金华宗旨》,2023.924,1707206769,7de28024
1510991378388436224,借鉴了太乙金华宗旨,1837.888,1707215408,294d453
1511005315775364096,哈哈哈,1963.285,1707217070,927717c4
1511014668888519424,上帝之手,1918.028,1707218185,ca822b25
1511166440768539136,这个棋盘不对,2072.106,1707236277,4653de3d
1511371598396001024,有没有可能是来自DNA,1950.402,1707260734,7fac09c3
1511483614431370496,牛逼,2021.509,1707274087,7a0bddcc
1511485013181729024,如今的奇怪现象就是没有没有了封建迷信，而破除封建迷信的虽然不是科学，但是科学却已经快成为过去的封建迷信了，我们想看到一件事的源头的时候，就会可以加上所谓的科学,2130.976,1707274254,af3bc664
1511504705279391232,金花的秘密,1815.389,1707276602,a98acdbb
1511512530986694912,人活着就是为了结婚生子买楼买车,1866.718,1707277534,aef8af5a
1511559259358233600,是的,2055.246,1707283105,b98c9fb3
1511559430016283904,不是的,2075.589,1707283125,b98c9fb3
1511559759764321792,言的流,2114.893,1707283165,b98c9fb3
1511559948726130432,演的流音的体,2137.413,1707283187,b98c9fb3
1511560084688445696,言的流音的体,2153.621,1707283203,b98c9fb3
1511565634423857408,分不清~,1884.517,1707283865,933259ff
1511602383002993408,《周公解梦》,2037.176,1707288246,6ff793a8
1511624784738764544,某些时候也是知识水平决定的，夏虫不可语冰,2085.835,1707290916,50d5c8b
1511646783602726912,夏虫不可语冰是认知层面上的,2089.501,1707293539,be83c184
1511686028237673472,金花的秘密+1,1819.319,1707298217,a061f1a1
1512226107229853696,我认为，由于身体硬件相差不大，当思想到某一个峰值的时候，有可能会触发身体的某种开关，而引发现象,1877.869,1707362599,4000cde6
1512227452569843712,基因,1912.019,1707362760,4000cde6
1512227704295081216,基因希望存活、和延续的意志,1890.303,1707362790,4000cde6
1512236336088623360,或许曾经真的有魔法，因为人们认为世界上有魔法，现在没有魔法，是因为人们认为世界是科学的,2100.762,1707363819,4000cde6
1512239475148106496,人体，很奇妙吧！,2126.422,1707364193,27b83167
1512239655066593024,可是我在梦里是可以飞翔的,1994.485,1707364214,265b6271
1512362316396920064,好多次做梦都在飞，有时候觉得就算现实都能飞了,2001.879,1707378837,4220556d
1512364029216148480,其实有关联的,2134.299,1707379041,4220556d
1512480029035323904,鬼故事：进度条,1986.306,1707392869,65c077b4
1512511491256164608,就像那个著名的死囚实验，蒙上死囚的眼睛，在胳膊上滴水，但是告诉他是把手腕割破了，最后死囚死了,1998.61,1707396620,f49ebad4
1512758448813970688,……左和右的A和A以及左和右的B和B比较吗——相同,2073.468,1707426059,eb3ee6e6
1512924223243730432,说不同的吧图片保存下来吸取颜色画线就知道了,2080.35,1707445821,699e6f85
1514001847558388224,可我几乎记不得梦里的情形，甚至醒了后忘的很快,2013.071,1707574284,92e7c78e
1514629060230230784,共食性,1922.803,1707649054,c4510bcb
1515208208879558912,太乙金华宗旨,1820.396,1707718094,2562f491
1516831083335831808,曼德拉效应就是意识改变世界的例子,2115.96,1707911555,a0af2f4
1517339590636122880,一个人有个人意识，在群体中个体无意识,1856.843,1707972174,16f2bbca
1517340428742268160,基因表达的侵略和修改……,1922.122,1707972274,16f2bbca
1518340789556555008,这图不是著名的假图吗？,2076.051,1708091526,7bc7e17c
1518977214304181504,我用卫生纸遮住，亮度也是明显不同,2076.376,1708167394,7b4973e9
1519556650824935168,sOx的时候,1849.993,1708236468,bde99489
1519704264153583360,根本就不一样,1987.828,1708254065,c4176682
1519724956970561024,庄生晓梦迷蝴蝶,2000.801,1708256532,71375078
1520496850229345536,"我怎么彷佛听到哀乐的声音,,,",1958.693,1708348549,8d4759ff
1520618504934856704,你牛逼,1956.753,1708363051,5b4e526d
1520621387814055936,意识可以改变世界，方法、强度、时间,2113.674,1708363395,5b4e526d
1521535987929572352,乌合之众也说过这个事儿吧,1846.43,1708472424,2bc7f25d
1521537440450462976,一般来说治疗这种病的话求助巫医的多，以及，很多都是能量附体啥的就很能说明问题，总归是业力，负面能量集中在某几个人身上以之为祭品的话，守村人啥的就出现了,1900.246,1708472597,2bc7f25d
1521538643486181120,宗教里对梦境的解释更加合理而且能找到和现实显化的对应的特别多,1982.965,1708472740,2bc7f25d
1522429998416676096,我看过,2027.856,1708578998,1a2551f2
1522430086144580096,红叔，我是真的没有懂他的逻辑在哪里，因为确实讲了很多他的梦境，特别是二战的时候,2029.696,1708579008,1a2551f2
1522449276075153152,涂尔干的集体欢腾,1849.819,1708581296,2268529f
1522702111547525632,阿努纳奇,1914.388,1708611436,164ded48
1523066636838878720,《世界是一个巨大的人类补完计划》,1884.829,1708654891,ded02f3a
1524532962606070784,通过对比RGB发现，AB两点颜色是有明显差异的,2073.796,1708829691,22aa0f2b
1526036773640537600,人的动物性，也就是深层次潜意识占了肉体主导地位。人类受的教育是未了压制原始伤害性欲望，所以人性本恶？,1906.67,1709008959,5990b651
1526309394483435520,意识在我看来最大的作用是编码，而对我们行为做出决定的是潜意识，所以，我是意识在编码的时候形成的虚幻概念,1804.446,1709041458,f635abf2
1529108745760615680,中医精神病患烦躁的 是有身体热,2036.695,1709375167,b2446d3b
1529109335303665664,黑客的信息病毒会让硬件过载烧掉,2107.015,1709375237,b2446d3b
1530381264878675712,盗梦空间?,2050.537,1709526863,5ebf297f
1530381665493414912,"以前的日心说,地心说",2098.366,1709526911,5ebf297f
1534719463906337280,荣格就是星际宝宝,1822.664,1710044016,62081682
1539231689010641152,我们班级基本上看一眼就知道对方的情绪，而且，有时候我前桌甚至知道我在想什么,1801.193,1710581916,9798cac3
1539233523800655616,那是你要长高了,1999.187,1710582134,9798cac3
1543386100599866880,曼德拉效应,2122.645,1711077160,7b1896f7
1565315906044132608,佛学和道家比，差几个境界,1809.015,1713691397,a097799c
1573349828916924160,他有修炼,2032.259,1714649115,336113a1
1573350443558662912,太极,2102.099,1714649188,336113a1
1578361954559677440,有人尝试过AI解梦没？很有意思,2041.123,1715246607,d607362e
1590228868223436800,意识水平这词说的妙啊,2088.428,1716661253,32e70d68
1600658511925350656,我听懂了他在说什么。他说的没错,2052.81,1717904564,3080c9a7
1602239587080851712,看了东方的书 吕洞宾,1832.756,1718093042,69bea4b0
1624819953872344064,靠，颜色居然真的想通，具体看评论区,2075.46,1720784832,fe252aac
1649059446992731392,意识是不是种能量,2157.324,1723674405,5aaf2537
1657206902897253376,左右图不一样啊,2071.912,1724645657,bb2b695c
1786980775188154112,这点承认，多层意识观测的结果，总结的很好,2103.861,1740115908,5486f4a0
,,0.0,1775655591.4716349,
lb.c,,0.0,1775655591.4716349,
,,0.0,1775655591.4716349,
1510911112671956992,我们过于相信科学，认为他是真理了。这是否是一种固步自封？,2425.662,1707205840,b7253f15
1511043103258296832,免疫系统：啊对对对,2316.231,1707221574,2ab2c67e
1511044392453046528,从青城山下来的老中医让我感受到真实的炁,2355.993,1707221728,b35f19a4
1511116286984442880,不是抵抗力吗？,2322.185,1707230298,ff133554
1511235917728701440,←宗教神学等被认为与科学相对立的学科现在也被认为是人们对于无法用科学解释的现象的自我安慰,2429.827,1707244560,ad5cbc3e
1511272775527040768,好的中医实在太少 遇到是福气,2364.25,1707248953,dfbee101
1511487267166930432,针灸,2457.037,1707274523,7a0bddcc
1511488226815205888,最可怕的就是如今，已经脱离了所谓的封建迷信，可是我们脱离的真的是封建迷信吗，而且如今证明任何事情的时候一定要加一些有关科学的东西，这也是一种对科学的过度迷信吧,2424.626,1707274637,af3bc664
1511490249644360192,西医和中医还真不是有关联，这点我不认同，中医和西医文化上就是相反的，中医和西医不在一个维度上，一个年轻人发现了老者走过的路，你能硬说他们是有关联的吗，西方文化的弊端,2473.872,1707274878,af3bc664
1511491297306146304,在治疗过程之后，人开始认为自己会好起来？,2422.389,1707275003,85a4eac4
1511516174092251392,然而恰恰相反,2214.264,1707277969,aef8af5a
1511531146054523648,是的，上学的时候胃痉挛，当时生物老师，就用力掐我虎口，一点点的缓解了,2472.447,1707279754,2a157ba2
1511540666142896896,针灸：我TM来了,2449.592,1707280888,ac9066d7
1511560550700850688,是普洱的味我这,2209.157,1707283259,b98c9fb3
1511561083603974144,表象是化学的，本质是物理的。其实整体上化学是物理的宏观而已。,2394.803,1707283322,dc8b0e4a
1511562175272190720,是电脑制作的,2402.846,1707283453,b98c9fb3
1511562415010359808,电的载言的流音的体,2431.439,1707283481,b98c9fb3
1511616696140648192,有没有一种可能，人的思维就是高维生物思维在三维世界的投射,2233.578,1707289952,51f3e284
1511629591763218432,《金花的秘密》,2198.031,1707291489,50d5c8b
1511713660849069824,卧槽,2252.769,1707301511,9d05f18f
1511845184265346816,任何的任何，所有的所有，尽头都是易经。,2400.141,1707317190,2cb16c2f
1511848725457576960,每个个体意识都是高维意识的神经突触？,2239.216,1707317612,12d7ee3c
1512021031039366400,每一个字都看得懂，句意也知道但是深度不够就会产生一些别人一看就知道是错误的猜想,2435.828,1707338152,3b533936
1512219504078473472,S于新冠？,2246.511,1707361812,ad11dac3
1512243732911897088,个体影响主体，主体影响个体,2501.573,1707364701,4000cde6
1512397767090551040,中医里没有癌症这个概念并不是说不能这就能解释断肢者为什么还能感觉到到失去肢体的疼痛,2427.562,1707383063,5a4a6244
1512442956387476992,寡人二刷,2469.849,1707388450,85d43060
1512444733740298496,抵抗力，是个比较抽象的概念；你心情不好的时候，抵抗力就会差些……,2329.185,1707388662,ae0ac0c3
1512515443531734272,在圣经里有一些奇妙的描述，用身体必须人，用人必须身体。与这段类似,2500.145,1707397091,74b8ee47
1512549070609536000,针灸,2458.17,1707401100,9c484b9d
1512896328530001152,缓解没有用，不满意，要治愈。因为可能欺骗身体,2509.863,1707442496,1c12d50
1514036594607452672,不太正确，人的思维本身拥有更高维度，只是身体在目前空间最高只能是三维,2237.494,1707578426,4f1113dd
1514062225051420928,心理健康与身体健康确实关联很深,2304.737,1707581482,2e37a580
1515215889161593600,有听过得了癌症然后全世界旅游最后癌症反而痊愈的例子，也许就是脱离了致癌环境加上好的精神状态的结果,2221.041,1707719009,2562f491
1515795323803729664,这个真实体验，真的是这样,2292.632,1707788083,776bda24
1516057247812173568,经脉,2467.808,1707819307,82e8dd71
1516098734025386240,难道不是靠免疫系统吗,2217.268,1707824252,57df44d5
1516612670131155712,其实西医也有很玄的东西，比如免疫力，什么时候叫免疫力好，根本没有具体的概念,2352.269,1707885518,6697a20f
1516991386145065216,高维世界的VR游戏,2242.624,1707930665,48d70840
1517344831318743040,用人参、黄芪,2224.338,1707972799,16f2bbca
1517347802605385216,精神意识=软件信息，身体物质=下载3D打印,2410.515,1707973153,16f2bbca
1517582444402952449,卧槽，这就是天赋异禀,2209.346,1708001125,88fbb66
1518174427320574720,不是西医是现代医学,2493.541,1708071694,3c60f134
1519730201108750592,科学是方法，为何要不相信呢？,2430.059,1708257157,71375078
1520622084756373248,他修炼了,2190.139,1708363478,5b4e526d
1520623330330361344,自己！有个外国医生实验过，靠强烈的心理暗示治好了牛皮癣,2265.456,1708363626,5b4e526d
1520908359560115456,气伤则痛，形伤则肿。气比血先行六寸。,2463.567,1708397605,a0cafc8b
1520963744061128704,前面那个，火子哥直呼内行,2236.008,1708404207,80f2eb12
1520976130982018816,迷迷糊糊的是玄学 不解的神学 懂得科学,2164.245,1708405683,6c47009f
1521541107815769088,这算啥异端啊，打坐在基督教里又不是没有，很少有人修到那么深而已,2197.052,1708473034,2bc7f25d
1521544602920772096,万一西医本来继承的是黄帝外径那乐子就大了，岐伯万一就是那个希波克拉底岂不更可怕，很好奇当年恩基作为蛇族老大到底传了什么功法和理论下来,2474.618,1708473451,2bc7f25d
1523114759841384448,先生大义,2220.415,1708660628,db9cfae7
1523126538688596992,橙汁还是纯水,2313.98,1708662032,caf65355
1523127209450338816,地上对应马斯洛需求前两层，天对应后三层,2330.991,1708662112,caf65355
1525636257588286464,按摩！！！！,2448.508,1708961214,c53b682b
1528241822726842368,信念生物学,2263.622,1709271821,67438bf5
1529109935458407680,因为不到的时候没惊喜 你记不住 只有曹操到了 有惊喜 你记住了,2178.542,1709375309,b2446d3b
1529110732233364480,你意识紧张了 身体一系列物理化学反应 给你留下了太多应力,2273.522,1709375404,b2446d3b
1529112483883823616,但你的意识会干扰这种修复运动 天长日久 应力积累 你修复不了,2482.358,1709375612,b2446d3b
1534725077554193920,疗愈我们的，永远是自己的内在,2271.099,1710044686,62081682
1539356874623708928,睡的好，第二天精神抖擞心情自然就好，所以认为自己健康，重点在开心快乐,2335.221,1710596839,bfc60bba
1548194627050484736,那这个流行性病毒怎么解释呢,2357.649,1711650381,1d7ce053
1548737409313900288,针灸和点穴！,2457.962,1711715086,cc4815cd
1548993516074816768,针灸穴位？,2464.159,1711745616,6a29f185
1550050407584231168,把他理解成状态就行了，科学也是一种状态。,2376.561,1711871607,ccb411bd
1551006195068880640,我曾把气壁离体外，，还发出了影响世界的声音噗噗,2375.778,1711985546,f522bbb6
1555121621273371136,因为电的手疼,2473.939,1712476143,ea11837c
1565496225019493120,西医无法治疗检测不出原因的病症，但中医却能从不同角度解释并治愈,2218.107,1713712892,db9fdcf0
1571601289748546816,分形，局部是整体和自己的可变参数，万花筒,2504.482,1714440673,21037bc0
1573351739003034624,爽,2252.579,1714649343,336113a1
1573352303841283328,三魂七魄,2315.899,1714649410,336113a1
1573352830830809344,穴位,2374.619,1714649473,336113a1
1573353742068092672,任督二脉,2456.859,1714649581,336113a1
1578362787087190528,天魔入侵意识,2212.663,1715246706,d607362e
1579291454101486848,吸引力法则,2176.759,1715357412,ee107ec5
1580492236670840064,针灸,2507.608,1715500556,cfe44174
1582387350733290240,nonono，是玄学,2264.528,1715726471,19d5eff4
1590230282005697024,描述的很准确啊,2206.25,1716661422,32e70d68
1590232687867065344,这类人的意识程度较高,2296.406,1716661708,32e70d68
1590234558584909056,针灸的原理,2452.39,1716661931,32e70d68
1605835904344478464,足疗必须入医保,2518.927,1718521757,9969ad27
1626647873456418816,双系统是吧,2310.978,1721002737,8dd59655
1629547859357964288,在陕西上学时，跑遍各大医院一年都治不好的过敏，被一个小镇的中医14副中药治好了,2341.119,1721348442,29760c94
1650116862052451072,先天体质差,2285.144,1723800458,2562f491
1650261338385420800,阿赖耶识,2391.787,1723817681,a2dbbf2a
1682133631210146048,？？,2169.502,1727617155,46c0c30d
1682136044864119808,……这个所谓“先兆”用中医更好解释,2414.885,1727617442,46c0c30d
1784896564435635712,手术治不了疾病，只是切掉病坏的组织，最终战胜疾病还是靠自身免疫力,2269.278,1739867451,9cb0fde9
1786987271728803072,为什么那么多人总认为一切理所当然呢？你身体有问题，你第一想法是啥？,2446.361,1740116683,5486f4a0
1830415254694682880,这个就像很多人挠痒痒明明挠左手结果连带着身上一个地方也痒痒,2511.665,1745293702,16af4bf5
1862541813677282816,真相：活得百岁以上的人体内不是没有癌症，而是没有去过度处理，或者根本不知道。,2259.253,1749123486,fa202f09
1903035108337248768,嗯嗯，所以说科学一点是优于玄学的，所谓玄学，就是你没办法证明真，所谓科学是你要想办法证伪。恕我无才，看不出孰高孰低。,2433.468,1753950663,bd550466
,,0.0,1775655591.4716349,
lb.c,,0.0,1775655591.4716349,
,,0.0,1775655591.4716349,
1510952832432415488,经络,2577.363,1707210813,da322836
1510991273237134336,此处需要二舅,2787.883,1707215396,e61716b0
1511219917113070592,逐渐忘记标题,2540.273,1707242652,cd48e03d
1511241564939450880,也有观点认为量子坍缩是应为受到了外界的干扰，干扰源和意识没关系，比如一个光子,2647.722,1707245233,ad5cbc3e
1511250899723715072,质的变幻,2604.981,1707246346,99d607ef
1511251694502139648,有时候分不清是意识还是欲望或是意志,2699.741,1707246440,99d607ef
1511252858329573632,锻刀赛，奥德彪,2838.509,1707246579,99d607ef
1511489279375808768,集体潜意识是不是就是宗教里面的神,2696.952,1707274763,7a0bddcc
1511539839638453248,问题是双缝实验并不是意识干涉物质，只是对应的观测行为导致了结果不同，就像人眼观测万物只是万物把光反射进人眼而已,2598.026,1707280790,2b0a5cad
1511543098244037120,内观,2829.376,1707281178,2bd59f90
1511563184681708288,是承合,2523.182,1707283573,b98c9fb3
1511573785415964416,心理作用确实在起作用....现有科学体系认知下，确实离谱了,2616.921,1707284837,933259ff
1511574982160060416,看到这想起了我朋友总说的“有些东西的意思，只有在特定的语言下，才能不变形的完整表达出来，翻译成别的语言，就不是原本的东西了”，虽然他调侃的是网络河蟹,2683.356,1707284979,933259ff
1511633916526979840,进击的巨人-路,2675.093,1707292005,50d5c8b
1511780150743128320,催化剂是参与反应的,2548.702,1707309437,1eda1f81
1511852761502107648,这里可能指：被屠宰分割后的牛肉块的肌肉还能正常颤动,2847.467,1707318093,16cebda2
1512029021372691200,低于标准线的拉上去高于标准线的误导下去结局早已注定,2860.137,1707339105,3b533936
1512214670243791360,炼神返虚、,2769.67,1707361236,749823ac
1512214775856221440,炼虚合道,2782.265,1707361249,749823ac
1512247837205778176,或许养生主本来就是一个词，他有一个单独的意思,2728.225,1707365190,4000cde6
1512265698607546368,都对，文言文言简意赅,2710.272,1707367319,6df0c1d6
1512897040949031168,假说不能验证，就有点伪科学了,2559.982,1707442581,1c12d50
1512988025402061568,“名可名，非恒名”,2630.507,1707453427,bf7bf192
1514006800888858368,经脉,2527.311,1707574875,92e7c78e
1514008915740832768,催化剂很多种类的，有参与后还原型的，也有不参反应与只影响的,2559.507,1707575127,92e7c78e
1514065585376442880,不是推向玄学，而是曾经以为是玄学的现象有了能以科学理解的可能,2635.15,1707581882,2e37a580
1514637225634528256,庖丁·：舍不得刀,2834.589,1707650027,c4510bcb
1514643111123638016,维特斯根坦：语言的边界...,2698.257,1707650729,608c8027
1515917648968501760,玄之又玄众妙之门,2657.089,1707802665,38e0cfa7
1517587125145587968,要是长期催眠自己会怎么样,2725.298,1708001683,88fbb66
1517675852157326336,读金刚经,2672.59,1708012260,a9fcc626
1519780859342057216,感受到过，甚至知道是什么。但是害怕接触。,2665.365,1708263196,58acec7
1520469782808481536,道可道非常道,2629.481,1708345322,d762be28
1520627791895512064,我更赞同三个分开,2718.688,1708364158,5b4e526d
1521023430105978880,哈哈哈，前面的,2563.92,1708411322,b553b98a
1521547084388373504,克苏鲁了起来,2745.87,1708473746,2bc7f25d
1522708604589951232,是哪个意识在观测,2595.771,1708612210,164ded48
1523734953245245696,哈哈前面的，你是真信教科书上说的呀，参与反应本身就存在问题，能量一定会变的，也就是量,2552.856,1708734561,d8b5495b
1524372883437014528,人体有按钮，按下去就能触发某种联动,2562.916,1708810608,3e145f2f
1527738967150391040,性命双修,2796.143,1709211876,70a57111
1529115662369318912,都是要么一念正确的引起于正确的道路上让身体有序 要么就是无思像睡觉一样,2861.229,1709375991,b2446d3b
1530385645233783040,还有物理学,2572.795,1709527385,5ebf297f
1530387079006374400,练气,2743.662,1709527556,5ebf297f
1530388143193323264,"蚯蚓,壁虎断尾求生",2870.574,1709527683,5ebf297f
1532534714815294208,所有宗教的最高层都完整的说明了只是你不懂,2675.576,1709783574,a5469906
1534890321371221248,催化剂就是相信的力量,2561.12,1710064384,62081682
1547839603913129984,汉尼拔：庖丁解人？,2866.091,1711608059,2924f963
1565343465338884096,我悟了！随心所欲！想睡就睡，不行起床就不起床！工作爱谁干谁干，老子不爽，啥也不干,2865.521,1713694682,a097799c
1572567091251712256,养生=主；逍遥=游,2769.161,1714555805,372c8582
1590239059560099584,名可名，非恒名也,2630.965,1716662468,32e70d68
1590239493980714240,人的天赋差异,2665.61,1716662520,32e70d68
1590240603575560448,易经中的物极必反,2765.451,1716662652,32e70d68
1592060581706304768,啊，这个真没想到，有实证吗？,2560.711,1716879610,f9c33a0
1592061687744197376,大家好，我是新生代科玄家,2643.455,1716879742,f9c33a0
1594314014312289536,黄帝内经,2534.97,1717148240,10d4dc90
1616707099876686080,文惠君：解压短视频——庖丁解牛,2805.71,1719817704,67bcbd29
1626675886122125312,又回来了,2591.958,1721006076,5633d2a9
1631438955083855104,突然想起标题,2585.702,1721573878,21c7b3eb
1651791865642563072,有谁知道现在的背景音乐是什么吗？求求告诉我。,2643.134,1724000134,5f181478
1651794047494518272,AI识片酱,2699.113,1724000394,5f181478
1786991413704718848,分不清欲望意识的，修炼就是种方法,2714.281,1740117176,5486f4a0
1831179479373324544,早期解压小视频,2816.9,1745384804,b710be43
1831457109842711808,学音乐的人有体会，学音乐之前都是完整的听歌，学完以后现在都会无意中注意各个声部，很难完整的听了,2843.746,1745417900,dfe4b0fd
1862545145472995072,意识是其中一部分原因吧,2613.311,1749123883,fa202f09
2024269125094457856,我觉得是倒过来读,2729.341,1768402884,69b55d6
,,0.0,1775655591.4716349,
lb.c,,0.0,1775655591.4716349,
,,0.0,1775655591.4716349,
1510957622461777920,天魂,3128.676,1707211384,da322836
1511218571445973248,一个人不行的 量变才能引起质变,3198.341,1707242492,d42c8ad
1511230160643446528,阿卡西记录呗~,3238.541,1707243873,cd48e03d
1511530686627303424,NPC的集体AI啊,3237.649,1707279699,f170be36
1511568884010922240,是梦与愿望,3125.115,1707284252,b98c9fb3
1511570884618528512,是通灵的梦境,3206.23,1707284491,b98c9fb3
1511822907737834496,庄子：原来我时这么想的啊！,3134.221,1707314534,bda1f123
1512251072759342080,突然失去或者将情感带入了,3070.429,1707365576,4000cde6
1512252022500783360,灵光一闪，突然想到,3150.493,1707365689,4000cde6
1512252635288549376,其实是循序渐进，早有征兆，但大多数人无法察觉,3191.345,1707365762,4000cde6
1512253239452826112,那之前的猴子们为什么会开始蘸着海水吃呢,3230.319,1707365834,4000cde6
1512774213281604608,卧槽。混沌理论系统！！！！,3153.81,1707427939,8ed0c3de
1514016509931098624,你猜第一个发现螃蟹能吃的，到底怎么发现的？猴子又不傻,3209.326,1707576032,92e7c78e
1514073298105808384,迷因，或者说信息木马,3180.678,1707582802,2e37a580
1514583535271749888,第一只猴子受到启发后并做出的行动，是对猴子这个集体意识里编入了规则，从而改变了集体,3218.418,1707643627,c665640
1514639174123334656,自性,3026.532,1707650259,c4510bcb
1514640437590583296,更高的维度,3120.485,1707650410,81689b77
1514641035211329792,猴子阿卡西,3230.978,1707650481,c4510bcb
1514698547189152000,这里已经看不懂了。。。,2926.085,1707657337,9ffb6953
1514744780003978496,到这里就已经是我的认知极限了,2941.535,1707662849,9dd3ff7c
1514824981765295104,这BGM,2972.822,1707672409,e2780229
1515242570916536832,之前的是跟科学家学的,3233.369,1707722190,2562f491
1516890290877783552,火之意志,3111.925,1707918613,88702550
1518665084443254784,哎呦，不听了bgm太诡异,3049.544,1708130185,be292ef8
1518807268521512192,相信后人的智慧,3102.257,1708147135,f9adf723
1520316968576921600,应该是王浩，,3176.635,1708327105,3c73699e
1522419705653141504,形神俱秒，与道合真,3022.407,1708577771,be610f50
1523014509801892096,集体潜意识,3111.359,1708648677,1d21615c
1525945910948258816,传火,3093.569,1708998127,d2dd72c0
1526325358331251200,这里的理解就是形是个容器，而神就是被这个容器盛着的,2938.91,1709043361,f635abf2
1527744800521370112,薪火相传,3096.725,1709212572,70a57111
1527758035026471424,神能入石，神能飞形,2920.882,1709214149,62568114
1528889413248482048,传火黑魂,3116.323,1709349020,6f32af52
1530108341492489472,好困啊,3034.209,1709494328,5804464b
1534893210164506624,超体,2897.908,1710064729,62081682
1537580659072350720,想听妖怪篇,3181.802,1710385097,91e0a9c8
1544285120998244864,蝴蝶效应,3176.236,1711184332,384ddeeb
1544357386121272832,不会是共同意识吧,3095.67,1711192946,5783e517
1575480378784163840,信上帝,3134.598,1714903096,a388be22
1579708203527511552,问法官啊,3179.339,1715407092,36b4895d
1579948250130296320,精神,3090.485,1715435708,9b4ce596
1581621475461416704,这种背景音是什么，太喜欢了,3108.623,1715635172,de41b98e
1592064944445303808,你这CPU架构该优化了,2936.602,1716880130,f9c33a0
1592066053209484544,你也许不能创造自己，但至少可以改造自己，能不能创造也不一定,2998.077,1716880263,f9c33a0
1592067141253920768,我在乎的这一个失去了，我还不能难过？,3084.918,1716880392,f9c33a0
1596308833918038528,我还是会扶的,3164.151,1717386041,50e7d22
1606223054693128192,胖猫,3160.501,1718567909,daf8c946
1623418737971474432,昆山龙哥,3189.659,1720617794,db4ca287
1631442855685806336,大圣灵,3123.419,1721574343,21c7b3eb
1786995063336434432,如果潜意识是真的，那么人类身体的共生微观生物的集体潜意识是不是就是人类意识的温床？,3025.581,1740117611,5486f4a0
1806748969587135744,陀，你不是一个合格的科学家，但是，你是一个好心理医生！！！！,3076.512,1742472461,e9102dea
1916164431202230528,进击的巨人。,3222.153,1755515800,a8280c73
,,0.0,1775655591.4716349,
lb.c,,0.0,1775655591.4716349,
,,0.0,1775655591.4716349,
1510971530572945408,病毒也是,3260.161,1707213042,68adfe97
1510983347998903808,所以为什么说公众人物说话和行为是有影响力的。。,3271.184,1707214451,5344860d
1511047425832659456,虚空终端,3240.373,1707222090,8327211f
1511152281444385536,这个进度条够带劲,3267.0,1707234589,c82172ab
1511578410852420352,吃过,3323.709,1707285388,b98c9fb3
1511680385774603008,呜呜呜呜呜,3381.092,1707297544,350b71bd
1511864251613163520,好赞！！！已三连！！,3375.957,1707319463,a151a368
1511912731333112064,尼古拉特斯拉,3242.059,1707325242,e77b4efc
1512209128251316224,国之大事，唯戎唯祭,3343.927,1707360575,3d3ac38c
1512361484406102784,我说：看过这个视频的人都很快财富自由,3374.202,1707378738,c811e88f
1512905877231943168,如果可以，我请求我父亲的病症可以通过中医治好，不需要手术化疗,3385.38,1707443634,96c0ea62
1514017550168926720,这个叫榜样~,3263.867,1707576156,92e7c78e
1514052802664623104,巨人里也是这麽说的,3250.246,1707580358,8b405922
1514074494271267840,榜样,3250.657,1707582944,2e37a580
1514426217699705088,"随众生心,应所知量,循业发现",3338.047,1707624873,552666d8
1514467136347857152,传播学,3252.723,1707629751,fdae21aa
1514585089571321600,本质如up所讲，表观来看，是个体与其他体的互相影响,3257.288,1707643812,c665640
1514586357778151424,意识能向上编辑规则，从而让其他个体受到影响。,3375.288,1707643963,c665640
1515244400329096192,终于回到标题,3352.533,1707722408,2562f491
1515245365908168192,会，我赞美一个人，对方就会开心,3371.569,1707722523,2562f491
1515327875191339520,每个生物，即使不是生物也都有自己的编码程序，找到合适的接口，输入各种形式的命令就会产生各种光怪陆离的结果。。。,3381.143,1707732359,1ffbc1b5
1515820269367795712,言出法随,3371.896,1707791057,776bda24
1516768920881824512,我很有钱我会很有钱,3387.47,1707904145,70fd3c54
1516954469592933632,但是呢，很可惜，天地不仁以万物为刍狗，物质宇宙也不会因人的想法而转动,3336.001,1707926264,8384b083
1517633712840660224,真的已经三连了，你已经言出法随了,3390.09,1708007236,1733fcea
1518174832104131072,闭口禅开口定乾坤,3371.615,1708071743,8efd754e
1522714113464572160,阿卡西记录,3252.427,1708612867,164ded48
1522755371783948800,相信相信的力量,3370.14,1708617786,e361d6e7
1523774884663086848,不是八级大狂风吗？,3328.519,1708739321,66fc55c1
1525948176568456704,其实我也觉得我能影响天气,3349.825,1708998398,d2dd72c0
1526329365493732096,拉马努金,3246.818,1709043839,f635abf2
1527761067525454080,君子之德风，小人之德草,3264.903,1709214511,62568114
1528252348273969408,←前面发这个弹幕的，回旋镖在等着你,3334.468,1709273076,67438bf5
1528302863489519616,董仲舒的天人感应。。。,3335.263,1709279098,eb692ff6
1529666599341484032,岛上没有番薯，科学家带的,3240.346,1709441668,3c7337bc
1529668256988820992,首先得找到输入代码的入口,3366.077,1709441866,3c7337bc
1531277046981185792,原神，拯救世界,3377.201,1709633648,7039cd78
1532749734215975936,能影响天气？那不是萧敬腾吗？,3335.762,1709809206,a48a250c
1548578720279697920,关键小人物,3375.09,1711696169,c2ebb559
1561767342860648960,上传到云平台了，全人类的意识都在训练同一个AI模型,3240.735,1713268375,43544b2e
1579709736914476800,人定胜天,3362.094,1715407275,36b4895d
1592069102250627584,反正预知梦我确实做过,3243.288,1716880626,f9c33a0
1592069806364986880,罪己诏？,3318.523,1716880710,f9c33a0
1592070266757056768,所以萧雨神是怎么影响天气的？,3344.159,1716880765,f9c33a0
1606399670735766016,同样适用于所有宗教、政治,3277.292,1718588963,726a651a
1608730598024060416,终于绕回来了，哈哈づ♡ど,3350.983,1718866831,92bbae6d
1837860283956193536,刚开始说什么来着？咒语,3369.517,1746181218,eb39c167
1862551286277790976,媒体,3273.964,1749124615,fa202f09
1916166274984708352,等等，这不是董仲舒的天人感应吗？,3313.709,1755516020,a8280c73
1916166598281445376,这不是天人感应吗？,3285.004,1755516058,a8280c73
,,0.0,1775655591.4716349,
lb.c,,0.0,1775655591.4716349,
,,0.0,1775655591.4716349,
1510893569358271232,第一第一,1.699,1707203748,cde4d87e
1510899902287393024,因为翻译的过程信息会有误差,326.337,1707204503,18041a7d
1510909908177375488,大吹法螺，大敲法鼓,139.426,1707205696,6701cdaf
1510910844496804096,咒语：钵钵鸡 钵啊钵钵鸡 一元一串的钵钵鸡,264.042,1707205808,a2d527c6
1510919025335687680,角度新奇，有想法，尚,30.832,1707206783,68222e04
1510930940716041728,占座,18.899,1707208203,520a78cf
1510950755354440448,临兵斗者皆烈阵在前,56.422,1707210566,7ab67633
1510958798544962048,传播的都是怎么分红，知识垄断和解释权垄断是宗教发展的重要手段,322.894,1707211524,68222e04
1511034478041378304,如果宗教失去神秘性，被彻底解构，那会彻底沦为娱乐产品，甚至被遗忘,316.877,1707220546,9f3bfdff
1511181262969388544,好家伙，这时长老夫相当满意,4.106,1707238044,cd48e03d
1511182539002482176,阿达瓦卡达哇,80.78,1707238196,c5b1b916
1511222906066129664,更新了,2.219,1707243008,2d45ce45
1511226942186302720,八利三藏,254.169,1707243490,925a8e
1511242451145711872,是临兵斗者皆阵组前行,60.751,1707245338,56542bc
1511243862948012288,呃稍微做个思想实验就知道了吧，两人用同一个咒语博弈，宇宙会让谁的生效？,48.369,1707245507,61765872
1511247346108166144,保持神秘性,324.439,1707245922,9ba24f69
1511269600958901504,起源于远古的傩戏吧，只是语言到后面音调之类的变了,229.695,1707248575,9a4d5722
1511286993429352448,傩戏？,195.086,1707250648,40e8b606
1511371366191285504,一本老书，魔界英雄传,56.191,1707260706,d7472b31
1511371955406711296,宗教、民俗需要权威啊，和普通人分开,332.559,1707260777,a03619e9
1511443430792994816,读作频率,50.419,1707269297,f170be36
1511449130046897920,ai是语音是ai服务人。所以按这个逻辑理解 咒语就是人服务神，而不是神服务人。,39.02,1707269976,c9088b35
1511456406702981888,欢乐豆效应,18.499,1707270844,9a409ed0
1511458951899097600,唵蓝净法界，乾元亨利贞,57.505,1707271147,935d4258
1511460489002457856,嘛哩嘛哩哄,115.187,1707271331,f79d57f0
1511461124523224064,巴啦啦小魔仙沙拉沙罗全身变~,122.181,1707271406,f79d57f0
1511464619930060288,大威天龙，般若妈妈哄！,123.144,1707271823,2694a6a3
1511484128527372544,盂兰神功,201.216,1707274149,b5a2bfa6
1511493372387584768,酆都,186.259,1707275251,aef8af5a
1511501312163094528,六字大明咒,65.699,1707276197,3c847720
1511518557304159744,但是指定语言可以掌握解释权，你传播了但是不听我的，那有什么用,321.567,1707278253,5eea56d8
1511520194298916352,惠州人冒头,133.131,1707278448,f388d0d7
1511530496667056128,奇术师,38.359,1707279676,9f798b2
1511539736383475456,背景音乐很好听,238.293,1707280778,e98af137
1511542792294497792,电的载，言的流音的体！！！~,92.155,1707281142,b98c9fb3
1511568683934632192,太平歌词,176.762,1707284228,dccf1241
1511634527880466688,嗯，用山东话来读论语对吧？！,303.511,1707292078,d9096a03
1511682304282562304,细思极恐,65.85,1707297773,e7a6fc0
1511691840704061440,这根本不是悖论，宗教信仰可以共享，但宗教解释权不能，用这些与众生不同的语言是刻意为之,314.645,1707298910,10fe7ea0
1511767484339176448,你要弄清楚什么是咒 在从你的语来研究,107.255,1707307927,c04d39b0
1511770286520144384,但咒语往往需要支付代价,42.49,1707308261,3e66d107
1511813234556941056,普罗米修斯！！！,263.753,1707313381,a151a368
1511845043487872768,我们称为：指令【狗头】,102.28,1707317173,8872ac8b
1511858711323561472,一切都会好起来的,9.076,1707318802,f57b51b5
1511865453088102912,其实就是呼出控制台输入权限内的命令而已,68.929,1707319606,de100637
1511902250002346752,日落西山呐～～～～～ 日落西山黑了天,180.056,1707323993,fe023968
1511930684984525312,殄文,153.507,1707327382,4024beb
1511982163430892032,涟漪到一定程度要么忽视要么被摧毁,76.168,1707333519,3b533936
1512199663267418368,异世界舅舅？,279.895,1707359447,668f1692
1512239974622197504,说不定咒语就是神鬼的语言,29.139,1707364253,cfd7ca0d
1512317236235702272,老法师啦。,154.589,1707373463,ac63fe8e
1512342985545859840,往生咒的话历史不会超过两千年,99.669,1707376532,ec1e650d
1512350557044727040,就连网庙上吹的不靠神仙的道教也是不受箓不拜师无法入道,325.259,1707377435,ec1e650d
1512385944664624896,真语音系统？,300.179,1707381653,85182cf1
1512396870666703616,是的，在河南搭台唱戏，只要开始了，哪怕没人看了，也要唱结束，因为还有鬼神要看,200.4,1707382956,e490b69f
1512401437198811648,前排提醒，这视频不是讲神秘学和民俗，也不是讲符号学人类学的，纯纯的地摊文未解之谜系列,0.0,1707383500,ec1e650d
1512411536671438080,配的视频太烂，为什么不用倩女幽魂里的夺命梵音？？！,65.249,1707384704,df179fd2
1512412001694205696,古代佛经没有文字，都是口口相传。分组背诵互为备份，防止荒腔走板。,130.443,1707384760,218bc651
1512413195863024640,戏曲规矩：一旦开唱就必须唱完，就算没有人听，也会有鬼神在听。,187.237,1707384902,218bc651
1512470663531772416,商博良也不能翻译吗？,254.691,1707391753,2192b47c
1512575622239711744,汽车人变形出发!,34.061,1707404265,1c876ed5
1512675556465262080,爷爷，你关注的up主更新了,0.053,1707416178,e6b1cced
1512800259246878720,雅语？,188.839,1707431044,22a12544
1512835991520727552,加油加油加油,49.519,1707435303,e2e36116
1512878834314398720,急急如律令,116.139,1707440411,ac66a05
1513407398424177664,咒语是古代文明在集体潜意识上构造的系统操作语言 辅助你用神识力共振现实,50.326,1707503420,bb2b695c
1513519125832521216,我知道了，来念，大威天龙,271.527,1707516739,8471b486
1513825907696042240,世界的本质就是震动,35.041,1707553310,97783db7
1513854484185655040,吃葡萄不吐葡萄皮,140.116,1707556717,d2d434c9
1513867228041500928,咒语很管用的，楞严咒大悲咒超管用，,79.791,1707558236,92141b11
1513869470635296768,楞严咒很厉害,124.271,1707558504,92141b11
1513869954716362240,太极腔,181.873,1707558561,92141b11
1513870167694691072,符合太极转动的腔调,207.251,1707558587,92141b11
1513875250914631936,哈嘛噼,256.295,1707559193,697c73c5
1514040566067789056,失传的语言,231.848,1707578900,2e37a580
1514042597747022336,传播的不是教义，而是以神秘把控对神言宗教的释义权，进而掌控教徒思想,318.305,1707579142,2e37a580
1514082080827877632,有句话叫做末法时代，咒语可能就是可以震动那些魔法元素的发音。越大的法术就是需要越多的魔法元素加入,159.257,1707583849,1d9e85c9
1514199858108791040,背景这个场景和美女好美好精致,97.689,1707597889,543b1b52
1514355957059465728,言灵,83.299,1707616497,b1181568
1514357118193747456,包饺砸！,221.677,1707616636,b1181568
1515017413597801984,玛卡巴卡,5.733,1707695349,65bbde51
1515075022790625536,港片能作为参考？？？,193.326,1707702217,19d790a7
1515323257966851840,龙族,33.379,1707731809,2a0baa1e
1515352156562250752,天猫精灵。开空调,86.414,1707735254,651def2b
1515858433734178048,不是讲究天人感应吗？我认为因该注重感应。,283.302,1707795606,38b7cd34
1515967506836537344,代码也是咒文←_←,144.937,1707808609,a1427164
1516076378326696448,纳米机器人就是魔法元素,168.409,1707821587,78fb5fc8
1516259650881020928,我认为一定不会是种真正的语言，或者说一定没有规律,11.119,1707843435,c9cb581b
1516599242444146176,这些咒语可能是调整自己能量的一种技巧，但是前提是对自身能量有认知，现在已失传了,121.64,1707883918,be0efab2
1517403587184422144,我知道，同伴加压耗时3防夜袭，是神秘交谈,276.082,1707979803,e63ec77b
1517533032255605248,恐怖的时长,9.17,1707995234,d8d03db0
1518137113181289216,陀螺么,9.807,1708067246,7fb60ea5
1518947474113374464,不算什么新想法，我小学时就在很多科普科幻书籍中见过了,34.415,1708163849,8d99378e
1518975570909053440,这些是谜因或者说是模因,88.047,1708167198,8d99378e
1518988018554381824,索绪尔《普通语言学教程》,207.331,1708168682,8d99378e
1518990509333373696,有没有可能神不需要语言,334.629,1708168979,8d99378e
1519019224050573312,手机便是魔杖,65.464,1708172402,eb2d8318
1519077329471963392,斯人已逝,155.313,1708179329,5ae573e0
1519119575835716352,终于有人说这个了！,14.259,1708184365,852f32d4
1519176036183758848,咒语 密码？,158.411,1708191095,f8fa38dc
1519415599787310080,摩西摩西,333.508,1708219654,a5fd0f2a
1519616248227790080,外星语吗,248.364,1708243573,c67dfee9
1519674270610095104,6++++++,227.168,1708250490,3ed244f1
1519776711493963008,梵文,128.253,1708262702,cac1ea43
1520599627219771648,"Hey, Siri就是一句咒语",52.979,1708360801,62dea387
1520960370053912832,把这个换成语音识别就对味了 哈哈,285.435,1708403805,6c47009f
1521046991315212032,一人之下--巫妖  神格面具,189.927,1708414131,484718e1
1521313780892562432,计算机语言和程序验证,344.643,1708445935,73ad9a4c
1521828578877088256,什么亚空间,274.869,1708507303,3f564a18
1522141123278263296,讲好一个故事,84.475,1708544561,749148d6
1522245180462621696,有没可能是为了所谓神秘感，你不懂就觉得神奇而已，有可能经文只是说你吃了没之类的话,349.408,1708556966,c4f0a743
1522338742013231104,言出法随！,72.482,1708568119,d4df00e7
1522739676061328128,言出法随,96.474,1708615914,9242b9d5
1523493689731924992,南无阿弥陀佛,132.559,1708705800,ed3aa3fa
1523727651624210944,说不定就是外星人教了一半,313.746,1708733690,9accefd7
1524238675792495360,古语或者外语加上误读？,120.786,1708794609,eb9bb181
1524350810652467456,纳米机械可以实现的,73.747,1708807977,3e145f2f
1524871559263616000,这其实和人类的傲慢有关,322.405,1708870055,334b68cd
1524951088132848640,宇宙系统的cmd指令,36.891,1708879535,4506ee92
1525478414050475264,大家不要误会这里，只是为了解释咒语，是一种娱乐的方向。研究的并不是宗教的政治性,325.499,1708942397,b958d312
1525514254814519040,唱诗人,282.422,1708946670,b6955852
1525986563543289088,失落的史前科技？！,42.619,1709002974,ea787008
1525990164084938496,有没有一种可能翻译后会失真？知其意，却不能知其境,315.411,1709003403,ea787008
1526707221625564160,已经关闭了，神远古的时候为了调试留的GM接口而已,51.784,1709088883,ac9c7a53
1527043400309016064,真名,289.935,1709128958,f2719655
1527406274621540096,遇事不决，外星语言,254.434,1709172216,b5f326f3
1527518713752931072,阿瓦达啃大瓜！！！！,75.721,1709185620,acc807f1
1529578567409916928,惊！晴雅集？！,29.392,1709431174,43bd4e89
1529581902888364032,一种保持自我文化的方式而已,313.873,1709431571,662e91a1
1530203757764441344,神秘主义,333.339,1709505702,961f4073
1531427263931784704,菠萝菠萝蜜~~~,139.178,1709651556,d798ad0c
1531911304212702464,？？巴利三藏是原始佛教语言，记录不应该是原始佛经么？怎么会翻译不出来,245.83,1709709258,1b499427
1532035581700394752,梵文,233.951,1709724073,180c64e8
1533269809557922048,我们所有的念想都是咒语,70.357,1709871204,62081682
1542529958940243200,是的，有的看似是梗，其实有些力量在的,90.778,1710975100,32e70d68
1543111050709208832,桐人：system call,56.917,1711044372,1fa48e31
1544947092043549440,想起句话，科学的尽头是玄学,207.987,1711263245,3e3a2c80
1547095614930966784,其他语种的经文怎么呢,303.683,1711519369,e6a80cdd
1547958184134834176,这里还有个悖论，当一个种族发展了一个宗教。那么肯定是这个种族的宝贝,330.11,1711622195,e32b7191
1548159716230860800,这不是维护正统核心地位的需要吗？,316.706,1711646219,41484aff
1548278444176366080,怎么证明或者证伪,44.389,1711660373,aa9228fe
1548340582077118976,表音文字,253.179,1711667780,26c06ef
1548341319083226368,为了最终解释权,332.879,1711667868,26c06ef
1548698437929915648,拉莱耶语,233.375,1711710440,cc4815cd
1549523100742364416,伊卜拉沙~,235.001,1711808747,145aa409
1555920021157790720,我也会：“小爱同学，帮我开灯”,47.483,1712571320,a7828a4c
1578907644843075328,就是高维能量语，链接你和你的原神,77.328,1715311658,89a93e3c
1579045791392150016,是高哥特语和低哥特语的意思吗？,256.159,1715328126,efbe4fb1
1579600572553052928,一陀翔,19.0,1715394262,c2ffcf2b
1593186662605772544,想让咒语变成真，你必须从相反视角观测咒语的实施～,6.368,1717013850,d9f65bf6
1595352854670238464,古神语,279.125,1717272080,548c6421
1613232999364002560,以前人少,319.025,1719403559,e64c5464
1625946687002524416,宇宙的代码,40.819,1720919149,3d151d8e
1639155093452823296,小孩子灵性高,163.464,1722493714,3b877167
1657286574037113856,科仪 密咒,211.368,1724655155,257a1ebb
1671812029079470592,宇宙编程语言,348.506,1726386724,67547af9
1685437688540383232,还有宇宙语,256.42,1728011029,f2f5aee3
1693835141027384576,巫在古代是指可以沟通天地的人,173.132,1729012083,76537ad9
1710183110169744896,没错，只要戏台子搭起来，没人也要唱，因为有鬼神也再看,183.934,1730960913,9820c3cc
,,0.0,1775655591.4716349,
lb.c,,0.0,1775655591.4716349,
,,0.0,1775655591.4716349,
1510900560373553408,撞到真空容器壁之后能量引起了容器壁的形变和内能增加，也就是做了功,659.79,1707204582,b9f37c81
1510900651868260864,现象难道不是人规定出来的吗？,458.885,1707204593,b7253f15
1511025437420547840,这里bgm有人知道吗,518.722,1707219468,9039f3b4
1511030251256490240,这个有解释,449.298,1707220042,1555eca4
1511042247267934720,达摩是真实的历史人物啊，有记载的,360.85,1707221472,3d58d951
1511091314459339776,光音天,449.444,1707227322,4404adee
1511091935325041920,光音天,447.529,1707227396,4404adee
1511092919216725760,阿凡达团建,389.076,1707227513,165e8d50
1511105664078934784,真空中应该是没有物质媒介来共振,579.255,1707229032,ff133554
1511151090589253376,那么问题来了，神无所不能，为啥不啥语言都懂,402.783,1707234447,4653de3d
1511177058464783872,这个逻辑有问题，就算耶稣真的复活了，那后世的人都没见过又凭什么相信，那没见过的后人可以相信，没见过的前人就也可以相信,385.196,1707237543,a002bc65
1511180170973705728,阵法？,686.459,1707237914,6d8b995d
1511196360635076352,吊在板上的原因,581.869,1707239844,8e8a9411
1511282684226246912,相信神存在≠神真的存在。,394.928,1707250135,be6a4a57
1511337549380404736,相信相信的力量,406.35,1707256675,d23c6e91
1511344816028825856,这个应该是心理学。,421.01,1707257541,86ff93e9
1511444496154427392,啊，竟然有文献？,539.327,1707269424,57b0d9a5
1511492257423854848,是催眠学，不是心理学，在很多时候是超心理学的概念,516.282,1707275118,2a863fc8
1511508387635012608,现象不是人规定的，是人发现归纳总结的，无法复现没找到规律的就是神秘,468.904,1707277041,3e818a27
1511522047493633792,"祝由术算不算,听说确实有一定效果",428.512,1707278669,f0e5ceae
1511531083693425920,共振就是功放,624.337,1707279746,3291c759
1511536718556469248,可以理解为神灵C语言,509.384,1707280418,25a3a2fb
1511545975553024768,遇事不决，量子力学,497.303,1707281521,18d3d9b6
1511604753430393344,好像臭名昭著的水知道答案也提过类似的理论吧,656.368,1707288528,c0dcfb2c
1511628251397654528,耶稣也是真实的历史人物啊,364.559,1707291329,be83c184
1511695680824204032,曼陀罗,630.593,1707299368,2b4097c
1511698937155826944,声音不是消耗了能量才出现的？,477.243,1707299756,e274e0d6
1511868531464402176,灵能科技会引发亚空间天灾,434.039,1707319973,de100637
1511906428947239424,这种事是完全有可能的 但是距离神学 十亿八千万光年,522.151,1707324491,fe023968
1511907011250652928,真空不空 朋友,583.404,1707324560,fe023968
1511986773247507200,别迷信了，就算法翻译成同样的语言也是近似意和本意肯定有区别的，声音也分很多种，人与人听到也会有差别，这方面确实大家都不懂就看谁在那装，相信科学，拒绝迷信,411.888,1707334069,3b533936
1511992122906106624,只要别傲慢就很难迷信,487.448,1707334706,3b533936
1512399397458329600,逸散成熵了,482.04,1707383257,e490b69f
1512416070420826624,全国无论南北，都有一种去除喉咙鱼刺的祝由术。无法用现代理论解释，但真管用。,424.813,1707385245,218bc651
1512417522790590464,压点效应会产生电磁波，另一块同规格压电材料能够接收同频电磁辐射。,532.909,1707385418,218bc651
1512553623576776704,这太扯了,499.588,1707401642,3ff15c6
1512961307039537152,听音识曲,557.452,1707450242,3b054801
1513120392393488640,曼陀罗 荷鲁斯,627.43,1707469206,cb704783
1513607207155996928,祝由术,431.192,1707527239,4c09d4ff
1513712709210978816,千里传音,544.654,1707539816,51e24fc0
1514046186527756800,金花,637.486,1707579570,2e37a580
1514414867174400768,扯什么？的布罗伊物质波也是这个差不多的情景,506.264,1707623520,2610031c
1514810229593054464,有时候挺好使的,424.53,1707670651,7abc00a5
1515079558796536832,是语言就能承载,442.446,1707702757,19d790a7
1515889347617151232,言出法随,688.232,1707799292,38e0cfa7
1516074366621033728,有体验，比如快睡着半梦半醒间有时就会听到别人的说话声,510.885,1707821348,87b7cc89
1516142762431414528,巫医:我用的巫药是地塞米松,371.827,1707829501,7885fa40
1517231888501551872,能量在引起介质震动时就损耗了,667.08,1707959335,b02b4760
1519097112141709824,脉轮,632.163,1708181687,b79fb829
1519149031283219968,六字大明咒的“唵”字声波成像出来的就是一个坛城的模样,702.861,1708187876,b4116d28
1520413688194932736,只看结果，不看过程,434.976,1708338635,18f90f29
1521193655723901440,打电话不也是这样吗,543.23,1708431614,1afc700e
1521515294374641152,很多佛世界是以音声形式存在的就是这个意思，佛说法的音声响彻三千大千世界乃至无量无边世界却互不干扰，个人推测原理也是如此甚至更高端,646.222,1708469957,2bc7f25d
1521869830855307520,九龙化骨水,428.984,1708512221,5e5b832e
1522614177301480704,我都不知道我是從哪裡開始聽不懂的,680.949,1708600954,e5b3855e
1523056658296037376,虚拟世界么？,434.293,1708653702,11aee060
1523111823023342080,这也是因为有电场啊,525.467,1708660278,caf65355
1523399379279849984,真空量子涨落产生虚粒子，这些虚粒子可以震动传递声音,509.3,1708694557,e0aa4922
1523733545385058304,就像音乐会影响人的情绪或行为,589.669,1708734393,c0cf273f
1523896536491566336,神说要有钱，于是真的有了钱,407.087,1708753823,a623f050
1523921070451773184,直接操作底层代码的意思？,460.701,1708756748,bc3c5dc4
1524083323922976512,听不懂，但是爱听,547.719,1708776090,3238262a
1524151221777249792,我想到了催眠！,451.94,1708784184,31a50c5b
1524872064241377536,找个海妖，她们有语言插件,395.524,1708870115,4df1c005
1525795062360167424,如果是相同结构的设备，很有可能只是因为固有频率相同,579.875,1708980145,38db071e
1525895530184793856,魔术？,376.219,1708992122,2846fd25
1526905709101803520,源代码,625.148,1709112544,53713d10
1527805746459515904,可以用同一条鱼用火烧软 放水中喝下去就可以了 没试过 可以试试,428.36,1709219837,c3660b3b
1528746137987852032,抵抗重力我笑死,447.8,1709331941,b18ca3c3
1529391240104563712,真空没有空气啊，能量没法传递呗。,474.731,1709408843,acab398a
1529393029109376512,图案与物质形成未必有关联，结,685.81,1709409056,acab398a
1530561309647992576,原神，启动,440.699,1709548326,7039cd78
1530563428618802176,原神，拯救世界,685.059,1709548578,7039cd78
1535763481922828288,你好。地球人,502.126,1710168473,369f2308
1538300396295406080,当你相信神存在的时候，你无法分辨神不存在,400.555,1710470897,380fb161
1543391465777099264,太阳：那我走？,403.631,1711077800,e185455b
1543744512340334080,雷达？,682.265,1711119886,3ab4cc58
1545168316992144640,别着急反驳～人家都有资料的，又不是信口胡说。先看看中不？,522.289,1711289617,2a2f81cb
1547835726564081664,大型演唱会,392.023,1711607597,ef69e866
1548724242135296000,这不是共振，这是系统的耦合运动，不要望文生义,587.954,1711713516,5e86f2be
1550077398274505728,披着科幻外衣的外星非洲,415.033,1711874825,594a703a
1551541533415911424,画符？,697.612,1712049363,f686d65e
1551666175614980608,电子设备的声音和人体的一样吗,654.95,1712064222,af883166
1559681438692134144,频率,462.398,1713019716,1d73ca06
1565534952362303744,分形几何,688.766,1713717509,5db64ff1
1578153244038174464,非局域耦合机械振子的同步及奇异态,589.095,1715221727,4350c6ed
1582038471336594176,史前超级治愈机器人，通过语音交流借用,417.043,1715684882,97213204
1587104621032583424,突然串戏到了浮世叁千问233,549.603,1716288814,482d75e4
1589353646557061120,看到这个我立马想到了麦田圈的图案,681.825,1716556919,5931d69a
1605616503556794112,==没人说达摩是神吧？佛教从来说佛是开悟的人而已,401.019,1718495602,926fe657
1616096372220716544,那就是每个读音都与某种波共振，或组织成固定的波形组合，这样的波形组合就产生某种能量，达到一定强度就能影响能量场,475.339,1719744900,13b5d3c3
1616896630853157376,转化成内能了啊,473.553,1719840298,22286d56
1622573075915028992,逗猫棒,585.05,1720516983,72808daf
1623704623200179200,真空不真，即使太空，也是相对真空，不是绝对,499.219,1720651874,4c99fc82
1639981537342845184,总裁那里看过这段,603.241,1722592233,95e48e44
1655747505583124480,麦田怪圈,690.774,1724471683,b7d61015
1657054149197909760,所以皇帝学天人的音乐就是为了拯救当年的人,705.618,1724627447,bb2b695c
1684301329097158656,节拍器,580.965,1727875564,fea2e132
1707933810337497600,神“说”：要有“光”,450.231,1730692776,c87e78db
1786962726779324416,首先发出声音的东西你必须得给它一个定位，或是锚点，一切从它出发才有对错，或许这就是人类限制？,712.141,1740113757,5486f4a0
,,0.0,1775655591.4716349,
lb.c,,0.0,1775655591.4716349,
,,0.0,1775655591.4716349,
1510908556394966784,芭芭拉：治疗就交给我吧,914.772,1707205535,66b8a922
1510931899072224768,就算时空不连续，我们感受到的也是连续的。,1022.773,1707208318,de0d96f7
1510932180552081408,比如：眨眼补帧。视频一顿一顿的，可是在我们看来，就是连续的。,1024.733,1707208351,de0d96f7
1510932571318612736,卡顿，对于连续来说，通过对比，才有卡顿。,1026.053,1707208398,de0d96f7
1510939667150138880,细说深入,977.537,1707209244,6840d8d4
1511037968390157824,图穷匕见,773.855,1707220962,f2194801
1511107728758915584,这是波纹攻击,919.726,1707229278,ff133554
1511108334592237824,开始看不懂了,1019.318,1707229350,ff133554
1511115165905922560,我喜欢,775.271,1707230165,21836113
1511154999126838016,那如果光可以被力吸引或者退离呢。。。,810.518,1707234913,4653de3d
1511215457519212800,这个招数电影里的神婆经常用,949.238,1707242121,833e8924
1511244701272300544,法术：言出法随,847.578,1707245607,ddd5415e
1511440245227354368,时间是否存在都是个问题，讨论这个,865.197,1707268917,cb122b68
1511450399830701568,魔术大师,951.539,1707270128,c35938f7
1511467769114449152,万事不决，量子力学,1006.523,1707272198,5d76bd6e
1511492002686982912,其实是魔术而已,992.258,1707275087,1253f646
1511543661714979840,如果魔术能救一个濒死的人就好了,1003.873,1707281246,f0e5ceae
1511544817807974400,我还以为我屏幕上有蚂蚁！！！,960.27,1707281383,275bd317
1511551857225513984,？,956.623,1707282223,18d3d9b6
1511686273318952960,遇事不决 量子力学,999.821,1707298246,afd6932a
1511694476094334976,图穷匕见+1,789.081,1707299224,e7d94bb0
1511739552522725888,这不会是芭芭拉的原型吧,919.964,1707304598,68b8b69b
1511765376005291776,所以关键是理解共振的本质吗，共振为什么存在,720.256,1707307676,d3926e93
1511837427696720384,我的老师跟我们讲过很多这种，老老师懂的很多，都给我们讲，现在可能没老师知道了,969.57,1707316265,928db7c7
1511839115250015744,不是魔术，我那个老老师说，超自然跟化学物理学有关，不是假的，只是我们现在不懂,996.13,1707316466,928db7c7
1511872289778621440,"光不会被引力吸引,而是沿着空间最短的路径传播而已.所以黑洞是扰动空间而非拉扯光子",823.721,1707320421,de100637
1511937045143108608,因为观测了,1052.265,1707328140,54505dd5
1512001545351270912,众所周知宏观效应会有一个概率趋势这不就连起来了？不想卡bug也不是不可以,1026.596,1707335830,3b533936
1512232402234451712,有没有可能芭芭拉学过医学，打着巫医的旗号在实施专业手术？,996.828,1707363350,668f1692
1512476769406749184,噗，再见,981.123,1707392481,2192b47c
1512608267246103808,就象我们看动画片那样，动画片也不是连续的，只是我们觉得是连续的。,1031.334,1707408156,aaba05d6
1514049108397391616,这类魔术手法被揭秘过,954.314,1707579918,2e37a580
1514763847821686528,科学的尽头是神学,1067.514,1707665122,ec0293b2
1515115708605221120,不，相对论证明时空是变量,782.777,1707707067,9ba94f75
1515382011794174720,路西法,799.388,1707738813,8b55cc44
1516202209334213888,遇事不决量子力学,989.899,1707836588,8e9d9c30
1516399092161618688,有没有一种可能，一切只是场物质流动产生的变化,857.976,1707860058,e4ab6b8a
1516472943654308608,直到魔法揭秘开始播放,997.288,1707868862,dc228f33
1516934833941766144,主要就是，声音的能量太少了，除非是有放大器，或者类似引动雪崩一样的引子,846.614,1707923923,8384b083
1516941263289824512,说其他我还不一定熟，这个芭芭拉帕奇塔不久前我还看过揭秘,875.114,1707924690,8384b083
1519459610443232512,芭芭拉 冲鸭,875.621,1708224900,bdcd674a
1519521141822387200,法器？,863.309,1708232235,85109700
1519734356447349760,我记得有书说 唵 代表世间万物,745.784,1708257652,6e104b80
1520925161463963648,造神嘛，哪都一样,977.215,1708399607,39380461
1521520242915206656,黄帝外经到底什么内容啊,953.712,1708470547,2bc7f25d
1522305516666245888,芭芭拉冲呀！,901.502,1708564159,cfd4b043
1522600013229157888,你这个芭芭拉回复效果有点强,901.821,1708599265,afb33c7e
1523116779063697664,这就是芭芭拉原型吗,894.658,1708660869,caf65355
1523117225723492096,研究出来可是能“水”一篇论文的啊，怎么会有学者不感兴趣呢,921.75,1708660922,caf65355
1523826720631923968,所有的一切都是能量的互相干涉,868.615,1708745500,3c7337bc
1524834345603342592,遇事不决，量子力学,990.708,1708865619,2ecd090a
1525447203026720512,来困了..............,1051.074,1708938677,733e5dc3
1526071318246951680,那倒立行走是不是会活的久一点,839.812,1709013077,aec86728
1526213258074652160,就喜欢这句！,722.968,1709029998,a48a250c
1526215241627702272,芭芭拉冲鸭,932.186,1709030234,3fc86396
1528921959411564288,时空之王，命运道标,858.034,1709352900,f7ab0be
1529095836045338112,那是你念唵这类时 你的肌肉呼吸机都在随着你念这个字时有规律运动 按摩内脏,787.375,1709373628,b2446d3b
1529096324883104000,将无序混乱 通过振动变的重新有序，规律,845.558,1709373686,b2446d3b
1530200422705674496,我更倾向于时间是一把尺子 本来不存在只是为了让人类理解而造出来的工具 ,1065.539,1709505305,a5220fbb
1534711957620495616,因为思维是线性的,1034.803,1710043122,62081682
1543746423835697152,这么离谱？,910.195,1711120114,3ab4cc58
1546005639908824320,算了吧,907.089,1711389433,990cb761
1549518129745755904,苗医没病拿水,995.939,1711808155,ceb9f1ab
1551541810399105024,咒语就是用声音画符,730.627,1712049396,f686d65e
1551542719128959232,衰变，老化,838.951,1712049505,f686d65e
1562180038324307456,科学没有尽头。,1077.795,1713317572,59236c22
1577511418495228928,咒令：我，秦始皇，打钱！！！,886.446,1715145215,d59fe5b0
1578778053835180544,芭芭拉：演唱，开始！,890.933,1715296210,b897fdc1
1594020501347522304,黑客帝国,944.659,1717113251,10d4dc90
1615813523726791168,我每次睡不着就看他视频，一听就困，比安眠药管用,1041.055,1719711182,29578a32
1622577590823022080,幻影移形,1038.551,1720517521,72808daf
1639987416305571072,回调芭芭拉！,906.754,1722592934,95e48e44
1655797195032993536,湖北某个道教县的某个局长，就是被这种方式治疗的癌症，还拍了视频,957.966,1724477607,f85c634d
1682123295757073152,遇事不决，量子力学,986.771,1727615923,46c0c30d
1682123743473752832,缩地术！,1036.086,1727615976,46c0c30d
1693841864656055296,憨豆先生也干过类似的事,948.417,1729012885,76537ad9
1727377496854866432,读书时巴不得有这能力省下通勤,1036.921,1733010644,9d6fe986
1801466163009000448,高手啊,966.308,1741842701,705a891
1812420769691477504,怪不得蒙德城有个芭芭拉,992.077,1743148592,94749c01
1825597102567617536, 那光的散射呢？,816.808,1744719333,1a6d2728
1825599134908975616,电影中环节在他眼前上演，不敢想象他当时得震惊到什么程度,957.706,1744719575,1a6d2728
,,0.0,1775655591.4716349,
lb.c,,0.0,1775655591.4716349,
,,0.0,1775655591.4716349,
1510937110897690880,如果说是量子隧穿的话，概率极低，忽略不计。不如直接把射向他人的子弹，无伤遂穿到脑后。,1232.142,1707208939,de0d96f7
1510938654141682944,这难度，比空间传送还难,1249.191,1707209123,de0d96f7
1510941287778876160,言出法随？,1238.539,1707209437,520a78cf
1510960014297565440,有道理,1356.308,1707211669,73dbef55
1510973142066364672,我小时候经常混淆绿色和蓝色,1337.774,1707213234,2eb64d21
1511086203624329984,有合理解释了,1302.605,1707226712,903d032f
1511164230840225536,集体潜意识,1433.111,1707236014,4b967118
1511215250052352256,狼孩的故事如果是真的，那么鸿蒙讲座的故事岂不是真的？传道是真的,1431.28,1707242096,b789a2e2
1511218110945282304,所以自旋到底是什么意思,1100.438,1707242437,ad5cbc3e
1511255395841472512,思想烙印.  ,1347.877,1707246882,b694ac7c
1511404765434047488,这不是道家学说，这是道教学说,1156.319,1707264688,925a8e
1511431593041043200,阿赖耶识,1436.598,1707267886,cdf28e6f
1511460786487543808,本来就没有时间，,1087.225,1707271366,af3bc664
1511478139933912064,有道理,1368.836,1707273435,7a0bddcc
1511516709016718080,阿赖耶,1437.162,1707278033,3e818a27
1511533126998994176,观测物质世界必会对物质世界造成扰动，也就是互动，所以在微观世界，所有观测均是与物质互动后的结果,1368.97,1707279990,2b0a5cad
1511534374871452416,陀一定是博士后，逻辑，章节环环相扣,1206.486,1707280138,62081682
1511536152619183104,这就是地球ol的规矩呀,1351.549,1707280350,baaac14b
1511592607808412416,我们的世界是虚拟的,1141.448,1707287080,6e468b55
1511730073613624064,意识冰山，水面上的冰山看似独立，下面却连成一片？,1434.891,1707303468,ed61d4d3
1511912129274695168,其实可以吃 你喜欢的话（用过的容易产生细菌 吃进去会生病）,1339.593,1707325170,d67e1d47
1512134764138867200,这点认同，在学校考试的时候，明明我自己不紧张，题感觉也不难，但就是脑子空白，不会思考，感觉自己的意识被别人影响了,1430.906,1707351710,95936744
1512240897428290560,五蕴,1348.701,1707364363,f7efa00d
1512262604377145344,假设空间本就在你只是在这空间里放了个烟花，接着烟花充斥整个空间并不断蔓延,1169.81,1707366950,6031d481
1512505554680108288,有些所谓的证明只是为了让事情变的合理,1411.255,1707395912,f49ebad4
1513928600649548288,懂了，太上老君是量子（bushi,1170.598,1707565552,1a1281fd
1514382712004454144,神学不为用，科技为用,1247.087,1707619687,26b4c7d7
1514692285949028608,这个突然出现，也许是奇点以外的更高维世界对它产生了什么影响,1165.973,1707656591,2562f491
1514708046239426560,因为人本身就在系统中,1295.196,1707658470,2562f491
1514710233921327104,绿色也可以叫green,1337.739,1707658730,2562f491
1514711110069364736,确实,1434.603,1707658835,2562f491
1516133256528101376,石头人是吧,1438.144,1707828368,eef05dc0
1519363206387544576,时间和空间是连续的吗,1312.594,1708213408,89704736
1519643780385783040,地球不就在自旋吗,1103.687,1708246855,9c248688
1521295412676657408,？？？,1192.427,1708443745,1892977d
1521523478031927808,所以各大正教都重视语言的作用，圣经里丈夫可以否掉妻子的发愿，佛教和道教都说言语能召来福祸就是这意思,1231.27,1708470932,2bc7f25d
1522116546367880448,这可以假设并不是不教，而是教不了，或者不知道怎么把这种共振甚至说同频的展示给我们，甚至这个可以理解为天赋说的夸张点也就是超能力般是独有的，可以传承但不一定遇到差不多能遇到一个对师傅会咒语一样有天赋的,1267.781,1708541632,f4485a9e
1522694772203129600,所以世界就是像素组成的，根本不连续,1123.286,1708610561,164ded48
1522697891523916800,集体潜意识,1437.666,1708610933,164ded48
1525303812967995136,混元行意,1136.666,1708921583,48beeaa6
1526282993864606208,矩阵,1348.66,1709038311,1596239a
1526913926909220608,真言咒,1234.346,1709113524,53713d10
1529101675288482560,一段振动同样是有序的 会改变无序 同样消除混乱的应力,1321.582,1709374324,b2446d3b
1529103192561254400,认知定义牢笼,1374.684,1709374505,b2446d3b
1535828119645251840,净土宗,1225.742,1710176179,a125d774
1539225571467521536,真空中各方向的力是相同的，但是空间被扭曲之后就会出现“引力”,1127.443,1710581186,9798cac3
1544269461069150720,薛定谔的猫,1332.189,1711182465,384ddeeb
1548355340456971520,为什么打死狼,1382.359,1711669540,26c06ef
1549858698313306624,一语成谶,1237.96,1711848754,6bfe7442
1550314692902376192,像不像一个游戏的世界，从仅有一个世界到加载各种内容的样子？,1156.541,1711903113,7991c86e
1554004188055479296,少数的听到一半，发现已经一句话都听不懂了的视频，世界真神奇,1123.397,1712342935,9cd415f0
1558134519037870080,AI开机了,1178.136,1712835309,569fb314
1579252691224311808,五蕴,1355.02,1715352791,36dd6ae7
1579800639058708992,假装自己能听懂。这是咒语的一部分。,1109.409,1715418111,1d5a13e1
1592047346571685888,普通人的意识、记忆太靠不住了,1339.163,1716878033,f9c33a0
1616905396319193856,《白发魔女传》,1392.275,1719841343,22286d56
1628290035444993792,其实是不确定原理,1291.341,1721198498,e9ae1482
1641605769663529728,言灵,1230.33,1722785857,885fe8e9
1650106204409803520,信则有，不信则无，是不是也是共振，相信才可以和对方同一频率才能感受到，不相信频率不对就什么都不会发生，所以同一个方法，有的人灵，有的人不灵,1249.341,1723799188,2562f491
1661697840449405952,开控制台了,1234.173,1725181019,766e2ccb
1688364293735441664,假的？这是有记录的，还被写入了教育心理学的,1406.421,1728359907,2852ec86
1801377511042126592,时间是人道的概念,1104.052,1741832133,bd550466
1801378425123447040,人类对游戏的开发与创造，像不像天道对人类社会的创造,1212.996,1741832242,bd550466
1806733657709799424,张祥前的《统一场理论》能解释这些现像吗？,1287.425,1742470635,e9102dea
1827140962385317888,你看名字也知道，原始既是原初开始,1133.215,1744903376,1e8ae9f6
1902998389101029120,来自于经验和集体定义,1348.111,1753946285,2f11bf61
,,0.0,1775655591.4716349,
lb.c,,0.0,1775655591.4716349,
,,0.0,1775655591.4716349,
1510906544102140160,这是否能证明一定程度上证明灵魂的存在？,1624.165,1707205295,b7253f15
1510910449561168640,这部分应该是荣格的集体潜意识理论,1440.31,1707205761,1492c5f6
1510914819380157184,是不是给乌龟养大我们也能长命百岁了,1482.1,1707206282,66b8a922
1510920275179427072,比如心里说谁，谁就会打喷嚏,1749.222,1707206932,f57edb10
1510935521063628032,少了云端的算力支持,1472.716,1707208750,fc3b5a83
1510938085855267072,我用在感应外卖员是否到门口了，突然身体本能去开门,1748.476,1707209055,fc3b5a83
1510939849174349568,最新研究，意识，滞后于行为。行为是明星，意识是行为的经纪人。先做，后记录，再修改，更新下一次的行为模式，然后无限循环,1611.618,1707209265,de0d96f7
1510940204163147520,观测者效应，只能说仅供参考,1639.328,1707209308,de0d96f7
1510941203993114112,开智,1688.672,1707209427,1175e65c
1510943420246570240,这是真实的,1483.775,1707209691,fb5a2a45
1510944543003220992,开悟,1713.61,1707209825,7414f425
1510961183887348992,因无所住而生其心,1706.063,1707211809,cf105ce1
1511035621878063616,乌龟那个没法验证，因为乌龟不是哺乳类不会养小孩,1485.194,1707220682,e81cc6
1511063764844415488,高维观测者,1482.859,1707224037,3d58d951
1511111395234618368,但是谁也不敢保证动物没有意识啊？,1506.329,1707229715,ff133554
1511209499552427264,全世界觉得世界是天堂，那么世界就会变成天堂？,1481.001,1707241410,be61b0c1
1511216834996027392,双胞胎？,1610.797,1707242285,b789a2e2
1511223146534047744,古希腊掌管某某的神（doge,1550.905,1707243037,ad5cbc3e
1511223961420548352,如数家珍,1623.444,1707243134,ad5cbc3e
1511228030968900864,应该有吧，比如幸存者偏差；你只记住了说曹操就到的情况，或者父母回家的时间是规律的，你的生物钟告诉了你，使你有所防备,1746.417,1707243619,ad5cbc3e
1511477452092956160,亚空间四小贩,1570.169,1707273353,7c4f903
1511495235413645056,共业,1629.976,1707275473,e6bdc74d
1511497316744741120,上帝,1497.298,1707275721,922862d0
1511508691051051264,阿赖耶识,1441.43,1707277077,aef8af5a
1511568011436567296,阿赖耶识,1692.985,1707284148,d2e363e1
1511621789049190912,凉宫春日的忧郁,1540.488,1707290559,c396cf1d
1511623568927411456,灵能者？,1602.063,1707290771,efbe4fb1
1511631995141424640,那么反过来是不是父母到家前会觉得你在看电视,1750.205,1707291776,c0dcfb2c
1511640842572549632,余光再广也广不到背后,1785.868,1707292830,be83c184
1511687451415241984,xia我一跳,1542.529,1707298387,b82e8d5b
1511708301216445696,提到荣格的集体潜意识，那就不得不提到他在中国看到的《太乙金华宗旨》，后来又翻译回来的的《金花的秘密了》,1735.111,1707300872,9d05f18f
1511795647848672768,悟道,1725.188,1707311285,22b0b17c
1511835804467800832,因为个人意识 改变不了 集体意识,1538.777,1707316072,12d7ee3c
1511842276740092928,【黑门】个体高度独立，目标高度一致,1574.604,1707316843,12d7ee3c
1511847891394797056,喧闹的教室里突然所有人都不说话了。。。。,1765.309,1707317513,32e883ab
1511851208367988480,这不就是佛学么,1697.612,1707317908,9a409ed0
1512144308310928896,答案很显然是能,1505.483,1707352848,a7dc3a93
1512507446907027200,未来人KFK说的2048年之后,1636.84,1707396138,f49ebad4
1512542422654299648,“小我，大我，无我”,1702.041,1707400307,9c484b9d
1513849460013352192,目光这个确实神奇，我从小就可以感知到后面有人看我,1790.395,1707556118,f3c434db
1514406144062621440,人生如梦 梦就是我 我就是梦,1687.096,1707622480,552666d8
1514627335700539648,膀光,1780.411,1707648848,c4510bcb
1515381706549783040,gumayusi,1584.18,1707738776,faace91f
1516918028389108480,神圣的卡拉链接这我们,1465.03,1707921920,999e69a0
1517597278641419520,是每个意识单位都储存了集体意识 是一个同系统中可以共享的系统,1572.941,1708002893,63d7d7da
1517666500956532480,阿赖耶识,1570.555,1708011145,a9fcc626
1518446959336199936,超心理學?,1652.517,1708104183,4d77aa7c
1518686839769391872,王阳明的心外无物？,1704.751,1708132779,b80c6dd6
1519156000530225152,本自具足,1738.358,1708188707,b4116d28
1519202762028528640,还有睡觉突然自然醒，下一秒家里人会上厕所，或者谁在外面开始吵，都有提前性,1742.498,1708194281,b4b0d916
1519465296652840704,我被监控了,1455.932,1708225578,bdcd674a
1519800696000798208,erf,1760.395,1708265561,3f86f535
1520216088720532736,人能常清静天地悉皆归,1715.183,1708315079,a950714f
1520302050620088832,阿赖耶？,1443.431,1708325327,3c73699e
1520317563220260352,我和老爸闻出饺子馅咸不咸 都没尝,1758.613,1708327176,4cbb01a9
1520611966702639104,量子层面的怎么检测？,1511.223,1708362272,5b4e526d
1520612472183090176,科学的尽头是神学,1557.242,1708362332,5b4e526d
1520613854860544000,我对信息的传播方式更感兴趣,1661.023,1708362497,5b4e526d
1520614712394699264,干掉意识，请潜意识接管,1729.544,1708362599,5b4e526d
1520616434609354240,潜意识也应该有一个特定的通道,1775.277,1708362804,5b4e526d
1521527782797361408,不然你以为各大教派的教祖们都是怎么拉人头的,1516.589,1708471446,2bc7f25d
1523572044858465792,光音天,1618.639,1708715141,64dba629
1523572161124859904,光音天,1628.666,1708715154,64dba629
1523572275033640192,光音天,1634.063,1708715168,64dba629
1523572371754514432,光音天,1573.019,1708715179,64dba629
1523747023587911168,吾心自足，不假外求,1711.148,1708736000,c0cf273f
1523816576254704128,人能常清静，天地悉皆归,1699.89,1708744291,82bd86f4
1526257160668196096,宇宙这破地方对我们来说太大了，对别人来说太小了，原子不到,1551.06,1709035231,812c45be
1526916016251444480,云空间,1477.227,1709113773,53713d10
1528515952529233920,背后看我我完全能感觉到,1791.179,1709304500,e10a7d61
1529106510876402176,不是的 心无或者空时 你的身体自愈能力因为没有意识干扰 而从混乱变的重新有序,1770.288,1709374900,b2446d3b
1530376323233619712,念力,1529.842,1709526274,5ebf297f
1534718542484718592,果然还是佛学最接近宇宙真相,1723.379,1710043907,62081682
1536894454429364736,格式塔,1458.951,1710303296,82c0412c
1544845675316129792,近朱者赤近墨者黑,1611.934,1711251155,8a1c28a0
1546345570111973120,神识传音,1624.429,1711429956,4c9bc43a
1547691396486664192,生物电,1787.056,1711590391,2f361cc9
1547828874304575488,感谢尊者,1716.918,1711606780,2924f963
1548014426916315392,量子纠缠,1441.439,1711628900,166ca231
1548417538671826432,有没有一种可能 因为是狼孩天天被展览 被折磨死的喃？,1459.171,1711676954,fa755f5a
1548563003577111552,阿根廷：这我们很懂,1732.447,1711694295,c2ebb559
1548730885837164800,亚空间竟遥遥领先,1563.0,1711714308,cc4815cd
1549298721945368064,战锤P都给我出来,1606.423,1711781999,b1be4194
1550142669161201920,所以一堆人许同一个愿望有可能成功？？！,1666.191,1711882606,426ba631
1550770763064439552,荣格是看太乙金华才写出这个东西的~道家核心,1735.942,1711957480,dd2809d
1555063178428207616,结婚十年后，就变成大智之人,1706.235,1712469176,d60f4f19
1558138007037515776,大圣灵,1585.527,1712835724,569fb314
1565316480193916928,阳明心学，不符合物质世界统治,1755.958,1713691465,a097799c
1578482733217387008,也许宇宙就是一台计算机,1495.132,1715261005,6a93eb7d
1579057566506747136,亚空间灵能,1573.999,1715329530,efbe4fb1
1579058387558354176,放个屏蔽灵能的设备就感应不到了,1631.979,1715329628,efbe4fb1
1579254921771946496,佛陀,1546.46,1715353057,36dd6ae7
1579256023708093184,心有灵犀一点通,1608.875,1715353188,36dd6ae7
1592049700339921920,看我用闪电光速拳打破这一切,1571.994,1716878313,f9c33a0
1612321553985591552,《黑科技》,1629.812,1719294906,a219ff4e
1625968406040107520,古希腊掌管意识,1554.605,1720921738,3d151d8e
1649055077350368768,给你个眼神，你理解一下,1636.409,1723673884,5aaf2537
1652352658549466368,灵觉,1641.621,1724066986,a16cb467
1661107407721556480,脑波可以散发，我之前在一次小区跑步的时候，想起了一首歌，但是我只开始发出一个音节，走在前面的人突然开始唱那个歌词了。,1604.769,1725110633,5d2d3a9
1682127693300132352,一直观测不累吗,1483.673,1727616447,46c0c30d
1701599915598113024,什么？个人意识？人从出生就在被环境塑造所谓个人意识大多只是环境结合以及自身思考的结果,1504.402,1729937717,dedb02ff
1701603790564615424,说的有理,1704.659,1729938178,dedb02ff
1783338091067602176,被重力束缚的灵魂,1524.8,1739681666,2c44889a
1783338729121912064,量子纠缠,1596.358,1739681742,2c44889a
1783339428169745152,元气弹,1675.578,1739681826,2c44889a
1786974265653554176,影响别人心理学上可以轻易做到,1504.76,1740115132,5486f4a0
1786975214421919232,心理学上一个人可以轻易做到影响别人，那么扩大一下，理论上可以影响世界，甚至物质不是不可以的！,1526.38,1740115245,5486f4a0
1786976220400488960,一个北海岸的猴子学会了用棍子，南海岸的猴子不久也会了用棍子,1592.42,1740115365,5486f4a0
1916143344204589824,进击的巨人是吧？,1622.518,1755513286,a8280c73
,,0.0,1775655591.4716349,
lb.c,,0.0,1775655591.4716349,
,,0.0,1775655591.4716349,
1510907383742748672,跑得很快，求生意识很强,1859.8,1707205395,b7253f15
1510918903147094528,他修炼了《太乙金华宗旨》,2023.924,1707206769,7de28024
1510991378388436224,借鉴了太乙金华宗旨,1837.888,1707215408,294d453
1511005315775364096,哈哈哈,1963.285,1707217070,927717c4
1511014668888519424,上帝之手,1918.028,1707218185,ca822b25
1511166440768539136,这个棋盘不对,2072.106,1707236277,4653de3d
1511371598396001024,有没有可能是来自DNA,1950.402,1707260734,7fac09c3
1511483614431370496,牛逼,2021.509,1707274087,7a0bddcc
1511485013181729024,如今的奇怪现象就是没有没有了封建迷信，而破除封建迷信的虽然不是科学，但是科学却已经快成为过去的封建迷信了，我们想看到一件事的源头的时候，就会可以加上所谓的科学,2130.976,1707274254,af3bc664
1511504705279391232,金花的秘密,1815.389,1707276602,a98acdbb
1511512530986694912,人活着就是为了结婚生子买楼买车,1866.718,1707277534,aef8af5a
1511559259358233600,是的,2055.246,1707283105,b98c9fb3
1511559430016283904,不是的,2075.589,1707283125,b98c9fb3
1511559759764321792,言的流,2114.893,1707283165,b98c9fb3
1511559948726130432,演的流音的体,2137.413,1707283187,b98c9fb3
1511560084688445696,言的流音的体,2153.621,1707283203,b98c9fb3
1511565634423857408,分不清~,1884.517,1707283865,933259ff
1511602383002993408,《周公解梦》,2037.176,1707288246,6ff793a8
1511624784738764544,某些时候也是知识水平决定的，夏虫不可语冰,2085.835,1707290916,50d5c8b
1511646783602726912,夏虫不可语冰是认知层面上的,2089.501,1707293539,be83c184
1511686028237673472,金花的秘密+1,1819.319,1707298217,a061f1a1
1512226107229853696,我认为，由于身体硬件相差不大，当思想到某一个峰值的时候，有可能会触发身体的某种开关，而引发现象,1877.869,1707362599,4000cde6
1512227452569843712,基因,1912.019,1707362760,4000cde6
1512227704295081216,基因希望存活、和延续的意志,1890.303,1707362790,4000cde6
1512236336088623360,或许曾经真的有魔法，因为人们认为世界上有魔法，现在没有魔法，是因为人们认为世界是科学的,2100.762,1707363819,4000cde6
1512239475148106496,人体，很奇妙吧！,2126.422,1707364193,27b83167
1512239655066593024,可是我在梦里是可以飞翔的,1994.485,1707364214,265b6271
1512362316396920064,好多次做梦都在飞，有时候觉得就算现实都能飞了,2001.879,1707378837,4220556d
1512364029216148480,其实有关联的,2134.299,1707379041,4220556d
1512480029035323904,鬼故事：进度条,1986.306,1707392869,65c077b4
1512511491256164608,就像那个著名的死囚实验，蒙上死囚的眼睛，在胳膊上滴水，但是告诉他是把手腕割破了，最后死囚死了,1998.61,1707396620,f49ebad4
1512758448813970688,……左和右的A和A以及左和右的B和B比较吗——相同,2073.468,1707426059,eb3ee6e6
1512924223243730432,说不同的吧图片保存下来吸取颜色画线就知道了,2080.35,1707445821,699e6f85
1514001847558388224,可我几乎记不得梦里的情形，甚至醒了后忘的很快,2013.071,1707574284,92e7c78e
1514629060230230784,共食性,1922.803,1707649054,c4510bcb
1515208208879558912,太乙金华宗旨,1820.396,1707718094,2562f491
1516831083335831808,曼德拉效应就是意识改变世界的例子,2115.96,1707911555,a0af2f4
1517339590636122880,一个人有个人意识，在群体中个体无意识,1856.843,1707972174,16f2bbca
1517340428742268160,基因表达的侵略和修改……,1922.122,1707972274,16f2bbca
1518340789556555008,这图不是著名的假图吗？,2076.051,1708091526,7bc7e17c
1518977214304181504,我用卫生纸遮住，亮度也是明显不同,2076.376,1708167394,7b4973e9
1519556650824935168,sOx的时候,1849.993,1708236468,bde99489
1519704264153583360,根本就不一样,1987.828,1708254065,c4176682
1519724956970561024,庄生晓梦迷蝴蝶,2000.801,1708256532,71375078
1520496850229345536,"我怎么彷佛听到哀乐的声音,,,",1958.693,1708348549,8d4759ff
1520618504934856704,你牛逼,1956.753,1708363051,5b4e526d
1520621387814055936,意识可以改变世界，方法、强度、时间,2113.674,1708363395,5b4e526d
1521535987929572352,乌合之众也说过这个事儿吧,1846.43,1708472424,2bc7f25d
1521537440450462976,一般来说治疗这种病的话求助巫医的多，以及，很多都是能量附体啥的就很能说明问题，总归是业力，负面能量集中在某几个人身上以之为祭品的话，守村人啥的就出现了,1900.246,1708472597,2bc7f25d
1521538643486181120,宗教里对梦境的解释更加合理而且能找到和现实显化的对应的特别多,1982.965,1708472740,2bc7f25d
1522429998416676096,我看过,2027.856,1708578998,1a2551f2
1522430086144580096,红叔，我是真的没有懂他的逻辑在哪里，因为确实讲了很多他的梦境，特别是二战的时候,2029.696,1708579008,1a2551f2
1522449276075153152,涂尔干的集体欢腾,1849.819,1708581296,2268529f
1522702111547525632,阿努纳奇,1914.388,1708611436,164ded48
1523066636838878720,《世界是一个巨大的人类补完计划》,1884.829,1708654891,ded02f3a
1524532962606070784,通过对比RGB发现，AB两点颜色是有明显差异的,2073.796,1708829691,22aa0f2b
1526036773640537600,人的动物性，也就是深层次潜意识占了肉体主导地位。人类受的教育是未了压制原始伤害性欲望，所以人性本恶？,1906.67,1709008959,5990b651
1526309394483435520,意识在我看来最大的作用是编码，而对我们行为做出决定的是潜意识，所以，我是意识在编码的时候形成的虚幻概念,1804.446,1709041458,f635abf2
1529108745760615680,中医精神病患烦躁的 是有身体热,2036.695,1709375167,b2446d3b
1529109335303665664,黑客的信息病毒会让硬件过载烧掉,2107.015,1709375237,b2446d3b
1530381264878675712,盗梦空间?,2050.537,1709526863,5ebf297f
1530381665493414912,"以前的日心说,地心说",2098.366,1709526911,5ebf297f
1534719463906337280,荣格就是星际宝宝,1822.664,1710044016,62081682
1539231689010641152,我们班级基本上看一眼就知道对方的情绪，而且，有时候我前桌甚至知道我在想什么,1801.193,1710581916,9798cac3
1539233523800655616,那是你要长高了,1999.187,1710582134,9798cac3
1543386100599866880,曼德拉效应,2122.645,1711077160,7b1896f7
1565315906044132608,佛学和道家比，差几个境界,1809.015,1713691397,a097799c
1573349828916924160,他有修炼,2032.259,1714649115,336113a1
1573350443558662912,太极,2102.099,1714649188,336113a1
1578361954559677440,有人尝试过AI解梦没？很有意思,2041.123,1715246607,d607362e
1590228868223436800,意识水平这词说的妙啊,2088.428,1716661253,32e70d68
1600658511925350656,我听懂了他在说什么。他说的没错,2052.81,1717904564,3080c9a7
1602239587080851712,看了东方的书 吕洞宾,1832.756,1718093042,69bea4b0
1624819953872344064,靠，颜色居然真的想通，具体看评论区,2075.46,1720784832,fe252aac
1649059446992731392,意识是不是种能量,2157.324,1723674405,5aaf2537
1657206902897253376,左右图不一样啊,2071.912,1724645657,bb2b695c
1786980775188154112,这点承认，多层意识观测的结果，总结的很好,2103.861,1740115908,5486f4a0
,,0.0,1775655591.4716349,
lb.c,,0.0,1775655591.4716349,
,,0.0,1775655591.4716349,
1510911112671956992,我们过于相信科学，认为他是真理了。这是否是一种固步自封？,2425.662,1707205840,b7253f15
1511043103258296832,免疫系统：啊对对对,2316.231,1707221574,2ab2c67e
1511044392453046528,从青城山下来的老中医让我感受到真实的炁,2355.993,1707221728,b35f19a4
1511116286984442880,不是抵抗力吗？,2322.185,1707230298,ff133554
1511235917728701440,←宗教神学等被认为与科学相对立的学科现在也被认为是人们对于无法用科学解释的现象的自我安慰,2429.827,1707244560,ad5cbc3e
1511272775527040768,好的中医实在太少 遇到是福气,2364.25,1707248953,dfbee101
1511487267166930432,针灸,2457.037,1707274523,7a0bddcc
1511488226815205888,最可怕的就是如今，已经脱离了所谓的封建迷信，可是我们脱离的真的是封建迷信吗，而且如今证明任何事情的时候一定要加一些有关科学的东西，这也是一种对科学的过度迷信吧,2424.626,1707274637,af3bc664
1511490249644360192,西医和中医还真不是有关联，这点我不认同，中医和西医文化上就是相反的，中医和西医不在一个维度上，一个年轻人发现了老者走过的路，你能硬说他们是有关联的吗，西方文化的弊端,2473.872,1707274878,af3bc664
1511491297306146304,在治疗过程之后，人开始认为自己会好起来？,2422.389,1707275003,85a4eac4
1511516174092251392,然而恰恰相反,2214.264,1707277969,aef8af5a
1511531146054523648,是的，上学的时候胃痉挛，当时生物老师，就用力掐我虎口，一点点的缓解了,2472.447,1707279754,2a157ba2
1511540666142896896,针灸：我TM来了,2449.592,1707280888,ac9066d7
1511560550700850688,是普洱的味我这,2209.157,1707283259,b98c9fb3
1511561083603974144,表象是化学的，本质是物理的。其实整体上化学是物理的宏观而已。,2394.803,1707283322,dc8b0e4a
1511562175272190720,是电脑制作的,2402.846,1707283453,b98c9fb3
1511562415010359808,电的载言的流音的体,2431.439,1707283481,b98c9fb3
1511616696140648192,有没有一种可能，人的思维就是高维生物思维在三维世界的投射,2233.578,1707289952,51f3e284
1511629591763218432,《金花的秘密》,2198.031,1707291489,50d5c8b
1511713660849069824,卧槽,2252.769,1707301511,9d05f18f
1511845184265346816,任何的任何，所有的所有，尽头都是易经。,2400.141,1707317190,2cb16c2f
1511848725457576960,每个个体意识都是高维意识的神经突触？,2239.216,1707317612,12d7ee3c
1512021031039366400,每一个字都看得懂，句意也知道但是深度不够就会产生一些别人一看就知道是错误的猜想,2435.828,1707338152,3b533936
1512219504078473472,S于新冠？,2246.511,1707361812,ad11dac3
1512243732911897088,个体影响主体，主体影响个体,2501.573,1707364701,4000cde6
1512397767090551040,中医里没有癌症这个概念并不是说不能这就能解释断肢者为什么还能感觉到到失去肢体的疼痛,2427.562,1707383063,5a4a6244
1512442956387476992,寡人二刷,2469.849,1707388450,85d43060
1512444733740298496,抵抗力，是个比较抽象的概念；你心情不好的时候，抵抗力就会差些……,2329.185,1707388662,ae0ac0c3
1512515443531734272,在圣经里有一些奇妙的描述，用身体必须人，用人必须身体。与这段类似,2500.145,1707397091,74b8ee47
1512549070609536000,针灸,2458.17,1707401100,9c484b9d
1512896328530001152,缓解没有用，不满意，要治愈。因为可能欺骗身体,2509.863,1707442496,1c12d50
1514036594607452672,不太正确，人的思维本身拥有更高维度，只是身体在目前空间最高只能是三维,2237.494,1707578426,4f1113dd
1514062225051420928,心理健康与身体健康确实关联很深,2304.737,1707581482,2e37a580
1515215889161593600,有听过得了癌症然后全世界旅游最后癌症反而痊愈的例子，也许就是脱离了致癌环境加上好的精神状态的结果,2221.041,1707719009,2562f491
1515795323803729664,这个真实体验，真的是这样,2292.632,1707788083,776bda24
1516057247812173568,经脉,2467.808,1707819307,82e8dd71
1516098734025386240,难道不是靠免疫系统吗,2217.268,1707824252,57df44d5
1516612670131155712,其实西医也有很玄的东西，比如免疫力，什么时候叫免疫力好，根本没有具体的概念,2352.269,1707885518,6697a20f
1516991386145065216,高维世界的VR游戏,2242.624,1707930665,48d70840
1517344831318743040,用人参、黄芪,2224.338,1707972799,16f2bbca
1517347802605385216,精神意识=软件信息，身体物质=下载3D打印,2410.515,1707973153,16f2bbca
1517582444402952449,卧槽，这就是天赋异禀,2209.346,1708001125,88fbb66
1518174427320574720,不是西医是现代医学,2493.541,1708071694,3c60f134
1519730201108750592,科学是方法，为何要不相信呢？,2430.059,1708257157,71375078
1520622084756373248,他修炼了,2190.139,1708363478,5b4e526d
1520623330330361344,自己！有个外国医生实验过，靠强烈的心理暗示治好了牛皮癣,2265.456,1708363626,5b4e526d
1520908359560115456,气伤则痛，形伤则肿。气比血先行六寸。,2463.567,1708397605,a0cafc8b
1520963744061128704,前面那个，火子哥直呼内行,2236.008,1708404207,80f2eb12
1520976130982018816,迷迷糊糊的是玄学 不解的神学 懂得科学,2164.245,1708405683,6c47009f
1521541107815769088,这算啥异端啊，打坐在基督教里又不是没有，很少有人修到那么深而已,2197.052,1708473034,2bc7f25d
1521544602920772096,万一西医本来继承的是黄帝外径那乐子就大了，岐伯万一就是那个希波克拉底岂不更可怕，很好奇当年恩基作为蛇族老大到底传了什么功法和理论下来,2474.618,1708473451,2bc7f25d
1523114759841384448,先生大义,2220.415,1708660628,db9cfae7
1523126538688596992,橙汁还是纯水,2313.98,1708662032,caf65355
1523127209450338816,地上对应马斯洛需求前两层，天对应后三层,2330.991,1708662112,caf65355
1525636257588286464,按摩！！！！,2448.508,1708961214,c53b682b
1528241822726842368,信念生物学,2263.622,1709271821,67438bf5
1529109935458407680,因为不到的时候没惊喜 你记不住 只有曹操到了 有惊喜 你记住了,2178.542,1709375309,b2446d3b
1529110732233364480,你意识紧张了 身体一系列物理化学反应 给你留下了太多应力,2273.522,1709375404,b2446d3b
1529112483883823616,但你的意识会干扰这种修复运动 天长日久 应力积累 你修复不了,2482.358,1709375612,b2446d3b
1534725077554193920,疗愈我们的，永远是自己的内在,2271.099,1710044686,62081682
1539356874623708928,睡的好，第二天精神抖擞心情自然就好，所以认为自己健康，重点在开心快乐,2335.221,1710596839,bfc60bba
1548194627050484736,那这个流行性病毒怎么解释呢,2357.649,1711650381,1d7ce053
1548737409313900288,针灸和点穴！,2457.962,1711715086,cc4815cd
1548993516074816768,针灸穴位？,2464.159,1711745616,6a29f185
1550050407584231168,把他理解成状态就行了，科学也是一种状态。,2376.561,1711871607,ccb411bd
1551006195068880640,我曾把气壁离体外，，还发出了影响世界的声音噗噗,2375.778,1711985546,f522bbb6
1555121621273371136,因为电的手疼,2473.939,1712476143,ea11837c
1565496225019493120,西医无法治疗检测不出原因的病症，但中医却能从不同角度解释并治愈,2218.107,1713712892,db9fdcf0
1571601289748546816,分形，局部是整体和自己的可变参数，万花筒,2504.482,1714440673,21037bc0
1573351739003034624,爽,2252.579,1714649343,336113a1
1573352303841283328,三魂七魄,2315.899,1714649410,336113a1
1573352830830809344,穴位,2374.619,1714649473,336113a1
1573353742068092672,任督二脉,2456.859,1714649581,336113a1
1578362787087190528,天魔入侵意识,2212.663,1715246706,d607362e
1579291454101486848,吸引力法则,2176.759,1715357412,ee107ec5
1580492236670840064,针灸,2507.608,1715500556,cfe44174
1582387350733290240,nonono，是玄学,2264.528,1715726471,19d5eff4
1590230282005697024,描述的很准确啊,2206.25,1716661422,32e70d68
1590232687867065344,这类人的意识程度较高,2296.406,1716661708,32e70d68
1590234558584909056,针灸的原理,2452.39,1716661931,32e70d68
1605835904344478464,足疗必须入医保,2518.927,1718521757,9969ad27
1626647873456418816,双系统是吧,2310.978,1721002737,8dd59655
1629547859357964288,在陕西上学时，跑遍各大医院一年都治不好的过敏，被一个小镇的中医14副中药治好了,2341.119,1721348442,29760c94
1650116862052451072,先天体质差,2285.144,1723800458,2562f491
1650261338385420800,阿赖耶识,2391.787,1723817681,a2dbbf2a
1682133631210146048,？？,2169.502,1727617155,46c0c30d
1682136044864119808,……这个所谓“先兆”用中医更好解释,2414.885,1727617442,46c0c30d
1784896564435635712,手术治不了疾病，只是切掉病坏的组织，最终战胜疾病还是靠自身免疫力,2269.278,1739867451,9cb0fde9
1786987271728803072,为什么那么多人总认为一切理所当然呢？你身体有问题，你第一想法是啥？,2446.361,1740116683,5486f4a0
1830415254694682880,这个就像很多人挠痒痒明明挠左手结果连带着身上一个地方也痒痒,2511.665,1745293702,16af4bf5
1862541813677282816,真相：活得百岁以上的人体内不是没有癌症，而是没有去过度处理，或者根本不知道。,2259.253,1749123486,fa202f09
1903035108337248768,嗯嗯，所以说科学一点是优于玄学的，所谓玄学，就是你没办法证明真，所谓科学是你要想办法证伪。恕我无才，看不出孰高孰低。,2433.468,1753950663,bd550466
,,0.0,1775655591.4716349,
lb.c,,0.0,1775655591.4716349,
,,0.0,1775655591.4716349,
1510952832432415488,经络,2577.363,1707210813,da322836
1510991273237134336,此处需要二舅,2787.883,1707215396,e61716b0
1511219917113070592,逐渐忘记标题,2540.273,1707242652,cd48e03d
1511241564939450880,也有观点认为量子坍缩是应为受到了外界的干扰，干扰源和意识没关系，比如一个光子,2647.722,1707245233,ad5cbc3e
1511250899723715072,质的变幻,2604.981,1707246346,99d607ef
1511251694502139648,有时候分不清是意识还是欲望或是意志,2699.741,1707246440,99d607ef
1511252858329573632,锻刀赛，奥德彪,2838.509,1707246579,99d607ef
1511489279375808768,集体潜意识是不是就是宗教里面的神,2696.952,1707274763,7a0bddcc
1511539839638453248,问题是双缝实验并不是意识干涉物质，只是对应的观测行为导致了结果不同，就像人眼观测万物只是万物把光反射进人眼而已,2598.026,1707280790,2b0a5cad
1511543098244037120,内观,2829.376,1707281178,2bd59f90
1511563184681708288,是承合,2523.182,1707283573,b98c9fb3
1511573785415964416,心理作用确实在起作用....现有科学体系认知下，确实离谱了,2616.921,1707284837,933259ff
1511574982160060416,看到这想起了我朋友总说的“有些东西的意思，只有在特定的语言下，才能不变形的完整表达出来，翻译成别的语言，就不是原本的东西了”，虽然他调侃的是网络河蟹,2683.356,1707284979,933259ff
1511633916526979840,进击的巨人-路,2675.093,1707292005,50d5c8b
1511780150743128320,催化剂是参与反应的,2548.702,1707309437,1eda1f81
1511852761502107648,这里可能指：被屠宰分割后的牛肉块的肌肉还能正常颤动,2847.467,1707318093,16cebda2
1512029021372691200,低于标准线的拉上去高于标准线的误导下去结局早已注定,2860.137,1707339105,3b533936
1512214670243791360,炼神返虚、,2769.67,1707361236,749823ac
1512214775856221440,炼虚合道,2782.265,1707361249,749823ac
1512247837205778176,或许养生主本来就是一个词，他有一个单独的意思,2728.225,1707365190,4000cde6
1512265698607546368,都对，文言文言简意赅,2710.272,1707367319,6df0c1d6
1512897040949031168,假说不能验证，就有点伪科学了,2559.982,1707442581,1c12d50
1512988025402061568,“名可名，非恒名”,2630.507,1707453427,bf7bf192
1514006800888858368,经脉,2527.311,1707574875,92e7c78e
1514008915740832768,催化剂很多种类的，有参与后还原型的，也有不参反应与只影响的,2559.507,1707575127,92e7c78e
1514065585376442880,不是推向玄学，而是曾经以为是玄学的现象有了能以科学理解的可能,2635.15,1707581882,2e37a580
1514637225634528256,庖丁·：舍不得刀,2834.589,1707650027,c4510bcb
1514643111123638016,维特斯根坦：语言的边界...,2698.257,1707650729,608c8027
1515917648968501760,玄之又玄众妙之门,2657.089,1707802665,38e0cfa7
1517587125145587968,要是长期催眠自己会怎么样,2725.298,1708001683,88fbb66
1517675852157326336,读金刚经,2672.59,1708012260,a9fcc626
1519780859342057216,感受到过，甚至知道是什么。但是害怕接触。,2665.365,1708263196,58acec7
1520469782808481536,道可道非常道,2629.481,1708345322,d762be28
1520627791895512064,我更赞同三个分开,2718.688,1708364158,5b4e526d
1521023430105978880,哈哈哈，前面的,2563.92,1708411322,b553b98a
1521547084388373504,克苏鲁了起来,2745.87,1708473746,2bc7f25d
1522708604589951232,是哪个意识在观测,2595.771,1708612210,164ded48
1523734953245245696,哈哈前面的，你是真信教科书上说的呀，参与反应本身就存在问题，能量一定会变的，也就是量,2552.856,1708734561,d8b5495b
1524372883437014528,人体有按钮，按下去就能触发某种联动,2562.916,1708810608,3e145f2f
1527738967150391040,性命双修,2796.143,1709211876,70a57111
1529115662369318912,都是要么一念正确的引起于正确的道路上让身体有序 要么就是无思像睡觉一样,2861.229,1709375991,b2446d3b
1530385645233783040,还有物理学,2572.795,1709527385,5ebf297f
1530387079006374400,练气,2743.662,1709527556,5ebf297f
1530388143193323264,"蚯蚓,壁虎断尾求生",2870.574,1709527683,5ebf297f
1532534714815294208,所有宗教的最高层都完整的说明了只是你不懂,2675.576,1709783574,a5469906
1534890321371221248,催化剂就是相信的力量,2561.12,1710064384,62081682
1547839603913129984,汉尼拔：庖丁解人？,2866.091,1711608059,2924f963
1565343465338884096,我悟了！随心所欲！想睡就睡，不行起床就不起床！工作爱谁干谁干，老子不爽，啥也不干,2865.521,1713694682,a097799c
1572567091251712256,养生=主；逍遥=游,2769.161,1714555805,372c8582
1590239059560099584,名可名，非恒名也,2630.965,1716662468,32e70d68
1590239493980714240,人的天赋差异,2665.61,1716662520,32e70d68
1590240603575560448,易经中的物极必反,2765.451,1716662652,32e70d68
1592060581706304768,啊，这个真没想到，有实证吗？,2560.711,1716879610,f9c33a0
1592061687744197376,大家好，我是新生代科玄家,2643.455,1716879742,f9c33a0
1594314014312289536,黄帝内经,2534.97,1717148240,10d4dc90
1616707099876686080,文惠君：解压短视频——庖丁解牛,2805.71,1719817704,67bcbd29
1626675886122125312,又回来了,2591.958,1721006076,5633d2a9
1631438955083855104,突然想起标题,2585.702,1721573878,21c7b3eb
1651791865642563072,有谁知道现在的背景音乐是什么吗？求求告诉我。,2643.134,1724000134,5f181478
1651794047494518272,AI识片酱,2699.113,1724000394,5f181478
1786991413704718848,分不清欲望意识的，修炼就是种方法,2714.281,1740117176,5486f4a0
1831179479373324544,早期解压小视频,2816.9,1745384804,b710be43
1831457109842711808,学音乐的人有体会，学音乐之前都是完整的听歌，学完以后现在都会无意中注意各个声部，很难完整的听了,2843.746,1745417900,dfe4b0fd
1862545145472995072,意识是其中一部分原因吧,2613.311,1749123883,fa202f09
2024269125094457856,我觉得是倒过来读,2729.341,1768402884,69b55d6
,,0.0,1775655591.4716349,
lb.c,,0.0,1775655591.4716349,
,,0.0,1775655591.4716349,
1510957622461777920,天魂,3128.676,1707211384,da322836
1511218571445973248,一个人不行的 量变才能引起质变,3198.341,1707242492,d42c8ad
1511230160643446528,阿卡西记录呗~,3238.541,1707243873,cd48e03d
1511530686627303424,NPC的集体AI啊,3237.649,1707279699,f170be36
1511568884010922240,是梦与愿望,3125.115,1707284252,b98c9fb3
1511570884618528512,是通灵的梦境,3206.23,1707284491,b98c9fb3
1511822907737834496,庄子：原来我时这么想的啊！,3134.221,1707314534,bda1f123
1512251072759342080,突然失去或者将情感带入了,3070.429,1707365576,4000cde6
1512252022500783360,灵光一闪，突然想到,3150.493,1707365689,4000cde6
1512252635288549376,其实是循序渐进，早有征兆，但大多数人无法察觉,3191.345,1707365762,4000cde6
1512253239452826112,那之前的猴子们为什么会开始蘸着海水吃呢,3230.319,1707365834,4000cde6
1512774213281604608,卧槽。混沌理论系统！！！！,3153.81,1707427939,8ed0c3de
1514016509931098624,你猜第一个发现螃蟹能吃的，到底怎么发现的？猴子又不傻,3209.326,1707576032,92e7c78e
1514073298105808384,迷因，或者说信息木马,3180.678,1707582802,2e37a580
1514583535271749888,第一只猴子受到启发后并做出的行动，是对猴子这个集体意识里编入了规则，从而改变了集体,3218.418,1707643627,c665640
1514639174123334656,自性,3026.532,1707650259,c4510bcb
1514640437590583296,更高的维度,3120.485,1707650410,81689b77
1514641035211329792,猴子阿卡西,3230.978,1707650481,c4510bcb
1514698547189152000,这里已经看不懂了。。。,2926.085,1707657337,9ffb6953
1514744780003978496,到这里就已经是我的认知极限了,2941.535,1707662849,9dd3ff7c
1514824981765295104,这BGM,2972.822,1707672409,e2780229
1515242570916536832,之前的是跟科学家学的,3233.369,1707722190,2562f491
1516890290877783552,火之意志,3111.925,1707918613,88702550
1518665084443254784,哎呦，不听了bgm太诡异,3049.544,1708130185,be292ef8
1518807268521512192,相信后人的智慧,3102.257,1708147135,f9adf723
1520316968576921600,应该是王浩，,3176.635,1708327105,3c73699e
1522419705653141504,形神俱秒，与道合真,3022.407,1708577771,be610f50
1523014509801892096,集体潜意识,3111.359,1708648677,1d21615c
1525945910948258816,传火,3093.569,1708998127,d2dd72c0
1526325358331251200,这里的理解就是形是个容器，而神就是被这个容器盛着的,2938.91,1709043361,f635abf2
1527744800521370112,薪火相传,3096.725,1709212572,70a57111
1527758035026471424,神能入石，神能飞形,2920.882,1709214149,62568114
1528889413248482048,传火黑魂,3116.323,1709349020,6f32af52
1530108341492489472,好困啊,3034.209,1709494328,5804464b
1534893210164506624,超体,2897.908,1710064729,62081682
1537580659072350720,想听妖怪篇,3181.802,1710385097,91e0a9c8
1544285120998244864,蝴蝶效应,3176.236,1711184332,384ddeeb
1544357386121272832,不会是共同意识吧,3095.67,1711192946,5783e517
1575480378784163840,信上帝,3134.598,1714903096,a388be22
1579708203527511552,问法官啊,3179.339,1715407092,36b4895d
1579948250130296320,精神,3090.485,1715435708,9b4ce596
1581621475461416704,这种背景音是什么，太喜欢了,3108.623,1715635172,de41b98e
1592064944445303808,你这CPU架构该优化了,2936.602,1716880130,f9c33a0
1592066053209484544,你也许不能创造自己，但至少可以改造自己，能不能创造也不一定,2998.077,1716880263,f9c33a0
1592067141253920768,我在乎的这一个失去了，我还不能难过？,3084.918,1716880392,f9c33a0
1596308833918038528,我还是会扶的,3164.151,1717386041,50e7d22
1606223054693128192,胖猫,3160.501,1718567909,daf8c946
1623418737971474432,昆山龙哥,3189.659,1720617794,db4ca287
1631442855685806336,大圣灵,3123.419,1721574343,21c7b3eb
1786995063336434432,如果潜意识是真的，那么人类身体的共生微观生物的集体潜意识是不是就是人类意识的温床？,3025.581,1740117611,5486f4a0
1806748969587135744,陀，你不是一个合格的科学家，但是，你是一个好心理医生！！！！,3076.512,1742472461,e9102dea
1916164431202230528,进击的巨人。,3222.153,1755515800,a8280c73
,,0.0,1775655591.4716349,
lb.c,,0.0,1775655591.4716349,
,,0.0,1775655591.4716349,
1510971530572945408,病毒也是,3260.161,1707213042,68adfe97
1510983347998903808,所以为什么说公众人物说话和行为是有影响力的。。,3271.184,1707214451,5344860d
1511047425832659456,虚空终端,3240.373,1707222090,8327211f
1511152281444385536,这个进度条够带劲,3267.0,1707234589,c82172ab
1511578410852420352,吃过,3323.709,1707285388,b98c9fb3
1511680385774603008,呜呜呜呜呜,3381.092,1707297544,350b71bd
1511864251613163520,好赞！！！已三连！！,3375.957,1707319463,a151a368
1511912731333112064,尼古拉特斯拉,3242.059,1707325242,e77b4efc
1512209128251316224,国之大事，唯戎唯祭,3343.927,1707360575,3d3ac38c
1512361484406102784,我说：看过这个视频的人都很快财富自由,3374.202,1707378738,c811e88f
1512905877231943168,如果可以，我请求我父亲的病症可以通过中医治好，不需要手术化疗,3385.38,1707443634,96c0ea62
1514017550168926720,这个叫榜样~,3263.867,1707576156,92e7c78e
1514052802664623104,巨人里也是这麽说的,3250.246,1707580358,8b405922
1514074494271267840,榜样,3250.657,1707582944,2e37a580
1514426217699705088,"随众生心,应所知量,循业发现",3338.047,1707624873,552666d8
1514467136347857152,传播学,3252.723,1707629751,fdae21aa
1514585089571321600,本质如up所讲，表观来看，是个体与其他体的互相影响,3257.288,1707643812,c665640
1514586357778151424,意识能向上编辑规则，从而让其他个体受到影响。,3375.288,1707643963,c665640
1515244400329096192,终于回到标题,3352.533,1707722408,2562f491
1515245365908168192,会，我赞美一个人，对方就会开心,3371.569,1707722523,2562f491
1515327875191339520,每个生物，即使不是生物也都有自己的编码程序，找到合适的接口，输入各种形式的命令就会产生各种光怪陆离的结果。。。,3381.143,1707732359,1ffbc1b5
1515820269367795712,言出法随,3371.896,1707791057,776bda24
1516768920881824512,我很有钱我会很有钱,3387.47,1707904145,70fd3c54
1516954469592933632,但是呢，很可惜，天地不仁以万物为刍狗，物质宇宙也不会因人的想法而转动,3336.001,1707926264,8384b083
1517633712840660224,真的已经三连了，你已经言出法随了,3390.09,1708007236,1733fcea
1518174832104131072,闭口禅开口定乾坤,3371.615,1708071743,8efd754e
1522714113464572160,阿卡西记录,3252.427,1708612867,164ded48
1522755371783948800,相信相信的力量,3370.14,1708617786,e361d6e7
1523774884663086848,不是八级大狂风吗？,3328.519,1708739321,66fc55c1
1525948176568456704,其实我也觉得我能影响天气,3349.825,1708998398,d2dd72c0
1526329365493732096,拉马努金,3246.818,1709043839,f635abf2
1527761067525454080,君子之德风，小人之德草,3264.903,1709214511,62568114
1528252348273969408,←前面发这个弹幕的，回旋镖在等着你,3334.468,1709273076,67438bf5
1528302863489519616,董仲舒的天人感应。。。,3335.263,1709279098,eb692ff6
1529666599341484032,岛上没有番薯，科学家带的,3240.346,1709441668,3c7337bc
1529668256988820992,首先得找到输入代码的入口,3366.077,1709441866,3c7337bc
1531277046981185792,原神，拯救世界,3377.201,1709633648,7039cd78
1532749734215975936,能影响天气？那不是萧敬腾吗？,3335.762,1709809206,a48a250c
1548578720279697920,关键小人物,3375.09,1711696169,c2ebb559
1561767342860648960,上传到云平台了，全人类的意识都在训练同一个AI模型,3240.735,1713268375,43544b2e
1579709736914476800,人定胜天,3362.094,1715407275,36b4895d
1592069102250627584,反正预知梦我确实做过,3243.288,1716880626,f9c33a0
1592069806364986880,罪己诏？,3318.523,1716880710,f9c33a0
1592070266757056768,所以萧雨神是怎么影响天气的？,3344.159,1716880765,f9c33a0
1606399670735766016,同样适用于所有宗教、政治,3277.292,1718588963,726a651a
1608730598024060416,终于绕回来了，哈哈づ♡ど,3350.983,1718866831,92bbae6d
1837860283956193536,刚开始说什么来着？咒语,3369.517,1746181218,eb39c167
1862551286277790976,媒体,3273.964,1749124615,fa202f09
1916166274984708352,等等，这不是董仲舒的天人感应吗？,3313.709,1755516020,a8280c73
1916166598281445376,这不是天人感应吗？,3285.004,1755516058,a8280c73
,,0.0,1775655591.4716349,
lb.c,,0.0,1775655591.4716349,
,,0.0,1775655591.4716349,
1510893569358271232,第一第一,1.699,1707203748,cde4d87e
1510899902287393024,因为翻译的过程信息会有误差,326.337,1707204503,18041a7d
1510909908177375488,大吹法螺，大敲法鼓,139.426,1707205696,6701cdaf
1510910844496804096,咒语：钵钵鸡 钵啊钵钵鸡 一元一串的钵钵鸡,264.042,1707205808,a2d527c6
1510919025335687680,角度新奇，有想法，尚,30.832,1707206783,68222e04
1510930884453687552,终于更新了,16.979,1707208197,520a78cf
1510950755354440448,临兵斗者皆烈阵在前,56.422,1707210566,7ab67633
1510958798544962048,传播的都是怎么分红，知识垄断和解释权垄断是宗教发展的重要手段,322.894,1707211524,68222e04
1511034478041378304,如果宗教失去神秘性，被彻底解构，那会彻底沦为娱乐产品，甚至被遗忘,316.877,1707220546,9f3bfdff
1511181262969388544,好家伙，这时长老夫相当满意,4.106,1707238044,cd48e03d
1511182539002482176,阿达瓦卡达哇,80.78,1707238196,c5b1b916
1511222906066129664,更新了,2.219,1707243008,2d45ce45
1511226942186302720,八利三藏,254.169,1707243490,925a8e
1511242451145711872,是临兵斗者皆阵组前行,60.751,1707245338,56542bc
1511243862948012288,呃稍微做个思想实验就知道了吧，两人用同一个咒语博弈，宇宙会让谁的生效？,48.369,1707245507,61765872
1511247346108166144,保持神秘性,324.439,1707245922,9ba24f69
1511269600958901504,起源于远古的傩戏吧，只是语言到后面音调之类的变了,229.695,1707248575,9a4d5722
1511286993429352448,傩戏？,195.086,1707250648,40e8b606
1511371366191285504,一本老书，魔界英雄传,56.191,1707260706,d7472b31
1511371955406711296,宗教、民俗需要权威啊，和普通人分开,332.559,1707260777,a03619e9
1511443430792994816,读作频率,50.419,1707269297,f170be36
1511449130046897920,ai是语音是ai服务人。所以按这个逻辑理解 咒语就是人服务神，而不是神服务人。,39.02,1707269976,c9088b35
1511456406702981888,欢乐豆效应,18.499,1707270844,9a409ed0
1511458951899097600,唵蓝净法界，乾元亨利贞,57.505,1707271147,935d4258
1511460489002457856,嘛哩嘛哩哄,115.187,1707271331,f79d57f0
1511461124523224064,巴啦啦小魔仙沙拉沙罗全身变~,122.181,1707271406,f79d57f0
1511464619930060288,大威天龙，般若妈妈哄！,123.144,1707271823,2694a6a3
1511484128527372544,盂兰神功,201.216,1707274149,b5a2bfa6
1511493372387584768,酆都,186.259,1707275251,aef8af5a
1511501312163094528,六字大明咒,65.699,1707276197,3c847720
1511518557304159744,但是指定语言可以掌握解释权，你传播了但是不听我的，那有什么用,321.567,1707278253,5eea56d8
1511520194298916352,惠州人冒头,133.131,1707278448,f388d0d7
1511530496667056128,奇术师,38.359,1707279676,9f798b2
1511539736383475456,背景音乐很好听,238.293,1707280778,e98af137
1511542792294497792,电的载，言的流音的体！！！~,92.155,1707281142,b98c9fb3
1511568683934632192,太平歌词,176.762,1707284228,dccf1241
1511634527880466688,嗯，用山东话来读论语对吧？！,303.511,1707292078,d9096a03
1511682304282562304,细思极恐,65.85,1707297773,e7a6fc0
1511691840704061440,这根本不是悖论，宗教信仰可以共享，但宗教解释权不能，用这些与众生不同的语言是刻意为之,314.645,1707298910,10fe7ea0
1511767484339176448,你要弄清楚什么是咒 在从你的语来研究,107.255,1707307927,c04d39b0
1511770286520144384,但咒语往往需要支付代价,42.49,1707308261,3e66d107
1511813234556941056,普罗米修斯！！！,263.753,1707313381,a151a368
1511845043487872768,我们称为：指令【狗头】,102.28,1707317173,8872ac8b
1511858711323561472,一切都会好起来的,9.076,1707318802,f57b51b5
1511865453088102912,其实就是呼出控制台输入权限内的命令而已,68.929,1707319606,de100637
1511902250002346752,日落西山呐～～～～～ 日落西山黑了天,180.056,1707323993,fe023968
1511930684984525312,殄文,153.507,1707327382,4024beb
1511982163430892032,涟漪到一定程度要么忽视要么被摧毁,76.168,1707333519,3b533936
1512199663267418368,异世界舅舅？,279.895,1707359447,668f1692
1512239974622197504,说不定咒语就是神鬼的语言,29.139,1707364253,cfd7ca0d
1512317236235702272,老法师啦。,154.589,1707373463,ac63fe8e
1512342985545859840,往生咒的话历史不会超过两千年,99.669,1707376532,ec1e650d
1512350557044727040,就连网庙上吹的不靠神仙的道教也是不受箓不拜师无法入道,325.259,1707377435,ec1e650d
1512385944664624896,真语音系统？,300.179,1707381653,85182cf1
1512396870666703616,是的，在河南搭台唱戏，只要开始了，哪怕没人看了，也要唱结束，因为还有鬼神要看,200.4,1707382956,e490b69f
1512401437198811648,前排提醒，这视频不是讲神秘学和民俗，也不是讲符号学人类学的，纯纯的地摊文未解之谜系列,0.0,1707383500,ec1e650d
1512411536671438080,配的视频太烂，为什么不用倩女幽魂里的夺命梵音？？！,65.249,1707384704,df179fd2
1512412001694205696,古代佛经没有文字，都是口口相传。分组背诵互为备份，防止荒腔走板。,130.443,1707384760,218bc651
1512413195863024640,戏曲规矩：一旦开唱就必须唱完，就算没有人听，也会有鬼神在听。,187.237,1707384902,218bc651
1512470663531772416,商博良也不能翻译吗？,254.691,1707391753,2192b47c
1512575622239711744,汽车人变形出发!,34.061,1707404265,1c876ed5
1512675556465262080,爷爷，你关注的up主更新了,0.053,1707416178,e6b1cced
1512800259246878720,雅语？,188.839,1707431044,22a12544
1512835991520727552,加油加油加油,49.519,1707435303,e2e36116
1512878834314398720,急急如律令,116.139,1707440411,ac66a05
1513407398424177664,咒语是古代文明在集体潜意识上构造的系统操作语言 辅助你用神识力共振现实,50.326,1707503420,bb2b695c
1513519125832521216,我知道了，来念，大威天龙,271.527,1707516739,8471b486
1513825907696042240,世界的本质就是震动,35.041,1707553310,97783db7
1513854484185655040,吃葡萄不吐葡萄皮,140.116,1707556717,d2d434c9
1513867228041500928,咒语很管用的，楞严咒大悲咒超管用，,79.791,1707558236,92141b11
1513869470635296768,楞严咒很厉害,124.271,1707558504,92141b11
1513869954716362240,太极腔,181.873,1707558561,92141b11
1513870167694691072,符合太极转动的腔调,207.251,1707558587,92141b11
1513875250914631936,哈嘛噼,256.295,1707559193,697c73c5
1514040566067789056,失传的语言,231.848,1707578900,2e37a580
1514042597747022336,传播的不是教义，而是以神秘把控对神言宗教的释义权，进而掌控教徒思想,318.305,1707579142,2e37a580
1514082080827877632,有句话叫做末法时代，咒语可能就是可以震动那些魔法元素的发音。越大的法术就是需要越多的魔法元素加入,159.257,1707583849,1d9e85c9
1514199858108791040,背景这个场景和美女好美好精致,97.689,1707597889,543b1b52
1514355957059465728,言灵,83.299,1707616497,b1181568
1514357118193747456,包饺砸！,221.677,1707616636,b1181568
1515017413597801984,玛卡巴卡,5.733,1707695349,65bbde51
1515075022790625536,港片能作为参考？？？,193.326,1707702217,19d790a7
1515323257966851840,龙族,33.379,1707731809,2a0baa1e
1515352156562250752,天猫精灵。开空调,86.414,1707735254,651def2b
1515858433734178048,不是讲究天人感应吗？我认为因该注重感应。,283.302,1707795606,38b7cd34
1515967506836537344,代码也是咒文←_←,144.937,1707808609,a1427164
1516076378326696448,纳米机器人就是魔法元素,168.409,1707821587,78fb5fc8
1516259650881020928,我认为一定不会是种真正的语言，或者说一定没有规律,11.119,1707843435,c9cb581b
1516599242444146176,这些咒语可能是调整自己能量的一种技巧，但是前提是对自身能量有认知，现在已失传了,121.64,1707883918,be0efab2
1517403587184422144,我知道，同伴加压耗时3防夜袭，是神秘交谈,276.082,1707979803,e63ec77b
1517533032255605248,恐怖的时长,9.17,1707995234,d8d03db0
1518137113181289216,陀螺么,9.807,1708067246,7fb60ea5
1518947474113374464,不算什么新想法，我小学时就在很多科普科幻书籍中见过了,34.415,1708163849,8d99378e
1518975570909053440,这些是谜因或者说是模因,88.047,1708167198,8d99378e
1518988018554381824,索绪尔《普通语言学教程》,207.331,1708168682,8d99378e
1518990509333373696,有没有可能神不需要语言,334.629,1708168979,8d99378e
1519019224050573312,手机便是魔杖,65.464,1708172402,eb2d8318
1519077329471963392,斯人已逝,155.313,1708179329,5ae573e0
1519119575835716352,终于有人说这个了！,14.259,1708184365,852f32d4
1519176036183758848,咒语 密码？,158.411,1708191095,f8fa38dc
1519415599787310080,摩西摩西,333.508,1708219654,a5fd0f2a
1519616248227790080,外星语吗,248.364,1708243573,c67dfee9
1519674270610095104,6++++++,227.168,1708250490,3ed244f1
1519776711493963008,梵文,128.253,1708262702,cac1ea43
1520599627219771648,"Hey, Siri就是一句咒语",52.979,1708360801,62dea387
1520960370053912832,把这个换成语音识别就对味了 哈哈,285.435,1708403805,6c47009f
1521046991315212032,一人之下--巫妖  神格面具,189.927,1708414131,484718e1
1521313780892562432,计算机语言和程序验证,344.643,1708445935,73ad9a4c
1521828578877088256,什么亚空间,274.869,1708507303,3f564a18
1522141123278263296,讲好一个故事,84.475,1708544561,749148d6
1522245180462621696,有没可能是为了所谓神秘感，你不懂就觉得神奇而已，有可能经文只是说你吃了没之类的话,349.408,1708556966,c4f0a743
1522338742013231104,言出法随！,72.482,1708568119,d4df00e7
1522739676061328128,言出法随,96.474,1708615914,9242b9d5
1523493689731924992,南无阿弥陀佛,132.559,1708705800,ed3aa3fa
1523727651624210944,说不定就是外星人教了一半,313.746,1708733690,9accefd7
1524238675792495360,古语或者外语加上误读？,120.786,1708794609,eb9bb181
1524350810652467456,纳米机械可以实现的,73.747,1708807977,3e145f2f
1524871559263616000,这其实和人类的傲慢有关,322.405,1708870055,334b68cd
1524951088132848640,宇宙系统的cmd指令,36.891,1708879535,4506ee92
1525478414050475264,大家不要误会这里，只是为了解释咒语，是一种娱乐的方向。研究的并不是宗教的政治性,325.499,1708942397,b958d312
1525514254814519040,唱诗人,282.422,1708946670,b6955852
1525986563543289088,失落的史前科技？！,42.619,1709002974,ea787008
1525990164084938496,有没有一种可能翻译后会失真？知其意，却不能知其境,315.411,1709003403,ea787008
1526707221625564160,已经关闭了，神远古的时候为了调试留的GM接口而已,51.784,1709088883,ac9c7a53
1527043400309016064,真名,289.935,1709128958,f2719655
1527406274621540096,遇事不决，外星语言,254.434,1709172216,b5f326f3
1527518713752931072,阿瓦达啃大瓜！！！！,75.721,1709185620,acc807f1
1529578567409916928,惊！晴雅集？！,29.392,1709431174,43bd4e89
1529581902888364032,一种保持自我文化的方式而已,313.873,1709431571,662e91a1
1530203757764441344,神秘主义,333.339,1709505702,961f4073
1531427263931784704,菠萝菠萝蜜~~~,139.178,1709651556,d798ad0c
1531911304212702464,？？巴利三藏是原始佛教语言，记录不应该是原始佛经么？怎么会翻译不出来,245.83,1709709258,1b499427
1532035581700394752,梵文,233.951,1709724073,180c64e8
1533269809557922048,我们所有的念想都是咒语,70.357,1709871204,62081682
1542529958940243200,是的，有的看似是梗，其实有些力量在的,90.778,1710975100,32e70d68
1543111050709208832,桐人：system call,56.917,1711044372,1fa48e31
1544947092043549440,想起句话，科学的尽头是玄学,207.987,1711263245,3e3a2c80
1547095614930966784,其他语种的经文怎么呢,303.683,1711519369,e6a80cdd
1547958184134834176,这里还有个悖论，当一个种族发展了一个宗教。那么肯定是这个种族的宝贝,330.11,1711622195,e32b7191
1548159716230860800,这不是维护正统核心地位的需要吗？,316.706,1711646219,41484aff
1548278444176366080,怎么证明或者证伪,44.389,1711660373,aa9228fe
1548340582077118976,表音文字,253.179,1711667780,26c06ef
1548341319083226368,为了最终解释权,332.879,1711667868,26c06ef
1548698437929915648,拉莱耶语,233.375,1711710440,cc4815cd
1549523100742364416,伊卜拉沙~,235.001,1711808747,145aa409
1555920021157790720,我也会：“小爱同学，帮我开灯”,47.483,1712571320,a7828a4c
1578907644843075328,就是高维能量语，链接你和你的原神,77.328,1715311658,89a93e3c
1579045791392150016,是高哥特语和低哥特语的意思吗？,256.159,1715328126,efbe4fb1
1579600572553052928,一陀翔,19.0,1715394262,c2ffcf2b
1593186662605772544,想让咒语变成真，你必须从相反视角观测咒语的实施～,6.368,1717013850,d9f65bf6
1595352854670238464,古神语,279.125,1717272080,548c6421
1613232999364002560,以前人少,319.025,1719403559,e64c5464
1625946687002524416,宇宙的代码,40.819,1720919149,3d151d8e
1639155093452823296,小孩子灵性高,163.464,1722493714,3b877167
1657286574037113856,科仪 密咒,211.368,1724655155,257a1ebb
1671812029079470592,宇宙编程语言,348.506,1726386724,67547af9
1685437688540383232,还有宇宙语,256.42,1728011029,f2f5aee3
1693835141027384576,巫在古代是指可以沟通天地的人,173.132,1729012083,76537ad9
1710183110169744896,没错，只要戏台子搭起来，没人也要唱，因为有鬼神也再看,183.934,1730960913,9820c3cc
,,0.0,1775655591.4716349,
lb.c,,0.0,1775655591.4716349,
,,0.0,1775655591.4716349,
1510900560373553408,撞到真空容器壁之后能量引起了容器壁的形变和内能增加，也就是做了功,659.79,1707204582,b9f37c81
1510900651868260864,现象难道不是人规定出来的吗？,458.885,1707204593,b7253f15
1511025437420547840,这里bgm有人知道吗,518.722,1707219468,9039f3b4
1511030251256490240,这个有解释,449.298,1707220042,1555eca4
1511042247267934720,达摩是真实的历史人物啊，有记载的,360.85,1707221472,3d58d951
1511091314459339776,光音天,449.444,1707227322,4404adee
1511091935325041920,光音天,447.529,1707227396,4404adee
1511092919216725760,阿凡达团建,389.076,1707227513,165e8d50
1511105664078934784,真空中应该是没有物质媒介来共振,579.255,1707229032,ff133554
1511151090589253376,那么问题来了，神无所不能，为啥不啥语言都懂,402.783,1707234447,4653de3d
1511177058464783872,这个逻辑有问题，就算耶稣真的复活了，那后世的人都没见过又凭什么相信，那没见过的后人可以相信，没见过的前人就也可以相信,385.196,1707237543,a002bc65
1511180170973705728,阵法？,686.459,1707237914,6d8b995d
1511196360635076352,吊在板上的原因,581.869,1707239844,8e8a9411
1511282684226246912,相信神存在≠神真的存在。,394.928,1707250135,be6a4a57
1511337549380404736,相信相信的力量,406.35,1707256675,d23c6e91
1511344816028825856,这个应该是心理学。,421.01,1707257541,86ff93e9
1511444496154427392,啊，竟然有文献？,539.327,1707269424,57b0d9a5
1511492257423854848,是催眠学，不是心理学，在很多时候是超心理学的概念,516.282,1707275118,2a863fc8
1511508387635012608,现象不是人规定的，是人发现归纳总结的，无法复现没找到规律的就是神秘,468.904,1707277041,3e818a27
1511522047493633792,"祝由术算不算,听说确实有一定效果",428.512,1707278669,f0e5ceae
1511531083693425920,共振就是功放,624.337,1707279746,3291c759
1511536718556469248,可以理解为神灵C语言,509.384,1707280418,25a3a2fb
1511545975553024768,遇事不决，量子力学,497.303,1707281521,18d3d9b6
1511604753430393344,好像臭名昭著的水知道答案也提过类似的理论吧,656.368,1707288528,c0dcfb2c
1511628251397654528,耶稣也是真实的历史人物啊,364.559,1707291329,be83c184
1511695680824204032,曼陀罗,630.593,1707299368,2b4097c
1511698937155826944,声音不是消耗了能量才出现的？,477.243,1707299756,e274e0d6
1511868531464402176,灵能科技会引发亚空间天灾,434.039,1707319973,de100637
1511906428947239424,这种事是完全有可能的 但是距离神学 十亿八千万光年,522.151,1707324491,fe023968
1511907011250652928,真空不空 朋友,583.404,1707324560,fe023968
1511986773247507200,别迷信了，就算法翻译成同样的语言也是近似意和本意肯定有区别的，声音也分很多种，人与人听到也会有差别，这方面确实大家都不懂就看谁在那装，相信科学，拒绝迷信,411.888,1707334069,3b533936
1511992122906106624,只要别傲慢就很难迷信,487.448,1707334706,3b533936
1512399397458329600,逸散成熵了,482.04,1707383257,e490b69f
1512416070420826624,全国无论南北，都有一种去除喉咙鱼刺的祝由术。无法用现代理论解释，但真管用。,424.813,1707385245,218bc651
1512417522790590464,压点效应会产生电磁波，另一块同规格压电材料能够接收同频电磁辐射。,532.909,1707385418,218bc651
1512553623576776704,这太扯了,499.588,1707401642,3ff15c6
1512961307039537152,听音识曲,557.452,1707450242,3b054801
1513120392393488640,曼陀罗 荷鲁斯,627.43,1707469206,cb704783
1513607207155996928,祝由术,431.192,1707527239,4c09d4ff
1513712709210978816,千里传音,544.654,1707539816,51e24fc0
1514046186527756800,金花,637.486,1707579570,2e37a580
1514414867174400768,扯什么？的布罗伊物质波也是这个差不多的情景,506.264,1707623520,2610031c
1514810229593054464,有时候挺好使的,424.53,1707670651,7abc00a5
1515079558796536832,是语言就能承载,442.446,1707702757,19d790a7
1515889347617151232,言出法随,688.232,1707799292,38e0cfa7
1516074366621033728,有体验，比如快睡着半梦半醒间有时就会听到别人的说话声,510.885,1707821348,87b7cc89
1516142762431414528,巫医:我用的巫药是地塞米松,371.827,1707829501,7885fa40
1517231888501551872,能量在引起介质震动时就损耗了,667.08,1707959335,b02b4760
1519097112141709824,脉轮,632.163,1708181687,b79fb829
1519149031283219968,六字大明咒的“唵”字声波成像出来的就是一个坛城的模样,702.861,1708187876,b4116d28
1520413688194932736,只看结果，不看过程,434.976,1708338635,18f90f29
1521193655723901440,打电话不也是这样吗,543.23,1708431614,1afc700e
1521515294374641152,很多佛世界是以音声形式存在的就是这个意思，佛说法的音声响彻三千大千世界乃至无量无边世界却互不干扰，个人推测原理也是如此甚至更高端,646.222,1708469957,2bc7f25d
1521869830855307520,九龙化骨水,428.984,1708512221,5e5b832e
1522614177301480704,我都不知道我是從哪裡開始聽不懂的,680.949,1708600954,e5b3855e
1523056658296037376,虚拟世界么？,434.293,1708653702,11aee060
1523111823023342080,这也是因为有电场啊,525.467,1708660278,caf65355
1523399379279849984,真空量子涨落产生虚粒子，这些虚粒子可以震动传递声音,509.3,1708694557,e0aa4922
1523733545385058304,就像音乐会影响人的情绪或行为,589.669,1708734393,c0cf273f
1523896536491566336,神说要有钱，于是真的有了钱,407.087,1708753823,a623f050
1523921070451773184,直接操作底层代码的意思？,460.701,1708756748,bc3c5dc4
1524083323922976512,听不懂，但是爱听,547.719,1708776090,3238262a
1524151221777249792,我想到了催眠！,451.94,1708784184,31a50c5b
1524872064241377536,找个海妖，她们有语言插件,395.524,1708870115,4df1c005
1525795062360167424,如果是相同结构的设备，很有可能只是因为固有频率相同,579.875,1708980145,38db071e
1525895530184793856,魔术？,376.219,1708992122,2846fd25
1526905709101803520,源代码,625.148,1709112544,53713d10
1527805746459515904,可以用同一条鱼用火烧软 放水中喝下去就可以了 没试过 可以试试,428.36,1709219837,c3660b3b
1528746137987852032,抵抗重力我笑死,447.8,1709331941,b18ca3c3
1529391240104563712,真空没有空气啊，能量没法传递呗。,474.731,1709408843,acab398a
1529393029109376512,图案与物质形成未必有关联，结,685.81,1709409056,acab398a
1530561309647992576,原神，启动,440.699,1709548326,7039cd78
1530563428618802176,原神，拯救世界,685.059,1709548578,7039cd78
1535763481922828288,你好。地球人,502.126,1710168473,369f2308
1538300396295406080,当你相信神存在的时候，你无法分辨神不存在,400.555,1710470897,380fb161
1543391465777099264,太阳：那我走？,403.631,1711077800,e185455b
1543744512340334080,雷达？,682.265,1711119886,3ab4cc58
1545168316992144640,别着急反驳～人家都有资料的，又不是信口胡说。先看看中不？,522.289,1711289617,2a2f81cb
1547835726564081664,大型演唱会,392.023,1711607597,ef69e866
1548724242135296000,这不是共振，这是系统的耦合运动，不要望文生义,587.954,1711713516,5e86f2be
1550077398274505728,披着科幻外衣的外星非洲,415.033,1711874825,594a703a
1551541533415911424,画符？,697.612,1712049363,f686d65e
1551666175614980608,电子设备的声音和人体的一样吗,654.95,1712064222,af883166
1559681438692134144,频率,462.398,1713019716,1d73ca06
1565534952362303744,分形几何,688.766,1713717509,5db64ff1
1578153244038174464,非局域耦合机械振子的同步及奇异态,589.095,1715221727,4350c6ed
1582038471336594176,史前超级治愈机器人，通过语音交流借用,417.043,1715684882,97213204
1587104621032583424,突然串戏到了浮世叁千问233,549.603,1716288814,482d75e4
1589353646557061120,看到这个我立马想到了麦田圈的图案,681.825,1716556919,5931d69a
1605616503556794112,==没人说达摩是神吧？佛教从来说佛是开悟的人而已,401.019,1718495602,926fe657
1616096372220716544,那就是每个读音都与某种波共振，或组织成固定的波形组合，这样的波形组合就产生某种能量，达到一定强度就能影响能量场,475.339,1719744900,13b5d3c3
1616896630853157376,转化成内能了啊,473.553,1719840298,22286d56
1622573075915028992,逗猫棒,585.05,1720516983,72808daf
1623704623200179200,真空不真，即使太空，也是相对真空，不是绝对,499.219,1720651874,4c99fc82
1639981537342845184,总裁那里看过这段,603.241,1722592233,95e48e44
1655747505583124480,麦田怪圈,690.774,1724471683,b7d61015
1657054149197909760,所以皇帝学天人的音乐就是为了拯救当年的人,705.618,1724627447,bb2b695c
1684301329097158656,节拍器,580.965,1727875564,fea2e132
1707933810337497600,神“说”：要有“光”,450.231,1730692776,c87e78db
1786962726779324416,首先发出声音的东西你必须得给它一个定位，或是锚点，一切从它出发才有对错，或许这就是人类限制？,712.141,1740113757,5486f4a0
,,0.0,1775655591.4716349,
lb.c,,0.0,1775655591.4716349,
,,0.0,1775655591.4716349,
1510908556394966784,芭芭拉：治疗就交给我吧,914.772,1707205535,66b8a922
1510931899072224768,就算时空不连续，我们感受到的也是连续的。,1022.773,1707208318,de0d96f7
1510932180552081408,比如：眨眼补帧。视频一顿一顿的，可是在我们看来，就是连续的。,1024.733,1707208351,de0d96f7
1510932571318612736,卡顿，对于连续来说，通过对比，才有卡顿。,1026.053,1707208398,de0d96f7
1510939667150138880,细说深入,977.537,1707209244,6840d8d4
1511037968390157824,图穷匕见,773.855,1707220962,f2194801
1511107728758915584,这是波纹攻击,919.726,1707229278,ff133554
1511108334592237824,开始看不懂了,1019.318,1707229350,ff133554
1511115165905922560,我喜欢,775.271,1707230165,21836113
1511154999126838016,那如果光可以被力吸引或者退离呢。。。,810.518,1707234913,4653de3d
1511215457519212800,这个招数电影里的神婆经常用,949.238,1707242121,833e8924
1511244701272300544,法术：言出法随,847.578,1707245607,ddd5415e
1511440245227354368,时间是否存在都是个问题，讨论这个,865.197,1707268917,cb122b68
1511450399830701568,魔术大师,951.539,1707270128,c35938f7
1511467769114449152,万事不决，量子力学,1006.523,1707272198,5d76bd6e
1511492002686982912,其实是魔术而已,992.258,1707275087,1253f646
1511543661714979840,如果魔术能救一个濒死的人就好了,1003.873,1707281246,f0e5ceae
1511544817807974400,我还以为我屏幕上有蚂蚁！！！,960.27,1707281383,275bd317
1511551857225513984,？,956.623,1707282223,18d3d9b6
1511686273318952960,遇事不决 量子力学,999.821,1707298246,afd6932a
1511694476094334976,图穷匕见+1,789.081,1707299224,e7d94bb0
1511739552522725888,这不会是芭芭拉的原型吧,919.964,1707304598,68b8b69b
1511765376005291776,所以关键是理解共振的本质吗，共振为什么存在,720.256,1707307676,d3926e93
1511837427696720384,我的老师跟我们讲过很多这种，老老师懂的很多，都给我们讲，现在可能没老师知道了,969.57,1707316265,928db7c7
1511839115250015744,不是魔术，我那个老老师说，超自然跟化学物理学有关，不是假的，只是我们现在不懂,996.13,1707316466,928db7c7
1511872289778621440,"光不会被引力吸引,而是沿着空间最短的路径传播而已.所以黑洞是扰动空间而非拉扯光子",823.721,1707320421,de100637
1511937045143108608,因为观测了,1052.265,1707328140,54505dd5
1512001545351270912,众所周知宏观效应会有一个概率趋势这不就连起来了？不想卡bug也不是不可以,1026.596,1707335830,3b533936
1512232402234451712,有没有可能芭芭拉学过医学，打着巫医的旗号在实施专业手术？,996.828,1707363350,668f1692
1512476769406749184,噗，再见,981.123,1707392481,2192b47c
1512608267246103808,就象我们看动画片那样，动画片也不是连续的，只是我们觉得是连续的。,1031.334,1707408156,aaba05d6
1514049108397391616,这类魔术手法被揭秘过,954.314,1707579918,2e37a580
1514763847821686528,科学的尽头是神学,1067.514,1707665122,ec0293b2
1515115708605221120,不，相对论证明时空是变量,782.777,1707707067,9ba94f75
1515382011794174720,路西法,799.388,1707738813,8b55cc44
1516202209334213888,遇事不决量子力学,989.899,1707836588,8e9d9c30
1516399092161618688,有没有一种可能，一切只是场物质流动产生的变化,857.976,1707860058,e4ab6b8a
1516472943654308608,直到魔法揭秘开始播放,997.288,1707868862,dc228f33
1516934833941766144,主要就是，声音的能量太少了，除非是有放大器，或者类似引动雪崩一样的引子,846.614,1707923923,8384b083
1516941263289824512,说其他我还不一定熟，这个芭芭拉帕奇塔不久前我还看过揭秘,875.114,1707924690,8384b083
1519459610443232512,芭芭拉 冲鸭,875.621,1708224900,bdcd674a
1519521141822387200,法器？,863.309,1708232235,85109700
1519734356447349760,我记得有书说 唵 代表世间万物,745.784,1708257652,6e104b80
1520925161463963648,造神嘛，哪都一样,977.215,1708399607,39380461
1521520242915206656,黄帝外经到底什么内容啊,953.712,1708470547,2bc7f25d
1522305516666245888,芭芭拉冲呀！,901.502,1708564159,cfd4b043
1522600013229157888,你这个芭芭拉回复效果有点强,901.821,1708599265,afb33c7e
1523116779063697664,这就是芭芭拉原型吗,894.658,1708660869,caf65355
1523117225723492096,研究出来可是能“水”一篇论文的啊，怎么会有学者不感兴趣呢,921.75,1708660922,caf65355
1523826720631923968,所有的一切都是能量的互相干涉,868.615,1708745500,3c7337bc
1524834345603342592,遇事不决，量子力学,990.708,1708865619,2ecd090a
1525447203026720512,来困了..............,1051.074,1708938677,733e5dc3
1526071318246951680,那倒立行走是不是会活的久一点,839.812,1709013077,aec86728
1526213258074652160,就喜欢这句！,722.968,1709029998,a48a250c
1526215241627702272,芭芭拉冲鸭,932.186,1709030234,3fc86396
1528921959411564288,时空之王，命运道标,858.034,1709352900,f7ab0be
1529095836045338112,那是你念唵这类时 你的肌肉呼吸机都在随着你念这个字时有规律运动 按摩内脏,787.375,1709373628,b2446d3b
1529096324883104000,将无序混乱 通过振动变的重新有序，规律,845.558,1709373686,b2446d3b
1530200422705674496,我更倾向于时间是一把尺子 本来不存在只是为了让人类理解而造出来的工具 ,1065.539,1709505305,a5220fbb
1534711957620495616,因为思维是线性的,1034.803,1710043122,62081682
1543746423835697152,这么离谱？,910.195,1711120114,3ab4cc58
1546005639908824320,算了吧,907.089,1711389433,990cb761
1549518129745755904,苗医没病拿水,995.939,1711808155,ceb9f1ab
1551541810399105024,咒语就是用声音画符,730.627,1712049396,f686d65e
1551542719128959232,衰变，老化,838.951,1712049505,f686d65e
1562180038324307456,科学没有尽头。,1077.795,1713317572,59236c22
1577511418495228928,咒令：我，秦始皇，打钱！！！,886.446,1715145215,d59fe5b0
1578778053835180544,芭芭拉：演唱，开始！,890.933,1715296210,b897fdc1
1594020501347522304,黑客帝国,944.659,1717113251,10d4dc90
1615813523726791168,我每次睡不着就看他视频，一听就困，比安眠药管用,1041.055,1719711182,29578a32
1622577590823022080,幻影移形,1038.551,1720517521,72808daf
1639987416305571072,回调芭芭拉！,906.754,1722592934,95e48e44
1655797195032993536,湖北某个道教县的某个局长，就是被这种方式治疗的癌症，还拍了视频,957.966,1724477607,f85c634d
1682123295757073152,遇事不决，量子力学,986.771,1727615923,46c0c30d
1682123743473752832,缩地术！,1036.086,1727615976,46c0c30d
1693841864656055296,憨豆先生也干过类似的事,948.417,1729012885,76537ad9
1727377496854866432,读书时巴不得有这能力省下通勤,1036.921,1733010644,9d6fe986
1801466163009000448,高手啊,966.308,1741842701,705a891
1812420769691477504,怪不得蒙德城有个芭芭拉,992.077,1743148592,94749c01
1825597102567617536, 那光的散射呢？,816.808,1744719333,1a6d2728
1825599134908975616,电影中环节在他眼前上演，不敢想象他当时得震惊到什么程度,957.706,1744719575,1a6d2728
,,0.0,1775655591.4716349,
lb.c,,0.0,1775655591.4716349,
,,0.0,1775655591.4716349,
1510937110897690880,如果说是量子隧穿的话，概率极低，忽略不计。不如直接把射向他人的子弹，无伤遂穿到脑后。,1232.142,1707208939,de0d96f7
1510938654141682944,这难度，比空间传送还难,1249.191,1707209123,de0d96f7
1510941287778876160,言出法随？,1238.539,1707209437,520a78cf
1510960014297565440,有道理,1356.308,1707211669,73dbef55
1510973142066364672,我小时候经常混淆绿色和蓝色,1337.774,1707213234,2eb64d21
1511086203624329984,有合理解释了,1302.605,1707226712,903d032f
1511164230840225536,集体潜意识,1433.111,1707236014,4b967118
1511215250052352256,狼孩的故事如果是真的，那么鸿蒙讲座的故事岂不是真的？传道是真的,1431.28,1707242096,b789a2e2
1511218110945282304,所以自旋到底是什么意思,1100.438,1707242437,ad5cbc3e
1511255395841472512,思想烙印.  ,1347.877,1707246882,b694ac7c
1511404765434047488,这不是道家学说，这是道教学说,1156.319,1707264688,925a8e
1511431593041043200,阿赖耶识,1436.598,1707267886,cdf28e6f
1511460786487543808,本来就没有时间，,1087.225,1707271366,af3bc664
1511478139933912064,有道理,1368.836,1707273435,7a0bddcc
1511516709016718080,阿赖耶,1437.162,1707278033,3e818a27
1511533126998994176,观测物质世界必会对物质世界造成扰动，也就是互动，所以在微观世界，所有观测均是与物质互动后的结果,1368.97,1707279990,2b0a5cad
1511534374871452416,陀一定是博士后，逻辑，章节环环相扣,1206.486,1707280138,62081682
1511536152619183104,这就是地球ol的规矩呀,1351.549,1707280350,baaac14b
1511592607808412416,我们的世界是虚拟的,1141.448,1707287080,6e468b55
1511730073613624064,意识冰山，水面上的冰山看似独立，下面却连成一片？,1434.891,1707303468,ed61d4d3
1511912129274695168,其实可以吃 你喜欢的话（用过的容易产生细菌 吃进去会生病）,1339.593,1707325170,d67e1d47
1512134764138867200,这点认同，在学校考试的时候，明明我自己不紧张，题感觉也不难，但就是脑子空白，不会思考，感觉自己的意识被别人影响了,1430.906,1707351710,95936744
1512240897428290560,五蕴,1348.701,1707364363,f7efa00d
1512262604377145344,假设空间本就在你只是在这空间里放了个烟花，接着烟花充斥整个空间并不断蔓延,1169.81,1707366950,6031d481
1512505554680108288,有些所谓的证明只是为了让事情变的合理,1411.255,1707395912,f49ebad4
1513928600649548288,懂了，太上老君是量子（bushi,1170.598,1707565552,1a1281fd
1514382712004454144,神学不为用，科技为用,1247.087,1707619687,26b4c7d7
1514692285949028608,这个突然出现，也许是奇点以外的更高维世界对它产生了什么影响,1165.973,1707656591,2562f491
1514708046239426560,因为人本身就在系统中,1295.196,1707658470,2562f491
1514710233921327104,绿色也可以叫green,1337.739,1707658730,2562f491
1514711110069364736,确实,1434.603,1707658835,2562f491
1516133256528101376,石头人是吧,1438.144,1707828368,eef05dc0
1519363206387544576,时间和空间是连续的吗,1312.594,1708213408,89704736
1519643780385783040,地球不就在自旋吗,1103.687,1708246855,9c248688
1521295412676657408,？？？,1192.427,1708443745,1892977d
1521523478031927808,所以各大正教都重视语言的作用，圣经里丈夫可以否掉妻子的发愿，佛教和道教都说言语能召来福祸就是这意思,1231.27,1708470932,2bc7f25d
1522116546367880448,这可以假设并不是不教，而是教不了，或者不知道怎么把这种共振甚至说同频的展示给我们，甚至这个可以理解为天赋说的夸张点也就是超能力般是独有的，可以传承但不一定遇到差不多能遇到一个对师傅会咒语一样有天赋的,1267.781,1708541632,f4485a9e
1522694772203129600,所以世界就是像素组成的，根本不连续,1123.286,1708610561,164ded48
1522697891523916800,集体潜意识,1437.666,1708610933,164ded48
1525303812967995136,混元行意,1136.666,1708921583,48beeaa6
1526282993864606208,矩阵,1348.66,1709038311,1596239a
1526913926909220608,真言咒,1234.346,1709113524,53713d10
1529101675288482560,一段振动同样是有序的 会改变无序 同样消除混乱的应力,1321.582,1709374324,b2446d3b
1529103192561254400,认知定义牢笼,1374.684,1709374505,b2446d3b
1535828119645251840,净土宗,1225.742,1710176179,a125d774
1539225571467521536,真空中各方向的力是相同的，但是空间被扭曲之后就会出现“引力”,1127.443,1710581186,9798cac3
1544269461069150720,薛定谔的猫,1332.189,1711182465,384ddeeb
1548355340456971520,为什么打死狼,1382.359,1711669540,26c06ef
1549858698313306624,一语成谶,1237.96,1711848754,6bfe7442
1550314692902376192,像不像一个游戏的世界，从仅有一个世界到加载各种内容的样子？,1156.541,1711903113,7991c86e
1554004188055479296,少数的听到一半，发现已经一句话都听不懂了的视频，世界真神奇,1123.397,1712342935,9cd415f0
1558134519037870080,AI开机了,1178.136,1712835309,569fb314
1579252691224311808,五蕴,1355.02,1715352791,36dd6ae7
1579800639058708992,假装自己能听懂。这是咒语的一部分。,1109.409,1715418111,1d5a13e1
1592047346571685888,普通人的意识、记忆太靠不住了,1339.163,1716878033,f9c33a0
1616905396319193856,《白发魔女传》,1392.275,1719841343,22286d56
1628290035444993792,其实是不确定原理,1291.341,1721198498,e9ae1482
1641605769663529728,言灵,1230.33,1722785857,885fe8e9
1650106204409803520,信则有，不信则无，是不是也是共振，相信才可以和对方同一频率才能感受到，不相信频率不对就什么都不会发生，所以同一个方法，有的人灵，有的人不灵,1249.341,1723799188,2562f491
1661697840449405952,开控制台了,1234.173,1725181019,766e2ccb
1688364293735441664,假的？这是有记录的，还被写入了教育心理学的,1406.421,1728359907,2852ec86
1801377511042126592,时间是人道的概念,1104.052,1741832133,bd550466
1801378425123447040,人类对游戏的开发与创造，像不像天道对人类社会的创造,1212.996,1741832242,bd550466
1806733657709799424,张祥前的《统一场理论》能解释这些现像吗？,1287.425,1742470635,e9102dea
1827140962385317888,你看名字也知道，原始既是原初开始,1133.215,1744903376,1e8ae9f6
1902998389101029120,来自于经验和集体定义,1348.111,1753946285,2f11bf61
,,0.0,1775655591.4716349,
lb.c,,0.0,1775655591.4716349,
,,0.0,1775655591.4716349,
1510906544102140160,这是否能证明一定程度上证明灵魂的存在？,1624.165,1707205295,b7253f15
1510910449561168640,这部分应该是荣格的集体潜意识理论,1440.31,1707205761,1492c5f6
1510914819380157184,是不是给乌龟养大我们也能长命百岁了,1482.1,1707206282,66b8a922
1510920275179427072,比如心里说谁，谁就会打喷嚏,1749.222,1707206932,f57edb10
1510935521063628032,少了云端的算力支持,1472.716,1707208750,fc3b5a83
1510938085855267072,我用在感应外卖员是否到门口了，突然身体本能去开门,1748.476,1707209055,fc3b5a83
1510939849174349568,最新研究，意识，滞后于行为。行为是明星，意识是行为的经纪人。先做，后记录，再修改，更新下一次的行为模式，然后无限循环,1611.618,1707209265,de0d96f7
1510940204163147520,观测者效应，只能说仅供参考,1639.328,1707209308,de0d96f7
1510941203993114112,开智,1688.672,1707209427,1175e65c
1510943420246570240,这是真实的,1483.775,1707209691,fb5a2a45
1510944543003220992,开悟,1713.61,1707209825,7414f425
1510961183887348992,因无所住而生其心,1706.063,1707211809,cf105ce1
1511035621878063616,乌龟那个没法验证，因为乌龟不是哺乳类不会养小孩,1485.194,1707220682,e81cc6
1511063764844415488,高维观测者,1482.859,1707224037,3d58d951
1511111395234618368,但是谁也不敢保证动物没有意识啊？,1506.329,1707229715,ff133554
1511209499552427264,全世界觉得世界是天堂，那么世界就会变成天堂？,1481.001,1707241410,be61b0c1
1511216834996027392,双胞胎？,1610.797,1707242285,b789a2e2
1511223146534047744,古希腊掌管某某的神（doge,1550.905,1707243037,ad5cbc3e
1511223961420548352,如数家珍,1623.444,1707243134,ad5cbc3e
1511228030968900864,应该有吧，比如幸存者偏差；你只记住了说曹操就到的情况，或者父母回家的时间是规律的，你的生物钟告诉了你，使你有所防备,1746.417,1707243619,ad5cbc3e
1511477452092956160,亚空间四小贩,1570.169,1707273353,7c4f903
1511495235413645056,共业,1629.976,1707275473,e6bdc74d
1511497316744741120,上帝,1497.298,1707275721,922862d0
1511508691051051264,阿赖耶识,1441.43,1707277077,aef8af5a
1511568011436567296,阿赖耶识,1692.985,1707284148,d2e363e1
1511621789049190912,凉宫春日的忧郁,1540.488,1707290559,c396cf1d
1511623568927411456,灵能者？,1602.063,1707290771,efbe4fb1
1511631995141424640,那么反过来是不是父母到家前会觉得你在看电视,1750.205,1707291776,c0dcfb2c
1511640842572549632,余光再广也广不到背后,1785.868,1707292830,be83c184
1511687451415241984,xia我一跳,1542.529,1707298387,b82e8d5b
1511708301216445696,提到荣格的集体潜意识，那就不得不提到他在中国看到的《太乙金华宗旨》，后来又翻译回来的的《金花的秘密了》,1735.111,1707300872,9d05f18f
1511795647848672768,悟道,1725.188,1707311285,22b0b17c
1511835804467800832,因为个人意识 改变不了 集体意识,1538.777,1707316072,12d7ee3c
1511842276740092928,【黑门】个体高度独立，目标高度一致,1574.604,1707316843,12d7ee3c
1511847891394797056,喧闹的教室里突然所有人都不说话了。。。。,1765.309,1707317513,32e883ab
1511851208367988480,这不就是佛学么,1697.612,1707317908,9a409ed0
1512144308310928896,答案很显然是能,1505.483,1707352848,a7dc3a93
1512507446907027200,未来人KFK说的2048年之后,1636.84,1707396138,f49ebad4
1512542422654299648,“小我，大我，无我”,1702.041,1707400307,9c484b9d
1513849460013352192,目光这个确实神奇，我从小就可以感知到后面有人看我,1790.395,1707556118,f3c434db
1514406144062621440,人生如梦 梦就是我 我就是梦,1687.096,1707622480,552666d8
1514627335700539648,膀光,1780.411,1707648848,c4510bcb
1515381706549783040,gumayusi,1584.18,1707738776,faace91f
1516918028389108480,神圣的卡拉链接这我们,1465.03,1707921920,999e69a0
1517597278641419520,是每个意识单位都储存了集体意识 是一个同系统中可以共享的系统,1572.941,1708002893,63d7d7da
1517666500956532480,阿赖耶识,1570.555,1708011145,a9fcc626
1518446959336199936,超心理學?,1652.517,1708104183,4d77aa7c
1518686839769391872,王阳明的心外无物？,1704.751,1708132779,b80c6dd6
1519156000530225152,本自具足,1738.358,1708188707,b4116d28
1519202762028528640,还有睡觉突然自然醒，下一秒家里人会上厕所，或者谁在外面开始吵，都有提前性,1742.498,1708194281,b4b0d916
1519465296652840704,我被监控了,1455.932,1708225578,bdcd674a
1519800696000798208,erf,1760.395,1708265561,3f86f535
1520216088720532736,人能常清静天地悉皆归,1715.183,1708315079,a950714f
1520302050620088832,阿赖耶？,1443.431,1708325327,3c73699e
1520317563220260352,我和老爸闻出饺子馅咸不咸 都没尝,1758.613,1708327176,4cbb01a9
1520611966702639104,量子层面的怎么检测？,1511.223,1708362272,5b4e526d
1520612472183090176,科学的尽头是神学,1557.242,1708362332,5b4e526d
1520613854860544000,我对信息的传播方式更感兴趣,1661.023,1708362497,5b4e526d
1520614712394699264,干掉意识，请潜意识接管,1729.544,1708362599,5b4e526d
1520616434609354240,潜意识也应该有一个特定的通道,1775.277,1708362804,5b4e526d
1521527782797361408,不然你以为各大教派的教祖们都是怎么拉人头的,1516.589,1708471446,2bc7f25d
1523572044858465792,光音天,1618.639,1708715141,64dba629
1523572161124859904,光音天,1628.666,1708715154,64dba629
1523572275033640192,光音天,1634.063,1708715168,64dba629
1523572371754514432,光音天,1573.019,1708715179,64dba629
1523747023587911168,吾心自足，不假外求,1711.148,1708736000,c0cf273f
1523816576254704128,人能常清静，天地悉皆归,1699.89,1708744291,82bd86f4
1526257160668196096,宇宙这破地方对我们来说太大了，对别人来说太小了，原子不到,1551.06,1709035231,812c45be
1526916016251444480,云空间,1477.227,1709113773,53713d10
1528515952529233920,背后看我我完全能感觉到,1791.179,1709304500,e10a7d61
1529106510876402176,不是的 心无或者空时 你的身体自愈能力因为没有意识干扰 而从混乱变的重新有序,1770.288,1709374900,b2446d3b
1530376323233619712,念力,1529.842,1709526274,5ebf297f
1534718542484718592,果然还是佛学最接近宇宙真相,1723.379,1710043907,62081682
1536894454429364736,格式塔,1458.951,1710303296,82c0412c
1544845675316129792,近朱者赤近墨者黑,1611.934,1711251155,8a1c28a0
1546345570111973120,神识传音,1624.429,1711429956,4c9bc43a
1547691396486664192,生物电,1787.056,1711590391,2f361cc9
1547828874304575488,感谢尊者,1716.918,1711606780,2924f963
1548014426916315392,量子纠缠,1441.439,1711628900,166ca231
1548417538671826432,有没有一种可能 因为是狼孩天天被展览 被折磨死的喃？,1459.171,1711676954,fa755f5a
1548563003577111552,阿根廷：这我们很懂,1732.447,1711694295,c2ebb559
1548730885837164800,亚空间竟遥遥领先,1563.0,1711714308,cc4815cd
1549298721945368064,战锤P都给我出来,1606.423,1711781999,b1be4194
1550142669161201920,所以一堆人许同一个愿望有可能成功？？！,1666.191,1711882606,426ba631
1550770763064439552,荣格是看太乙金华才写出这个东西的~道家核心,1735.942,1711957480,dd2809d
1555063178428207616,结婚十年后，就变成大智之人,1706.235,1712469176,d60f4f19
1558138007037515776,大圣灵,1585.527,1712835724,569fb314
1565316480193916928,阳明心学，不符合物质世界统治,1755.958,1713691465,a097799c
1578482733217387008,也许宇宙就是一台计算机,1495.132,1715261005,6a93eb7d
1579057566506747136,亚空间灵能,1573.999,1715329530,efbe4fb1
1579058387558354176,放个屏蔽灵能的设备就感应不到了,1631.979,1715329628,efbe4fb1
1579254921771946496,佛陀,1546.46,1715353057,36dd6ae7
1579256023708093184,心有灵犀一点通,1608.875,1715353188,36dd6ae7
1592049700339921920,看我用闪电光速拳打破这一切,1571.994,1716878313,f9c33a0
1612321553985591552,《黑科技》,1629.812,1719294906,a219ff4e
1625968406040107520,古希腊掌管意识,1554.605,1720921738,3d151d8e
1649055077350368768,给你个眼神，你理解一下,1636.409,1723673884,5aaf2537
1652352658549466368,灵觉,1641.621,1724066986,a16cb467
1661107407721556480,脑波可以散发，我之前在一次小区跑步的时候，想起了一首歌，但是我只开始发出一个音节，走在前面的人突然开始唱那个歌词了。,1604.769,1725110633,5d2d3a9
1682127693300132352,一直观测不累吗,1483.673,1727616447,46c0c30d
1701599915598113024,什么？个人意识？人从出生就在被环境塑造所谓个人意识大多只是环境结合以及自身思考的结果,1504.402,1729937717,dedb02ff
1701603790564615424,说的有理,1704.659,1729938178,dedb02ff
1783338091067602176,被重力束缚的灵魂,1524.8,1739681666,2c44889a
1783338729121912064,量子纠缠,1596.358,1739681742,2c44889a
1783339428169745152,元气弹,1675.578,1739681826,2c44889a
1786974265653554176,影响别人心理学上可以轻易做到,1504.76,1740115132,5486f4a0
1786975214421919232,心理学上一个人可以轻易做到影响别人，那么扩大一下，理论上可以影响世界，甚至物质不是不可以的！,1526.38,1740115245,5486f4a0
1786976220400488960,一个北海岸的猴子学会了用棍子，南海岸的猴子不久也会了用棍子,1592.42,1740115365,5486f4a0
1916143344204589824,进击的巨人是吧？,1622.518,1755513286,a8280c73
,,0.0,1775655591.4716349,
lb.c,,0.0,1775655591.4716349,
,,0.0,1775655591.4716349,
1510907383742748672,跑得很快，求生意识很强,1859.8,1707205395,b7253f15
1510918903147094528,他修炼了《太乙金华宗旨》,2023.924,1707206769,7de28024
1510991378388436224,借鉴了太乙金华宗旨,1837.888,1707215408,294d453
1511005315775364096,哈哈哈,1963.285,1707217070,927717c4
1511014668888519424,上帝之手,1918.028,1707218185,ca822b25
1511166440768539136,这个棋盘不对,2072.106,1707236277,4653de3d
1511371598396001024,有没有可能是来自DNA,1950.402,1707260734,7fac09c3
1511483614431370496,牛逼,2021.509,1707274087,7a0bddcc
1511485013181729024,如今的奇怪现象就是没有没有了封建迷信，而破除封建迷信的虽然不是科学，但是科学却已经快成为过去的封建迷信了，我们想看到一件事的源头的时候，就会可以加上所谓的科学,2130.976,1707274254,af3bc664
1511504705279391232,金花的秘密,1815.389,1707276602,a98acdbb
1511512530986694912,人活着就是为了结婚生子买楼买车,1866.718,1707277534,aef8af5a
1511559259358233600,是的,2055.246,1707283105,b98c9fb3
1511559430016283904,不是的,2075.589,1707283125,b98c9fb3
1511559759764321792,言的流,2114.893,1707283165,b98c9fb3
1511559948726130432,演的流音的体,2137.413,1707283187,b98c9fb3
1511560084688445696,言的流音的体,2153.621,1707283203,b98c9fb3
1511565634423857408,分不清~,1884.517,1707283865,933259ff
1511602383002993408,《周公解梦》,2037.176,1707288246,6ff793a8
1511624784738764544,某些时候也是知识水平决定的，夏虫不可语冰,2085.835,1707290916,50d5c8b
1511646783602726912,夏虫不可语冰是认知层面上的,2089.501,1707293539,be83c184
1511686028237673472,金花的秘密+1,1819.319,1707298217,a061f1a1
1512226107229853696,我认为，由于身体硬件相差不大，当思想到某一个峰值的时候，有可能会触发身体的某种开关，而引发现象,1877.869,1707362599,4000cde6
1512227452569843712,基因,1912.019,1707362760,4000cde6
1512227704295081216,基因希望存活、和延续的意志,1890.303,1707362790,4000cde6
1512236336088623360,或许曾经真的有魔法，因为人们认为世界上有魔法，现在没有魔法，是因为人们认为世界是科学的,2100.762,1707363819,4000cde6
1512239475148106496,人体，很奇妙吧！,2126.422,1707364193,27b83167
1512239655066593024,可是我在梦里是可以飞翔的,1994.485,1707364214,265b6271
1512362316396920064,好多次做梦都在飞，有时候觉得就算现实都能飞了,2001.879,1707378837,4220556d
1512364029216148480,其实有关联的,2134.299,1707379041,4220556d
1512480029035323904,鬼故事：进度条,1986.306,1707392869,65c077b4
1512511491256164608,就像那个著名的死囚实验，蒙上死囚的眼睛，在胳膊上滴水，但是告诉他是把手腕割破了，最后死囚死了,1998.61,1707396620,f49ebad4
1512758448813970688,……左和右的A和A以及左和右的B和B比较吗——相同,2073.468,1707426059,eb3ee6e6
1512924223243730432,说不同的吧图片保存下来吸取颜色画线就知道了,2080.35,1707445821,699e6f85
1514001847558388224,可我几乎记不得梦里的情形，甚至醒了后忘的很快,2013.071,1707574284,92e7c78e
1514629060230230784,共食性,1922.803,1707649054,c4510bcb
1515208208879558912,太乙金华宗旨,1820.396,1707718094,2562f491
1516831083335831808,曼德拉效应就是意识改变世界的例子,2115.96,1707911555,a0af2f4
1517339590636122880,一个人有个人意识，在群体中个体无意识,1856.843,1707972174,16f2bbca
1517340428742268160,基因表达的侵略和修改……,1922.122,1707972274,16f2bbca
1518340789556555008,这图不是著名的假图吗？,2076.051,1708091526,7bc7e17c
1518977214304181504,我用卫生纸遮住，亮度也是明显不同,2076.376,1708167394,7b4973e9
1519556650824935168,sOx的时候,1849.993,1708236468,bde99489
1519704264153583360,根本就不一样,1987.828,1708254065,c4176682
1519724956970561024,庄生晓梦迷蝴蝶,2000.801,1708256532,71375078
1520496850229345536,"我怎么彷佛听到哀乐的声音,,,",1958.693,1708348549,8d4759ff
1520618504934856704,你牛逼,1956.753,1708363051,5b4e526d
1520621387814055936,意识可以改变世界，方法、强度、时间,2113.674,1708363395,5b4e526d
1521535987929572352,乌合之众也说过这个事儿吧,1846.43,1708472424,2bc7f25d
1521537440450462976,一般来说治疗这种病的话求助巫医的多，以及，很多都是能量附体啥的就很能说明问题，总归是业力，负面能量集中在某几个人身上以之为祭品的话，守村人啥的就出现了,1900.246,1708472597,2bc7f25d
1521538643486181120,宗教里对梦境的解释更加合理而且能找到和现实显化的对应的特别多,1982.965,1708472740,2bc7f25d
1522429998416676096,我看过,2027.856,1708578998,1a2551f2
1522430086144580096,红叔，我是真的没有懂他的逻辑在哪里，因为确实讲了很多他的梦境，特别是二战的时候,2029.696,1708579008,1a2551f2
1522449276075153152,涂尔干的集体欢腾,1849.819,1708581296,2268529f
1522702111547525632,阿努纳奇,1914.388,1708611436,164ded48
1523066636838878720,《世界是一个巨大的人类补完计划》,1884.829,1708654891,ded02f3a
1524532962606070784,通过对比RGB发现，AB两点颜色是有明显差异的,2073.796,1708829691,22aa0f2b
1526036773640537600,人的动物性，也就是深层次潜意识占了肉体主导地位。人类受的教育是未了压制原始伤害性欲望，所以人性本恶？,1906.67,1709008959,5990b651
1526309394483435520,意识在我看来最大的作用是编码，而对我们行为做出决定的是潜意识，所以，我是意识在编码的时候形成的虚幻概念,1804.446,1709041458,f635abf2
1529108745760615680,中医精神病患烦躁的 是有身体热,2036.695,1709375167,b2446d3b
1529109335303665664,黑客的信息病毒会让硬件过载烧掉,2107.015,1709375237,b2446d3b
1530381264878675712,盗梦空间?,2050.537,1709526863,5ebf297f
1530381665493414912,"以前的日心说,地心说",2098.366,1709526911,5ebf297f
1534719463906337280,荣格就是星际宝宝,1822.664,1710044016,62081682
1539231689010641152,我们班级基本上看一眼就知道对方的情绪，而且，有时候我前桌甚至知道我在想什么,1801.193,1710581916,9798cac3
1539233523800655616,那是你要长高了,1999.187,1710582134,9798cac3
1543386100599866880,曼德拉效应,2122.645,1711077160,7b1896f7
1565315906044132608,佛学和道家比，差几个境界,1809.015,1713691397,a097799c
1573349828916924160,他有修炼,2032.259,1714649115,336113a1
1573350443558662912,太极,2102.099,1714649188,336113a1
1578361954559677440,有人尝试过AI解梦没？很有意思,2041.123,1715246607,d607362e
1590228868223436800,意识水平这词说的妙啊,2088.428,1716661253,32e70d68
1600658511925350656,我听懂了他在说什么。他说的没错,2052.81,1717904564,3080c9a7
1602239587080851712,看了东方的书 吕洞宾,1832.756,1718093042,69bea4b0
1624819953872344064,靠，颜色居然真的想通，具体看评论区,2075.46,1720784832,fe252aac
1649059446992731392,意识是不是种能量,2157.324,1723674405,5aaf2537
1657206902897253376,左右图不一样啊,2071.912,1724645657,bb2b695c
1786980775188154112,这点承认，多层意识观测的结果，总结的很好,2103.861,1740115908,5486f4a0
,,0.0,1775655591.4716349,
lb.c,,0.0,1775655591.4716349,
,,0.0,1775655591.4716349,
1510911112671956992,我们过于相信科学，认为他是真理了。这是否是一种固步自封？,2425.662,1707205840,b7253f15
1511043103258296832,免疫系统：啊对对对,2316.231,1707221574,2ab2c67e
1511044392453046528,从青城山下来的老中医让我感受到真实的炁,2355.993,1707221728,b35f19a4
1511116286984442880,不是抵抗力吗？,2322.185,1707230298,ff133554
1511235917728701440,←宗教神学等被认为与科学相对立的学科现在也被认为是人们对于无法用科学解释的现象的自我安慰,2429.827,1707244560,ad5cbc3e
1511272775527040768,好的中医实在太少 遇到是福气,2364.25,1707248953,dfbee101
1511487267166930432,针灸,2457.037,1707274523,7a0bddcc
1511488226815205888,最可怕的就是如今，已经脱离了所谓的封建迷信，可是我们脱离的真的是封建迷信吗，而且如今证明任何事情的时候一定要加一些有关科学的东西，这也是一种对科学的过度迷信吧,2424.626,1707274637,af3bc664
1511490249644360192,西医和中医还真不是有关联，这点我不认同，中医和西医文化上就是相反的，中医和西医不在一个维度上，一个年轻人发现了老者走过的路，你能硬说他们是有关联的吗，西方文化的弊端,2473.872,1707274878,af3bc664
1511491297306146304,在治疗过程之后，人开始认为自己会好起来？,2422.389,1707275003,85a4eac4
1511516174092251392,然而恰恰相反,2214.264,1707277969,aef8af5a
1511531146054523648,是的，上学的时候胃痉挛，当时生物老师，就用力掐我虎口，一点点的缓解了,2472.447,1707279754,2a157ba2
1511540666142896896,针灸：我TM来了,2449.592,1707280888,ac9066d7
1511560550700850688,是普洱的味我这,2209.157,1707283259,b98c9fb3
1511561083603974144,表象是化学的，本质是物理的。其实整体上化学是物理的宏观而已。,2394.803,1707283322,dc8b0e4a
1511562175272190720,是电脑制作的,2402.846,1707283453,b98c9fb3
1511562415010359808,电的载言的流音的体,2431.439,1707283481,b98c9fb3
1511616696140648192,有没有一种可能，人的思维就是高维生物思维在三维世界的投射,2233.578,1707289952,51f3e284
1511629591763218432,《金花的秘密》,2198.031,1707291489,50d5c8b
1511713660849069824,卧槽,2252.769,1707301511,9d05f18f
1511845184265346816,任何的任何，所有的所有，尽头都是易经。,2400.141,1707317190,2cb16c2f
1511848725457576960,每个个体意识都是高维意识的神经突触？,2239.216,1707317612,12d7ee3c
1512021031039366400,每一个字都看得懂，句意也知道但是深度不够就会产生一些别人一看就知道是错误的猜想,2435.828,1707338152,3b533936
1512219504078473472,S于新冠？,2246.511,1707361812,ad11dac3
1512243732911897088,个体影响主体，主体影响个体,2501.573,1707364701,4000cde6
1512397767090551040,中医里没有癌症这个概念并不是说不能这就能解释断肢者为什么还能感觉到到失去肢体的疼痛,2427.562,1707383063,5a4a6244
1512442956387476992,寡人二刷,2469.849,1707388450,85d43060
1512444733740298496,抵抗力，是个比较抽象的概念；你心情不好的时候，抵抗力就会差些……,2329.185,1707388662,ae0ac0c3
1512515443531734272,在圣经里有一些奇妙的描述，用身体必须人，用人必须身体。与这段类似,2500.145,1707397091,74b8ee47
1512549070609536000,针灸,2458.17,1707401100,9c484b9d
1512896328530001152,缓解没有用，不满意，要治愈。因为可能欺骗身体,2509.863,1707442496,1c12d50
1514036594607452672,不太正确，人的思维本身拥有更高维度，只是身体在目前空间最高只能是三维,2237.494,1707578426,4f1113dd
1514062225051420928,心理健康与身体健康确实关联很深,2304.737,1707581482,2e37a580
1515215889161593600,有听过得了癌症然后全世界旅游最后癌症反而痊愈的例子，也许就是脱离了致癌环境加上好的精神状态的结果,2221.041,1707719009,2562f491
1515795323803729664,这个真实体验，真的是这样,2292.632,1707788083,776bda24
1516057247812173568,经脉,2467.808,1707819307,82e8dd71
1516098734025386240,难道不是靠免疫系统吗,2217.268,1707824252,57df44d5
1516612670131155712,其实西医也有很玄的东西，比如免疫力，什么时候叫免疫力好，根本没有具体的概念,2352.269,1707885518,6697a20f
1516991386145065216,高维世界的VR游戏,2242.624,1707930665,48d70840
1517344831318743040,用人参、黄芪,2224.338,1707972799,16f2bbca
1517347802605385216,精神意识=软件信息，身体物质=下载3D打印,2410.515,1707973153,16f2bbca
1517582444402952449,卧槽，这就是天赋异禀,2209.346,1708001125,88fbb66
1518174427320574720,不是西医是现代医学,2493.541,1708071694,3c60f134
1519730201108750592,科学是方法，为何要不相信呢？,2430.059,1708257157,71375078
1520622084756373248,他修炼了,2190.139,1708363478,5b4e526d
1520623330330361344,自己！有个外国医生实验过，靠强烈的心理暗示治好了牛皮癣,2265.456,1708363626,5b4e526d
1520908359560115456,气伤则痛，形伤则肿。气比血先行六寸。,2463.567,1708397605,a0cafc8b
1520963744061128704,前面那个，火子哥直呼内行,2236.008,1708404207,80f2eb12
1520976130982018816,迷迷糊糊的是玄学 不解的神学 懂得科学,2164.245,1708405683,6c47009f
1521541107815769088,这算啥异端啊，打坐在基督教里又不是没有，很少有人修到那么深而已,2197.052,1708473034,2bc7f25d
1521544602920772096,万一西医本来继承的是黄帝外径那乐子就大了，岐伯万一就是那个希波克拉底岂不更可怕，很好奇当年恩基作为蛇族老大到底传了什么功法和理论下来,2474.618,1708473451,2bc7f25d
1523114759841384448,先生大义,2220.415,1708660628,db9cfae7
1523126538688596992,橙汁还是纯水,2313.98,1708662032,caf65355
1523127209450338816,地上对应马斯洛需求前两层，天对应后三层,2330.991,1708662112,caf65355
1525636257588286464,按摩！！！！,2448.508,1708961214,c53b682b
1528241822726842368,信念生物学,2263.622,1709271821,67438bf5
1529109935458407680,因为不到的时候没惊喜 你记不住 只有曹操到了 有惊喜 你记住了,2178.542,1709375309,b2446d3b
1529110732233364480,你意识紧张了 身体一系列物理化学反应 给你留下了太多应力,2273.522,1709375404,b2446d3b
1529112483883823616,但你的意识会干扰这种修复运动 天长日久 应力积累 你修复不了,2482.358,1709375612,b2446d3b
1534725077554193920,疗愈我们的，永远是自己的内在,2271.099,1710044686,62081682
1539356874623708928,睡的好，第二天精神抖擞心情自然就好，所以认为自己健康，重点在开心快乐,2335.221,1710596839,bfc60bba
1548194627050484736,那这个流行性病毒怎么解释呢,2357.649,1711650381,1d7ce053
1548737409313900288,针灸和点穴！,2457.962,1711715086,cc4815cd
1548993516074816768,针灸穴位？,2464.159,1711745616,6a29f185
1550050407584231168,把他理解成状态就行了，科学也是一种状态。,2376.561,1711871607,ccb411bd
1551006195068880640,我曾把气壁离体外，，还发出了影响世界的声音噗噗,2375.778,1711985546,f522bbb6
1555121621273371136,因为电的手疼,2473.939,1712476143,ea11837c
1565496225019493120,西医无法治疗检测不出原因的病症，但中医却能从不同角度解释并治愈,2218.107,1713712892,db9fdcf0
1571601289748546816,分形，局部是整体和自己的可变参数，万花筒,2504.482,1714440673,21037bc0
1573351739003034624,爽,2252.579,1714649343,336113a1
1573352303841283328,三魂七魄,2315.899,1714649410,336113a1
1573352830830809344,穴位,2374.619,1714649473,336113a1
1573353742068092672,任督二脉,2456.859,1714649581,336113a1
1578362787087190528,天魔入侵意识,2212.663,1715246706,d607362e
1579291454101486848,吸引力法则,2176.759,1715357412,ee107ec5
1580492236670840064,针灸,2507.608,1715500556,cfe44174
1582387350733290240,nonono，是玄学,2264.528,1715726471,19d5eff4
1590230282005697024,描述的很准确啊,2206.25,1716661422,32e70d68
1590232687867065344,这类人的意识程度较高,2296.406,1716661708,32e70d68
1590234558584909056,针灸的原理,2452.39,1716661931,32e70d68
1605835904344478464,足疗必须入医保,2518.927,1718521757,9969ad27
1626647873456418816,双系统是吧,2310.978,1721002737,8dd59655
1629547859357964288,在陕西上学时，跑遍各大医院一年都治不好的过敏，被一个小镇的中医14副中药治好了,2341.119,1721348442,29760c94
1650116862052451072,先天体质差,2285.144,1723800458,2562f491
1650261338385420800,阿赖耶识,2391.787,1723817681,a2dbbf2a
1682133631210146048,？？,2169.502,1727617155,46c0c30d
1682136044864119808,……这个所谓“先兆”用中医更好解释,2414.885,1727617442,46c0c30d
1784896564435635712,手术治不了疾病，只是切掉病坏的组织，最终战胜疾病还是靠自身免疫力,2269.278,1739867451,9cb0fde9
1786987271728803072,为什么那么多人总认为一切理所当然呢？你身体有问题，你第一想法是啥？,2446.361,1740116683,5486f4a0
1830415254694682880,这个就像很多人挠痒痒明明挠左手结果连带着身上一个地方也痒痒,2511.665,1745293702,16af4bf5
1862541813677282816,真相：活得百岁以上的人体内不是没有癌症，而是没有去过度处理，或者根本不知道。,2259.253,1749123486,fa202f09
1903035108337248768,嗯嗯，所以说科学一点是优于玄学的，所谓玄学，就是你没办法证明真，所谓科学是你要想办法证伪。恕我无才，看不出孰高孰低。,2433.468,1753950663,bd550466
,,0.0,1775655591.4716349,
lb.c,,0.0,1775655591.4716349,
,,0.0,1775655591.4716349,
1510952832432415488,经络,2577.363,1707210813,da322836
1510991273237134336,此处需要二舅,2787.883,1707215396,e61716b0
1511219917113070592,逐渐忘记标题,2540.273,1707242652,cd48e03d
1511241564939450880,也有观点认为量子坍缩是应为受到了外界的干扰，干扰源和意识没关系，比如一个光子,2647.722,1707245233,ad5cbc3e
1511250899723715072,质的变幻,2604.981,1707246346,99d607ef
1511251694502139648,有时候分不清是意识还是欲望或是意志,2699.741,1707246440,99d607ef
1511252858329573632,锻刀赛，奥德彪,2838.509,1707246579,99d607ef
1511489279375808768,集体潜意识是不是就是宗教里面的神,2696.952,1707274763,7a0bddcc
1511539839638453248,问题是双缝实验并不是意识干涉物质，只是对应的观测行为导致了结果不同，就像人眼观测万物只是万物把光反射进人眼而已,2598.026,1707280790,2b0a5cad
1511543098244037120,内观,2829.376,1707281178,2bd59f90
1511563184681708288,是承合,2523.182,1707283573,b98c9fb3
1511573785415964416,心理作用确实在起作用....现有科学体系认知下，确实离谱了,2616.921,1707284837,933259ff
1511574982160060416,看到这想起了我朋友总说的“有些东西的意思，只有在特定的语言下，才能不变形的完整表达出来，翻译成别的语言，就不是原本的东西了”，虽然他调侃的是网络河蟹,2683.356,1707284979,933259ff
1511633916526979840,进击的巨人-路,2675.093,1707292005,50d5c8b
1511780150743128320,催化剂是参与反应的,2548.702,1707309437,1eda1f81
1511852761502107648,这里可能指：被屠宰分割后的牛肉块的肌肉还能正常颤动,2847.467,1707318093,16cebda2
1512029021372691200,低于标准线的拉上去高于标准线的误导下去结局早已注定,2860.137,1707339105,3b533936
1512214670243791360,炼神返虚、,2769.67,1707361236,749823ac
1512214775856221440,炼虚合道,2782.265,1707361249,749823ac
1512247837205778176,或许养生主本来就是一个词，他有一个单独的意思,2728.225,1707365190,4000cde6
1512265698607546368,都对，文言文言简意赅,2710.272,1707367319,6df0c1d6
1512897040949031168,假说不能验证，就有点伪科学了,2559.982,1707442581,1c12d50
1512988025402061568,“名可名，非恒名”,2630.507,1707453427,bf7bf192
1514006800888858368,经脉,2527.311,1707574875,92e7c78e
1514008915740832768,催化剂很多种类的，有参与后还原型的，也有不参反应与只影响的,2559.507,1707575127,92e7c78e
1514065585376442880,不是推向玄学，而是曾经以为是玄学的现象有了能以科学理解的可能,2635.15,1707581882,2e37a580
1514637225634528256,庖丁·：舍不得刀,2834.589,1707650027,c4510bcb
1514643111123638016,维特斯根坦：语言的边界...,2698.257,1707650729,608c8027
1515917648968501760,玄之又玄众妙之门,2657.089,1707802665,38e0cfa7
1517587125145587968,要是长期催眠自己会怎么样,2725.298,1708001683,88fbb66
1517675852157326336,读金刚经,2672.59,1708012260,a9fcc626
1519780859342057216,感受到过，甚至知道是什么。但是害怕接触。,2665.365,1708263196,58acec7
1520469782808481536,道可道非常道,2629.481,1708345322,d762be28
1520627791895512064,我更赞同三个分开,2718.688,1708364158,5b4e526d
1521023430105978880,哈哈哈，前面的,2563.92,1708411322,b553b98a
1521547084388373504,克苏鲁了起来,2745.87,1708473746,2bc7f25d
1522708604589951232,是哪个意识在观测,2595.771,1708612210,164ded48
1523734953245245696,哈哈前面的，你是真信教科书上说的呀，参与反应本身就存在问题，能量一定会变的，也就是量,2552.856,1708734561,d8b5495b
1524372883437014528,人体有按钮，按下去就能触发某种联动,2562.916,1708810608,3e145f2f
1527738967150391040,性命双修,2796.143,1709211876,70a57111
1529115662369318912,都是要么一念正确的引起于正确的道路上让身体有序 要么就是无思像睡觉一样,2861.229,1709375991,b2446d3b
1530385645233783040,还有物理学,2572.795,1709527385,5ebf297f
1530387079006374400,练气,2743.662,1709527556,5ebf297f
1530388143193323264,"蚯蚓,壁虎断尾求生",2870.574,1709527683,5ebf297f
1532534714815294208,所有宗教的最高层都完整的说明了只是你不懂,2675.576,1709783574,a5469906
1534890321371221248,催化剂就是相信的力量,2561.12,1710064384,62081682
1547839603913129984,汉尼拔：庖丁解人？,2866.091,1711608059,2924f963
1565343465338884096,我悟了！随心所欲！想睡就睡，不行起床就不起床！工作爱谁干谁干，老子不爽，啥也不干,2865.521,1713694682,a097799c
1572567091251712256,养生=主；逍遥=游,2769.161,1714555805,372c8582
1590239059560099584,名可名，非恒名也,2630.965,1716662468,32e70d68
1590239493980714240,人的天赋差异,2665.61,1716662520,32e70d68
1590240603575560448,易经中的物极必反,2765.451,1716662652,32e70d68
1592060581706304768,啊，这个真没想到，有实证吗？,2560.711,1716879610,f9c33a0
1592061687744197376,大家好，我是新生代科玄家,2643.455,1716879742,f9c33a0
1594314014312289536,黄帝内经,2534.97,1717148240,10d4dc90
1616707099876686080,文惠君：解压短视频——庖丁解牛,2805.71,1719817704,67bcbd29
1626675886122125312,又回来了,2591.958,1721006076,5633d2a9
1631438955083855104,突然想起标题,2585.702,1721573878,21c7b3eb
1651791865642563072,有谁知道现在的背景音乐是什么吗？求求告诉我。,2643.134,1724000134,5f181478
1651794047494518272,AI识片酱,2699.113,1724000394,5f181478
1786991413704718848,分不清欲望意识的，修炼就是种方法,2714.281,1740117176,5486f4a0
1831179479373324544,早期解压小视频,2816.9,1745384804,b710be43
1831457109842711808,学音乐的人有体会，学音乐之前都是完整的听歌，学完以后现在都会无意中注意各个声部，很难完整的听了,2843.746,1745417900,dfe4b0fd
1862545145472995072,意识是其中一部分原因吧,2613.311,1749123883,fa202f09
2024269125094457856,我觉得是倒过来读,2729.341,1768402884,69b55d6
,,0.0,1775655591.4716349,
lb.c,,0.0,1775655591.4716349,
,,0.0,1775655591.4716349,
1510957622461777920,天魂,3128.676,1707211384,da322836
1511218571445973248,一个人不行的 量变才能引起质变,3198.341,1707242492,d42c8ad
1511230160643446528,阿卡西记录呗~,3238.541,1707243873,cd48e03d
1511530686627303424,NPC的集体AI啊,3237.649,1707279699,f170be36
1511568884010922240,是梦与愿望,3125.115,1707284252,b98c9fb3
1511570884618528512,是通灵的梦境,3206.23,1707284491,b98c9fb3
1511822907737834496,庄子：原来我时这么想的啊！,3134.221,1707314534,bda1f123
1512251072759342080,突然失去或者将情感带入了,3070.429,1707365576,4000cde6
1512252022500783360,灵光一闪，突然想到,3150.493,1707365689,4000cde6
1512252635288549376,其实是循序渐进，早有征兆，但大多数人无法察觉,3191.345,1707365762,4000cde6
1512253239452826112,那之前的猴子们为什么会开始蘸着海水吃呢,3230.319,1707365834,4000cde6
1512774213281604608,卧槽。混沌理论系统！！！！,3153.81,1707427939,8ed0c3de
1514016509931098624,你猜第一个发现螃蟹能吃的，到底怎么发现的？猴子又不傻,3209.326,1707576032,92e7c78e
1514073298105808384,迷因，或者说信息木马,3180.678,1707582802,2e37a580
1514583535271749888,第一只猴子受到启发后并做出的行动，是对猴子这个集体意识里编入了规则，从而改变了集体,3218.418,1707643627,c665640
1514639174123334656,自性,3026.532,1707650259,c4510bcb
1514640437590583296,更高的维度,3120.485,1707650410,81689b77
1514641035211329792,猴子阿卡西,3230.978,1707650481,c4510bcb
1514698547189152000,这里已经看不懂了。。。,2926.085,1707657337,9ffb6953
1514744780003978496,到这里就已经是我的认知极限了,2941.535,1707662849,9dd3ff7c
1514824981765295104,这BGM,2972.822,1707672409,e2780229
1515242570916536832,之前的是跟科学家学的,3233.369,1707722190,2562f491
1516890290877783552,火之意志,3111.925,1707918613,88702550
1518665084443254784,哎呦，不听了bgm太诡异,3049.544,1708130185,be292ef8
1518807268521512192,相信后人的智慧,3102.257,1708147135,f9adf723
1520316968576921600,应该是王浩，,3176.635,1708327105,3c73699e
1522419705653141504,形神俱秒，与道合真,3022.407,1708577771,be610f50
1523014509801892096,集体潜意识,3111.359,1708648677,1d21615c
1525945910948258816,传火,3093.569,1708998127,d2dd72c0
1526325358331251200,这里的理解就是形是个容器，而神就是被这个容器盛着的,2938.91,1709043361,f635abf2
1527744800521370112,薪火相传,3096.725,1709212572,70a57111
1527758035026471424,神能入石，神能飞形,2920.882,1709214149,62568114
1528889413248482048,传火黑魂,3116.323,1709349020,6f32af52
1530108341492489472,好困啊,3034.209,1709494328,5804464b
1534893210164506624,超体,2897.908,1710064729,62081682
1537580659072350720,想听妖怪篇,3181.802,1710385097,91e0a9c8
1544285120998244864,蝴蝶效应,3176.236,1711184332,384ddeeb
1544357386121272832,不会是共同意识吧,3095.67,1711192946,5783e517
1575480378784163840,信上帝,3134.598,1714903096,a388be22
1579708203527511552,问法官啊,3179.339,1715407092,36b4895d
1579948250130296320,精神,3090.485,1715435708,9b4ce596
1581621475461416704,这种背景音是什么，太喜欢了,3108.623,1715635172,de41b98e
1592064944445303808,你这CPU架构该优化了,2936.602,1716880130,f9c33a0
1592066053209484544,你也许不能创造自己，但至少可以改造自己，能不能创造也不一定,2998.077,1716880263,f9c33a0
1592067141253920768,我在乎的这一个失去了，我还不能难过？,3084.918,1716880392,f9c33a0
1596308833918038528,我还是会扶的,3164.151,1717386041,50e7d22
1606223054693128192,胖猫,3160.501,1718567909,daf8c946
1623418737971474432,昆山龙哥,3189.659,1720617794,db4ca287
1631442855685806336,大圣灵,3123.419,1721574343,21c7b3eb
1786995063336434432,如果潜意识是真的，那么人类身体的共生微观生物的集体潜意识是不是就是人类意识的温床？,3025.581,1740117611,5486f4a0
1806748969587135744,陀，你不是一个合格的科学家，但是，你是一个好心理医生！！！！,3076.512,1742472461,e9102dea
1916164431202230528,进击的巨人。,3222.153,1755515800,a8280c73
,,0.0,1775655591.4716349,
lb.c,,0.0,1775655591.4716349,
,,0.0,1775655591.4716349,
1510971530572945408,病毒也是,3260.161,1707213042,68adfe97
1510983347998903808,所以为什么说公众人物说话和行为是有影响力的。。,3271.184,1707214451,5344860d
1511047425832659456,虚空终端,3240.373,1707222090,8327211f
1511152281444385536,这个进度条够带劲,3267.0,1707234589,c82172ab
1511578410852420352,吃过,3323.709,1707285388,b98c9fb3
1511680385774603008,呜呜呜呜呜,3381.092,1707297544,350b71bd
1511864251613163520,好赞！！！已三连！！,3375.957,1707319463,a151a368
1511912731333112064,尼古拉特斯拉,3242.059,1707325242,e77b4efc
1512209128251316224,国之大事，唯戎唯祭,3343.927,1707360575,3d3ac38c
1512361484406102784,我说：看过这个视频的人都很快财富自由,3374.202,1707378738,c811e88f
1512905877231943168,如果可以，我请求我父亲的病症可以通过中医治好，不需要手术化疗,3385.38,1707443634,96c0ea62
1514017550168926720,这个叫榜样~,3263.867,1707576156,92e7c78e
1514052802664623104,巨人里也是这麽说的,3250.246,1707580358,8b405922
1514074494271267840,榜样,3250.657,1707582944,2e37a580
1514426217699705088,"随众生心,应所知量,循业发现",3338.047,1707624873,552666d8
1514467136347857152,传播学,3252.723,1707629751,fdae21aa
1514585089571321600,本质如up所讲，表观来看，是个体与其他体的互相影响,3257.288,1707643812,c665640
1514586357778151424,意识能向上编辑规则，从而让其他个体受到影响。,3375.288,1707643963,c665640
1515244400329096192,终于回到标题,3352.533,1707722408,2562f491
1515245365908168192,会，我赞美一个人，对方就会开心,3371.569,1707722523,2562f491
1515327875191339520,每个生物，即使不是生物也都有自己的编码程序，找到合适的接口，输入各种形式的命令就会产生各种光怪陆离的结果。。。,3381.143,1707732359,1ffbc1b5
1515820269367795712,言出法随,3371.896,1707791057,776bda24
1516768920881824512,我很有钱我会很有钱,3387.47,1707904145,70fd3c54
1516954469592933632,但是呢，很可惜，天地不仁以万物为刍狗，物质宇宙也不会因人的想法而转动,3336.001,1707926264,8384b083
1517633712840660224,真的已经三连了，你已经言出法随了,3390.09,1708007236,1733fcea
1518174832104131072,闭口禅开口定乾坤,3371.615,1708071743,8efd754e
1522714113464572160,阿卡西记录,3252.427,1708612867,164ded48
1522755371783948800,相信相信的力量,3370.14,1708617786,e361d6e7
1523774884663086848,不是八级大狂风吗？,3328.519,1708739321,66fc55c1
1525948176568456704,其实我也觉得我能影响天气,3349.825,1708998398,d2dd72c0
1526329365493732096,拉马努金,3246.818,1709043839,f635abf2
1527761067525454080,君子之德风，小人之德草,3264.903,1709214511,62568114
1528252348273969408,←前面发这个弹幕的，回旋镖在等着你,3334.468,1709273076,67438bf5
1528302863489519616,董仲舒的天人感应。。。,3335.263,1709279098,eb692ff6
1529666599341484032,岛上没有番薯，科学家带的,3240.346,1709441668,3c7337bc
1529668256988820992,首先得找到输入代码的入口,3366.077,1709441866,3c7337bc
1531277046981185792,原神，拯救世界,3377.201,1709633648,7039cd78
1532749734215975936,能影响天气？那不是萧敬腾吗？,3335.762,1709809206,a48a250c
1548578720279697920,关键小人物,3375.09,1711696169,c2ebb559
1561767342860648960,上传到云平台了，全人类的意识都在训练同一个AI模型,3240.735,1713268375,43544b2e
1579709736914476800,人定胜天,3362.094,1715407275,36b4895d
1592069102250627584,反正预知梦我确实做过,3243.288,1716880626,f9c33a0
1592069806364986880,罪己诏？,3318.523,1716880710,f9c33a0
1592070266757056768,所以萧雨神是怎么影响天气的？,3344.159,1716880765,f9c33a0
1606399670735766016,同样适用于所有宗教、政治,3277.292,1718588963,726a651a
1608730598024060416,终于绕回来了，哈哈づ♡ど,3350.983,1718866831,92bbae6d
1837860283956193536,刚开始说什么来着？咒语,3369.517,1746181218,eb39c167
1862551286277790976,媒体,3273.964,1749124615,fa202f09
1916166274984708352,等等，这不是董仲舒的天人感应吗？,3313.709,1755516020,a8280c73
1916166598281445376,这不是天人感应吗？,3285.004,1755516058,a8280c73
,,0.0,1775655591.4716349,
lb.c,,0.0,1775655591.4716349,
,,0.0,1775655591.4716349,
1510893569358271232,第一第一,1.699,1707203748,cde4d87e
1510899902287393024,因为翻译的过程信息会有误差,326.337,1707204503,18041a7d
1510909908177375488,大吹法螺，大敲法鼓,139.426,1707205696,6701cdaf
1510910844496804096,咒语：钵钵鸡 钵啊钵钵鸡 一元一串的钵钵鸡,264.042,1707205808,a2d527c6
1510919025335687680,角度新奇，有想法，尚,30.832,1707206783,68222e04
1510930940716041728,占座,18.899,1707208203,520a78cf
1510950755354440448,临兵斗者皆烈阵在前,56.422,1707210566,7ab67633
1510958798544962048,传播的都是怎么分红，知识垄断和解释权垄断是宗教发展的重要手段,322.894,1707211524,68222e04
1511034478041378304,如果宗教失去神秘性，被彻底解构，那会彻底沦为娱乐产品，甚至被遗忘,316.877,1707220546,9f3bfdff
1511181262969388544,好家伙，这时长老夫相当满意,4.106,1707238044,cd48e03d
1511182539002482176,阿达瓦卡达哇,80.78,1707238196,c5b1b916
1511222906066129664,更新了,2.219,1707243008,2d45ce45
1511226942186302720,八利三藏,254.169,1707243490,925a8e
1511242451145711872,是临兵斗者皆阵组前行,60.751,1707245338,56542bc
1511243862948012288,呃稍微做个思想实验就知道了吧，两人用同一个咒语博弈，宇宙会让谁的生效？,48.369,1707245507,61765872
1511247346108166144,保持神秘性,324.439,1707245922,9ba24f69
1511269600958901504,起源于远古的傩戏吧，只是语言到后面音调之类的变了,229.695,1707248575,9a4d5722
1511286993429352448,傩戏？,195.086,1707250648,40e8b606
1511371366191285504,一本老书，魔界英雄传,56.191,1707260706,d7472b31
1511371955406711296,宗教、民俗需要权威啊，和普通人分开,332.559,1707260777,a03619e9
1511443430792994816,读作频率,50.419,1707269297,f170be36
1511449130046897920,ai是语音是ai服务人。所以按这个逻辑理解 咒语就是人服务神，而不是神服务人。,39.02,1707269976,c9088b35
1511456406702981888,欢乐豆效应,18.499,1707270844,9a409ed0
1511458951899097600,唵蓝净法界，乾元亨利贞,57.505,1707271147,935d4258
1511460489002457856,嘛哩嘛哩哄,115.187,1707271331,f79d57f0
1511461124523224064,巴啦啦小魔仙沙拉沙罗全身变~,122.181,1707271406,f79d57f0
1511464619930060288,大威天龙，般若妈妈哄！,123.144,1707271823,2694a6a3
1511484128527372544,盂兰神功,201.216,1707274149,b5a2bfa6
1511493372387584768,酆都,186.259,1707275251,aef8af5a
1511501312163094528,六字大明咒,65.699,1707276197,3c847720
1511518557304159744,但是指定语言可以掌握解释权，你传播了但是不听我的，那有什么用,321.567,1707278253,5eea56d8
1511520194298916352,惠州人冒头,133.131,1707278448,f388d0d7
1511530496667056128,奇术师,38.359,1707279676,9f798b2
1511539736383475456,背景音乐很好听,238.293,1707280778,e98af137
1511542792294497792,电的载，言的流音的体！！！~,92.155,1707281142,b98c9fb3
1511568683934632192,太平歌词,176.762,1707284228,dccf1241
1511634527880466688,嗯，用山东话来读论语对吧？！,303.511,1707292078,d9096a03
1511682304282562304,细思极恐,65.85,1707297773,e7a6fc0
1511691840704061440,这根本不是悖论，宗教信仰可以共享，但宗教解释权不能，用这些与众生不同的语言是刻意为之,314.645,1707298910,10fe7ea0
1511767484339176448,你要弄清楚什么是咒 在从你的语来研究,107.255,1707307927,c04d39b0
1511770286520144384,但咒语往往需要支付代价,42.49,1707308261,3e66d107
1511813234556941056,普罗米修斯！！！,263.753,1707313381,a151a368
1511845043487872768,我们称为：指令【狗头】,102.28,1707317173,8872ac8b
1511858711323561472,一切都会好起来的,9.076,1707318802,f57b51b5
1511865453088102912,其实就是呼出控制台输入权限内的命令而已,68.929,1707319606,de100637
1511902250002346752,日落西山呐～～～～～ 日落西山黑了天,180.056,1707323993,fe023968
1511930684984525312,殄文,153.507,1707327382,4024beb
1511982163430892032,涟漪到一定程度要么忽视要么被摧毁,76.168,1707333519,3b533936
1512199663267418368,异世界舅舅？,279.895,1707359447,668f1692
1512239974622197504,说不定咒语就是神鬼的语言,29.139,1707364253,cfd7ca0d
1512317236235702272,老法师啦。,154.589,1707373463,ac63fe8e
1512342985545859840,往生咒的话历史不会超过两千年,99.669,1707376532,ec1e650d
1512350557044727040,就连网庙上吹的不靠神仙的道教也是不受箓不拜师无法入道,325.259,1707377435,ec1e650d
1512385944664624896,真语音系统？,300.179,1707381653,85182cf1
1512396870666703616,是的，在河南搭台唱戏，只要开始了，哪怕没人看了，也要唱结束，因为还有鬼神要看,200.4,1707382956,e490b69f
1512401437198811648,前排提醒，这视频不是讲神秘学和民俗，也不是讲符号学人类学的，纯纯的地摊文未解之谜系列,0.0,1707383500,ec1e650d
1512411536671438080,配的视频太烂，为什么不用倩女幽魂里的夺命梵音？？！,65.249,1707384704,df179fd2
1512412001694205696,古代佛经没有文字，都是口口相传。分组背诵互为备份，防止荒腔走板。,130.443,1707384760,218bc651
1512413195863024640,戏曲规矩：一旦开唱就必须唱完，就算没有人听，也会有鬼神在听。,187.237,1707384902,218bc651
1512470663531772416,商博良也不能翻译吗？,254.691,1707391753,2192b47c
1512575622239711744,汽车人变形出发!,34.061,1707404265,1c876ed5
1512675556465262080,爷爷，你关注的up主更新了,0.053,1707416178,e6b1cced
1512800259246878720,雅语？,188.839,1707431044,22a12544
1512835991520727552,加油加油加油,49.519,1707435303,e2e36116
1512878834314398720,急急如律令,116.139,1707440411,ac66a05
1513407398424177664,咒语是古代文明在集体潜意识上构造的系统操作语言 辅助你用神识力共振现实,50.326,1707503420,bb2b695c
1513519125832521216,我知道了，来念，大威天龙,271.527,1707516739,8471b486
1513825907696042240,世界的本质就是震动,35.041,1707553310,97783db7
1513854484185655040,吃葡萄不吐葡萄皮,140.116,1707556717,d2d434c9
1513867228041500928,咒语很管用的，楞严咒大悲咒超管用，,79.791,1707558236,92141b11
1513869470635296768,楞严咒很厉害,124.271,1707558504,92141b11
1513869954716362240,太极腔,181.873,1707558561,92141b11
1513870167694691072,符合太极转动的腔调,207.251,1707558587,92141b11
1513875250914631936,哈嘛噼,256.295,1707559193,697c73c5
1514040566067789056,失传的语言,231.848,1707578900,2e37a580
1514042597747022336,传播的不是教义，而是以神秘把控对神言宗教的释义权，进而掌控教徒思想,318.305,1707579142,2e37a580
1514082080827877632,有句话叫做末法时代，咒语可能就是可以震动那些魔法元素的发音。越大的法术就是需要越多的魔法元素加入,159.257,1707583849,1d9e85c9
1514199858108791040,背景这个场景和美女好美好精致,97.689,1707597889,543b1b52
1514355957059465728,言灵,83.299,1707616497,b1181568
1514357118193747456,包饺砸！,221.677,1707616636,b1181568
1515017413597801984,玛卡巴卡,5.733,1707695349,65bbde51
1515075022790625536,港片能作为参考？？？,193.326,1707702217,19d790a7
1515323257966851840,龙族,33.379,1707731809,2a0baa1e
1515352156562250752,天猫精灵。开空调,86.414,1707735254,651def2b
1515858433734178048,不是讲究天人感应吗？我认为因该注重感应。,283.302,1707795606,38b7cd34
1515967506836537344,代码也是咒文←_←,144.937,1707808609,a1427164
1516076378326696448,纳米机器人就是魔法元素,168.409,1707821587,78fb5fc8
1516259650881020928,我认为一定不会是种真正的语言，或者说一定没有规律,11.119,1707843435,c9cb581b
1516599242444146176,这些咒语可能是调整自己能量的一种技巧，但是前提是对自身能量有认知，现在已失传了,121.64,1707883918,be0efab2
1517403587184422144,我知道，同伴加压耗时3防夜袭，是神秘交谈,276.082,1707979803,e63ec77b
1517533032255605248,恐怖的时长,9.17,1707995234,d8d03db0
1518137113181289216,陀螺么,9.807,1708067246,7fb60ea5
1518947474113374464,不算什么新想法，我小学时就在很多科普科幻书籍中见过了,34.415,1708163849,8d99378e
1518975570909053440,这些是谜因或者说是模因,88.047,1708167198,8d99378e
1518988018554381824,索绪尔《普通语言学教程》,207.331,1708168682,8d99378e
1518990509333373696,有没有可能神不需要语言,334.629,1708168979,8d99378e
1519019224050573312,手机便是魔杖,65.464,1708172402,eb2d8318
1519077329471963392,斯人已逝,155.313,1708179329,5ae573e0
1519119575835716352,终于有人说这个了！,14.259,1708184365,852f32d4
1519176036183758848,咒语 密码？,158.411,1708191095,f8fa38dc
1519415599787310080,摩西摩西,333.508,1708219654,a5fd0f2a
1519616248227790080,外星语吗,248.364,1708243573,c67dfee9
1519674270610095104,6++++++,227.168,1708250490,3ed244f1
1519776711493963008,梵文,128.253,1708262702,cac1ea43
1520599627219771648,"Hey, Siri就是一句咒语",52.979,1708360801,62dea387
1520960370053912832,把这个换成语音识别就对味了 哈哈,285.435,1708403805,6c47009f
1521046991315212032,一人之下--巫妖  神格面具,189.927,1708414131,484718e1
1521313780892562432,计算机语言和程序验证,344.643,1708445935,73ad9a4c
1521828578877088256,什么亚空间,274.869,1708507303,3f564a18
1522141123278263296,讲好一个故事,84.475,1708544561,749148d6
1522245180462621696,有没可能是为了所谓神秘感，你不懂就觉得神奇而已，有可能经文只是说你吃了没之类的话,349.408,1708556966,c4f0a743
1522338742013231104,言出法随！,72.482,1708568119,d4df00e7
1522739676061328128,言出法随,96.474,1708615914,9242b9d5
1523493689731924992,南无阿弥陀佛,132.559,1708705800,ed3aa3fa
1523727651624210944,说不定就是外星人教了一半,313.746,1708733690,9accefd7
1524238675792495360,古语或者外语加上误读？,120.786,1708794609,eb9bb181
1524350810652467456,纳米机械可以实现的,73.747,1708807977,3e145f2f
1524871559263616000,这其实和人类的傲慢有关,322.405,1708870055,334b68cd
1524951088132848640,宇宙系统的cmd指令,36.891,1708879535,4506ee92
1525478414050475264,大家不要误会这里，只是为了解释咒语，是一种娱乐的方向。研究的并不是宗教的政治性,325.499,1708942397,b958d312
1525514254814519040,唱诗人,282.422,1708946670,b6955852
1525986563543289088,失落的史前科技？！,42.619,1709002974,ea787008
1525990164084938496,有没有一种可能翻译后会失真？知其意，却不能知其境,315.411,1709003403,ea787008
1526707221625564160,已经关闭了，神远古的时候为了调试留的GM接口而已,51.784,1709088883,ac9c7a53
1527043400309016064,真名,289.935,1709128958,f2719655
1527406274621540096,遇事不决，外星语言,254.434,1709172216,b5f326f3
1527518713752931072,阿瓦达啃大瓜！！！！,75.721,1709185620,acc807f1
1529578567409916928,惊！晴雅集？！,29.392,1709431174,43bd4e89
1529581902888364032,一种保持自我文化的方式而已,313.873,1709431571,662e91a1
1530203757764441344,神秘主义,333.339,1709505702,961f4073
1531427263931784704,菠萝菠萝蜜~~~,139.178,1709651556,d798ad0c
1531911304212702464,？？巴利三藏是原始佛教语言，记录不应该是原始佛经么？怎么会翻译不出来,245.83,1709709258,1b499427
1532035581700394752,梵文,233.951,1709724073,180c64e8
1533269809557922048,我们所有的念想都是咒语,70.357,1709871204,62081682
1542529958940243200,是的，有的看似是梗，其实有些力量在的,90.778,1710975100,32e70d68
1543111050709208832,桐人：system call,56.917,1711044372,1fa48e31
1544947092043549440,想起句话，科学的尽头是玄学,207.987,1711263245,3e3a2c80
1547095614930966784,其他语种的经文怎么呢,303.683,1711519369,e6a80cdd
1547958184134834176,这里还有个悖论，当一个种族发展了一个宗教。那么肯定是这个种族的宝贝,330.11,1711622195,e32b7191
1548159716230860800,这不是维护正统核心地位的需要吗？,316.706,1711646219,41484aff
1548278444176366080,怎么证明或者证伪,44.389,1711660373,aa9228fe
1548340582077118976,表音文字,253.179,1711667780,26c06ef
1548341319083226368,为了最终解释权,332.879,1711667868,26c06ef
1548698437929915648,拉莱耶语,233.375,1711710440,cc4815cd
1549523100742364416,伊卜拉沙~,235.001,1711808747,145aa409
1555920021157790720,我也会：“小爱同学，帮我开灯”,47.483,1712571320,a7828a4c
1578907644843075328,就是高维能量语，链接你和你的原神,77.328,1715311658,89a93e3c
1579045791392150016,是高哥特语和低哥特语的意思吗？,256.159,1715328126,efbe4fb1
1579600572553052928,一陀翔,19.0,1715394262,c2ffcf2b
1593186662605772544,想让咒语变成真，你必须从相反视角观测咒语的实施～,6.368,1717013850,d9f65bf6
1595352854670238464,古神语,279.125,1717272080,548c6421
1613232999364002560,以前人少,319.025,1719403559,e64c5464
1625946687002524416,宇宙的代码,40.819,1720919149,3d151d8e
1639155093452823296,小孩子灵性高,163.464,1722493714,3b877167
1657286574037113856,科仪 密咒,211.368,1724655155,257a1ebb
1671812029079470592,宇宙编程语言,348.506,1726386724,67547af9
1685437688540383232,还有宇宙语,256.42,1728011029,f2f5aee3
1693835141027384576,巫在古代是指可以沟通天地的人,173.132,1729012083,76537ad9
1710183110169744896,没错，只要戏台子搭起来，没人也要唱，因为有鬼神也再看,183.934,1730960913,9820c3cc
,,0.0,1775655591.4716349,
lb.c,,0.0,1775655591.4716349,
,,0.0,1775655591.4716349,
1510900560373553408,撞到真空容器壁之后能量引起了容器壁的形变和内能增加，也就是做了功,659.79,1707204582,b9f37c81
1510900651868260864,现象难道不是人规定出来的吗？,458.885,1707204593,b7253f15
1511025437420547840,这里bgm有人知道吗,518.722,1707219468,9039f3b4
1511030251256490240,这个有解释,449.298,1707220042,1555eca4
1511042247267934720,达摩是真实的历史人物啊，有记载的,360.85,1707221472,3d58d951
1511091314459339776,光音天,449.444,1707227322,4404adee
1511091935325041920,光音天,447.529,1707227396,4404adee
1511092919216725760,阿凡达团建,389.076,1707227513,165e8d50
1511105664078934784,真空中应该是没有物质媒介来共振,579.255,1707229032,ff133554
1511151090589253376,那么问题来了，神无所不能，为啥不啥语言都懂,402.783,1707234447,4653de3d
1511177058464783872,这个逻辑有问题，就算耶稣真的复活了，那后世的人都没见过又凭什么相信，那没见过的后人可以相信，没见过的前人就也可以相信,385.196,1707237543,a002bc65
1511180170973705728,阵法？,686.459,1707237914,6d8b995d
1511196360635076352,吊在板上的原因,581.869,1707239844,8e8a9411
1511282684226246912,相信神存在≠神真的存在。,394.928,1707250135,be6a4a57
1511337549380404736,相信相信的力量,406.35,1707256675,d23c6e91
1511344816028825856,这个应该是心理学。,421.01,1707257541,86ff93e9
1511444496154427392,啊，竟然有文献？,539.327,1707269424,57b0d9a5
1511492257423854848,是催眠学，不是心理学，在很多时候是超心理学的概念,516.282,1707275118,2a863fc8
1511508387635012608,现象不是人规定的，是人发现归纳总结的，无法复现没找到规律的就是神秘,468.904,1707277041,3e818a27
1511522047493633792,"祝由术算不算,听说确实有一定效果",428.512,1707278669,f0e5ceae
1511531083693425920,共振就是功放,624.337,1707279746,3291c759
1511536718556469248,可以理解为神灵C语言,509.384,1707280418,25a3a2fb
1511545975553024768,遇事不决，量子力学,497.303,1707281521,18d3d9b6
1511604753430393344,好像臭名昭著的水知道答案也提过类似的理论吧,656.368,1707288528,c0dcfb2c
1511628251397654528,耶稣也是真实的历史人物啊,364.559,1707291329,be83c184
1511695680824204032,曼陀罗,630.593,1707299368,2b4097c
1511698937155826944,声音不是消耗了能量才出现的？,477.243,1707299756,e274e0d6
1511868531464402176,灵能科技会引发亚空间天灾,434.039,1707319973,de100637
1511906428947239424,这种事是完全有可能的 但是距离神学 十亿八千万光年,522.151,1707324491,fe023968
1511907011250652928,真空不空 朋友,583.404,1707324560,fe023968
1511986773247507200,别迷信了，就算法翻译成同样的语言也是近似意和本意肯定有区别的，声音也分很多种，人与人听到也会有差别，这方面确实大家都不懂就看谁在那装，相信科学，拒绝迷信,411.888,1707334069,3b533936
1511992122906106624,只要别傲慢就很难迷信,487.448,1707334706,3b533936
1512399397458329600,逸散成熵了,482.04,1707383257,e490b69f
1512416070420826624,全国无论南北，都有一种去除喉咙鱼刺的祝由术。无法用现代理论解释，但真管用。,424.813,1707385245,218bc651
1512417522790590464,压点效应会产生电磁波，另一块同规格压电材料能够接收同频电磁辐射。,532.909,1707385418,218bc651
1512553623576776704,这太扯了,499.588,1707401642,3ff15c6
1512961307039537152,听音识曲,557.452,1707450242,3b054801
1513120392393488640,曼陀罗 荷鲁斯,627.43,1707469206,cb704783
1513607207155996928,祝由术,431.192,1707527239,4c09d4ff
1513712709210978816,千里传音,544.654,1707539816,51e24fc0
1514046186527756800,金花,637.486,1707579570,2e37a580
1514414867174400768,扯什么？的布罗伊物质波也是这个差不多的情景,506.264,1707623520,2610031c
1514810229593054464,有时候挺好使的,424.53,1707670651,7abc00a5
1515079558796536832,是语言就能承载,442.446,1707702757,19d790a7
1515889347617151232,言出法随,688.232,1707799292,38e0cfa7
1516074366621033728,有体验，比如快睡着半梦半醒间有时就会听到别人的说话声,510.885,1707821348,87b7cc89
1516142762431414528,巫医:我用的巫药是地塞米松,371.827,1707829501,7885fa40
1517231888501551872,能量在引起介质震动时就损耗了,667.08,1707959335,b02b4760
1519097112141709824,脉轮,632.163,1708181687,b79fb829
1519149031283219968,六字大明咒的“唵”字声波成像出来的就是一个坛城的模样,702.861,1708187876,b4116d28
1520413688194932736,只看结果，不看过程,434.976,1708338635,18f90f29
1521193655723901440,打电话不也是这样吗,543.23,1708431614,1afc700e
1521515294374641152,很多佛世界是以音声形式存在的就是这个意思，佛说法的音声响彻三千大千世界乃至无量无边世界却互不干扰，个人推测原理也是如此甚至更高端,646.222,1708469957,2bc7f25d
1521869830855307520,九龙化骨水,428.984,1708512221,5e5b832e
1522614177301480704,我都不知道我是從哪裡開始聽不懂的,680.949,1708600954,e5b3855e
1523056658296037376,虚拟世界么？,434.293,1708653702,11aee060
1523111823023342080,这也是因为有电场啊,525.467,1708660278,caf65355
1523399379279849984,真空量子涨落产生虚粒子，这些虚粒子可以震动传递声音,509.3,1708694557,e0aa4922
1523733545385058304,就像音乐会影响人的情绪或行为,589.669,1708734393,c0cf273f
1523896536491566336,神说要有钱，于是真的有了钱,407.087,1708753823,a623f050
1523921070451773184,直接操作底层代码的意思？,460.701,1708756748,bc3c5dc4
1524083323922976512,听不懂，但是爱听,547.719,1708776090,3238262a
1524151221777249792,我想到了催眠！,451.94,1708784184,31a50c5b
1524872064241377536,找个海妖，她们有语言插件,395.524,1708870115,4df1c005
1525795062360167424,如果是相同结构的设备，很有可能只是因为固有频率相同,579.875,1708980145,38db071e
1525895530184793856,魔术？,376.219,1708992122,2846fd25
1526905709101803520,源代码,625.148,1709112544,53713d10
1527805746459515904,可以用同一条鱼用火烧软 放水中喝下去就可以了 没试过 可以试试,428.36,1709219837,c3660b3b
1528746137987852032,抵抗重力我笑死,447.8,1709331941,b18ca3c3
1529391240104563712,真空没有空气啊，能量没法传递呗。,474.731,1709408843,acab398a
1529393029109376512,图案与物质形成未必有关联，结,685.81,1709409056,acab398a
1530561309647992576,原神，启动,440.699,1709548326,7039cd78
1530563428618802176,原神，拯救世界,685.059,1709548578,7039cd78
1535763481922828288,你好。地球人,502.126,1710168473,369f2308
1538300396295406080,当你相信神存在的时候，你无法分辨神不存在,400.555,1710470897,380fb161
1543391465777099264,太阳：那我走？,403.631,1711077800,e185455b
1543744512340334080,雷达？,682.265,1711119886,3ab4cc58
1545168316992144640,别着急反驳～人家都有资料的，又不是信口胡说。先看看中不？,522.289,1711289617,2a2f81cb
1547835726564081664,大型演唱会,392.023,1711607597,ef69e866
1548724242135296000,这不是共振，这是系统的耦合运动，不要望文生义,587.954,1711713516,5e86f2be
1550077398274505728,披着科幻外衣的外星非洲,415.033,1711874825,594a703a
1551541533415911424,画符？,697.612,1712049363,f686d65e
1551666175614980608,电子设备的声音和人体的一样吗,654.95,1712064222,af883166
1559681438692134144,频率,462.398,1713019716,1d73ca06
1565534952362303744,分形几何,688.766,1713717509,5db64ff1
1578153244038174464,非局域耦合机械振子的同步及奇异态,589.095,1715221727,4350c6ed
1582038471336594176,史前超级治愈机器人，通过语音交流借用,417.043,1715684882,97213204
1587104621032583424,突然串戏到了浮世叁千问233,549.603,1716288814,482d75e4
1589353646557061120,看到这个我立马想到了麦田圈的图案,681.825,1716556919,5931d69a
1605616503556794112,==没人说达摩是神吧？佛教从来说佛是开悟的人而已,401.019,1718495602,926fe657
1616096372220716544,那就是每个读音都与某种波共振，或组织成固定的波形组合，这样的波形组合就产生某种能量，达到一定强度就能影响能量场,475.339,1719744900,13b5d3c3
1616896630853157376,转化成内能了啊,473.553,1719840298,22286d56
1622573075915028992,逗猫棒,585.05,1720516983,72808daf
1623704623200179200,真空不真，即使太空，也是相对真空，不是绝对,499.219,1720651874,4c99fc82
1639981537342845184,总裁那里看过这段,603.241,1722592233,95e48e44
1655747505583124480,麦田怪圈,690.774,1724471683,b7d61015
1657054149197909760,所以皇帝学天人的音乐就是为了拯救当年的人,705.618,1724627447,bb2b695c
1684301329097158656,节拍器,580.965,1727875564,fea2e132
1707933810337497600,神“说”：要有“光”,450.231,1730692776,c87e78db
1786962726779324416,首先发出声音的东西你必须得给它一个定位，或是锚点，一切从它出发才有对错，或许这就是人类限制？,712.141,1740113757,5486f4a0
,,0.0,1775655591.4716349,
lb.c,,0.0,1775655591.4716349,
,,0.0,1775655591.4716349,
1510908556394966784,芭芭拉：治疗就交给我吧,914.772,1707205535,66b8a922
1510931899072224768,就算时空不连续，我们感受到的也是连续的。,1022.773,1707208318,de0d96f7
1510932180552081408,比如：眨眼补帧。视频一顿一顿的，可是在我们看来，就是连续的。,1024.733,1707208351,de0d96f7
1510932571318612736,卡顿，对于连续来说，通过对比，才有卡顿。,1026.053,1707208398,de0d96f7
1510939667150138880,细说深入,977.537,1707209244,6840d8d4
1511037968390157824,图穷匕见,773.855,1707220962,f2194801
1511107728758915584,这是波纹攻击,919.726,1707229278,ff133554
1511108334592237824,开始看不懂了,1019.318,1707229350,ff133554
1511115165905922560,我喜欢,775.271,1707230165,21836113
1511154999126838016,那如果光可以被力吸引或者退离呢。。。,810.518,1707234913,4653de3d
1511215457519212800,这个招数电影里的神婆经常用,949.238,1707242121,833e8924
1511244701272300544,法术：言出法随,847.578,1707245607,ddd5415e
1511440245227354368,时间是否存在都是个问题，讨论这个,865.197,1707268917,cb122b68
1511450399830701568,魔术大师,951.539,1707270128,c35938f7
1511467769114449152,万事不决，量子力学,1006.523,1707272198,5d76bd6e
1511492002686982912,其实是魔术而已,992.258,1707275087,1253f646
1511543661714979840,如果魔术能救一个濒死的人就好了,1003.873,1707281246,f0e5ceae
1511544817807974400,我还以为我屏幕上有蚂蚁！！！,960.27,1707281383,275bd317
1511551857225513984,？,956.623,1707282223,18d3d9b6
1511686273318952960,遇事不决 量子力学,999.821,1707298246,afd6932a
1511694476094334976,图穷匕见+1,789.081,1707299224,e7d94bb0
1511739552522725888,这不会是芭芭拉的原型吧,919.964,1707304598,68b8b69b
1511765376005291776,所以关键是理解共振的本质吗，共振为什么存在,720.256,1707307676,d3926e93
1511837427696720384,我的老师跟我们讲过很多这种，老老师懂的很多，都给我们讲，现在可能没老师知道了,969.57,1707316265,928db7c7
1511839115250015744,不是魔术，我那个老老师说，超自然跟化学物理学有关，不是假的，只是我们现在不懂,996.13,1707316466,928db7c7
1511872289778621440,"光不会被引力吸引,而是沿着空间最短的路径传播而已.所以黑洞是扰动空间而非拉扯光子",823.721,1707320421,de100637
1511937045143108608,因为观测了,1052.265,1707328140,54505dd5
1512001545351270912,众所周知宏观效应会有一个概率趋势这不就连起来了？不想卡bug也不是不可以,1026.596,1707335830,3b533936
1512232402234451712,有没有可能芭芭拉学过医学，打着巫医的旗号在实施专业手术？,996.828,1707363350,668f1692
1512476769406749184,噗，再见,981.123,1707392481,2192b47c
1512608267246103808,就象我们看动画片那样，动画片也不是连续的，只是我们觉得是连续的。,1031.334,1707408156,aaba05d6
1514049108397391616,这类魔术手法被揭秘过,954.314,1707579918,2e37a580
1514763847821686528,科学的尽头是神学,1067.514,1707665122,ec0293b2
1515115708605221120,不，相对论证明时空是变量,782.777,1707707067,9ba94f75
1515382011794174720,路西法,799.388,1707738813,8b55cc44
1516202209334213888,遇事不决量子力学,989.899,1707836588,8e9d9c30
1516399092161618688,有没有一种可能，一切只是场物质流动产生的变化,857.976,1707860058,e4ab6b8a
1516472943654308608,直到魔法揭秘开始播放,997.288,1707868862,dc228f33
1516934833941766144,主要就是，声音的能量太少了，除非是有放大器，或者类似引动雪崩一样的引子,846.614,1707923923,8384b083
1516941263289824512,说其他我还不一定熟，这个芭芭拉帕奇塔不久前我还看过揭秘,875.114,1707924690,8384b083
1519459610443232512,芭芭拉 冲鸭,875.621,1708224900,bdcd674a
1519521141822387200,法器？,863.309,1708232235,85109700
1519734356447349760,我记得有书说 唵 代表世间万物,745.784,1708257652,6e104b80
1520925161463963648,造神嘛，哪都一样,977.215,1708399607,39380461
1521520242915206656,黄帝外经到底什么内容啊,953.712,1708470547,2bc7f25d
1522305516666245888,芭芭拉冲呀！,901.502,1708564159,cfd4b043
1522600013229157888,你这个芭芭拉回复效果有点强,901.821,1708599265,afb33c7e
1523116779063697664,这就是芭芭拉原型吗,894.658,1708660869,caf65355
1523117225723492096,研究出来可是能“水”一篇论文的啊，怎么会有学者不感兴趣呢,921.75,1708660922,caf65355
1523826720631923968,所有的一切都是能量的互相干涉,868.615,1708745500,3c7337bc
1524834345603342592,遇事不决，量子力学,990.708,1708865619,2ecd090a
1525447203026720512,来困了..............,1051.074,1708938677,733e5dc3
1526071318246951680,那倒立行走是不是会活的久一点,839.812,1709013077,aec86728
1526213258074652160,就喜欢这句！,722.968,1709029998,a48a250c
1526215241627702272,芭芭拉冲鸭,932.186,1709030234,3fc86396
1528921959411564288,时空之王，命运道标,858.034,1709352900,f7ab0be
1529095836045338112,那是你念唵这类时 你的肌肉呼吸机都在随着你念这个字时有规律运动 按摩内脏,787.375,1709373628,b2446d3b
1529096324883104000,将无序混乱 通过振动变的重新有序，规律,845.558,1709373686,b2446d3b
1530200422705674496,我更倾向于时间是一把尺子 本来不存在只是为了让人类理解而造出来的工具 ,1065.539,1709505305,a5220fbb
1534711957620495616,因为思维是线性的,1034.803,1710043122,62081682
1543746423835697152,这么离谱？,910.195,1711120114,3ab4cc58
1546005639908824320,算了吧,907.089,1711389433,990cb761
1549518129745755904,苗医没病拿水,995.939,1711808155,ceb9f1ab
1551541810399105024,咒语就是用声音画符,730.627,1712049396,f686d65e
1551542719128959232,衰变，老化,838.951,1712049505,f686d65e
1562180038324307456,科学没有尽头。,1077.795,1713317572,59236c22
1577511418495228928,咒令：我，秦始皇，打钱！！！,886.446,1715145215,d59fe5b0
1578778053835180544,芭芭拉：演唱，开始！,890.933,1715296210,b897fdc1
1594020501347522304,黑客帝国,944.659,1717113251,10d4dc90
1615813523726791168,我每次睡不着就看他视频，一听就困，比安眠药管用,1041.055,1719711182,29578a32
1622577590823022080,幻影移形,1038.551,1720517521,72808daf
1639987416305571072,回调芭芭拉！,906.754,1722592934,95e48e44
1655797195032993536,湖北某个道教县的某个局长，就是被这种方式治疗的癌症，还拍了视频,957.966,1724477607,f85c634d
1682123295757073152,遇事不决，量子力学,986.771,1727615923,46c0c30d
1682123743473752832,缩地术！,1036.086,1727615976,46c0c30d
1693841864656055296,憨豆先生也干过类似的事,948.417,1729012885,76537ad9
1727377496854866432,读书时巴不得有这能力省下通勤,1036.921,1733010644,9d6fe986
1801466163009000448,高手啊,966.308,1741842701,705a891
1812420769691477504,怪不得蒙德城有个芭芭拉,992.077,1743148592,94749c01
1825597102567617536, 那光的散射呢？,816.808,1744719333,1a6d2728
1825599134908975616,电影中环节在他眼前上演，不敢想象他当时得震惊到什么程度,957.706,1744719575,1a6d2728
,,0.0,1775655591.4716349,
lb.c,,0.0,1775655591.4716349,
,,0.0,1775655591.4716349,
1510937110897690880,如果说是量子隧穿的话，概率极低，忽略不计。不如直接把射向他人的子弹，无伤遂穿到脑后。,1232.142,1707208939,de0d96f7
1510938654141682944,这难度，比空间传送还难,1249.191,1707209123,de0d96f7
1510941287778876160,言出法随？,1238.539,1707209437,520a78cf
1510960014297565440,有道理,1356.308,1707211669,73dbef55
1510973142066364672,我小时候经常混淆绿色和蓝色,1337.774,1707213234,2eb64d21
1511086203624329984,有合理解释了,1302.605,1707226712,903d032f
1511164230840225536,集体潜意识,1433.111,1707236014,4b967118
1511215250052352256,狼孩的故事如果是真的，那么鸿蒙讲座的故事岂不是真的？传道是真的,1431.28,1707242096,b789a2e2
1511218110945282304,所以自旋到底是什么意思,1100.438,1707242437,ad5cbc3e
1511255395841472512,思想烙印.  ,1347.877,1707246882,b694ac7c
1511404765434047488,这不是道家学说，这是道教学说,1156.319,1707264688,925a8e
1511431593041043200,阿赖耶识,1436.598,1707267886,cdf28e6f
1511460786487543808,本来就没有时间，,1087.225,1707271366,af3bc664
1511478139933912064,有道理,1368.836,1707273435,7a0bddcc
1511516709016718080,阿赖耶,1437.162,1707278033,3e818a27
1511533126998994176,观测物质世界必会对物质世界造成扰动，也就是互动，所以在微观世界，所有观测均是与物质互动后的结果,1368.97,1707279990,2b0a5cad
1511534374871452416,陀一定是博士后，逻辑，章节环环相扣,1206.486,1707280138,62081682
1511536152619183104,这就是地球ol的规矩呀,1351.549,1707280350,baaac14b
1511592607808412416,我们的世界是虚拟的,1141.448,1707287080,6e468b55
1511730073613624064,意识冰山，水面上的冰山看似独立，下面却连成一片？,1434.891,1707303468,ed61d4d3
1511912129274695168,其实可以吃 你喜欢的话（用过的容易产生细菌 吃进去会生病）,1339.593,1707325170,d67e1d47
1512134764138867200,这点认同，在学校考试的时候，明明我自己不紧张，题感觉也不难，但就是脑子空白，不会思考，感觉自己的意识被别人影响了,1430.906,1707351710,95936744
1512240897428290560,五蕴,1348.701,1707364363,f7efa00d
1512262604377145344,假设空间本就在你只是在这空间里放了个烟花，接着烟花充斥整个空间并不断蔓延,1169.81,1707366950,6031d481
1512505554680108288,有些所谓的证明只是为了让事情变的合理,1411.255,1707395912,f49ebad4
1513928600649548288,懂了，太上老君是量子（bushi,1170.598,1707565552,1a1281fd
1514382712004454144,神学不为用，科技为用,1247.087,1707619687,26b4c7d7
1514692285949028608,这个突然出现，也许是奇点以外的更高维世界对它产生了什么影响,1165.973,1707656591,2562f491
1514708046239426560,因为人本身就在系统中,1295.196,1707658470,2562f491
1514710233921327104,绿色也可以叫green,1337.739,1707658730,2562f491
1514711110069364736,确实,1434.603,1707658835,2562f491
1516133256528101376,石头人是吧,1438.144,1707828368,eef05dc0
1519363206387544576,时间和空间是连续的吗,1312.594,1708213408,89704736
1519643780385783040,地球不就在自旋吗,1103.687,1708246855,9c248688
1521295412676657408,？？？,1192.427,1708443745,1892977d
1521523478031927808,所以各大正教都重视语言的作用，圣经里丈夫可以否掉妻子的发愿，佛教和道教都说言语能召来福祸就是这意思,1231.27,1708470932,2bc7f25d
1522116546367880448,这可以假设并不是不教，而是教不了，或者不知道怎么把这种共振甚至说同频的展示给我们，甚至这个可以理解为天赋说的夸张点也就是超能力般是独有的，可以传承但不一定遇到差不多能遇到一个对师傅会咒语一样有天赋的,1267.781,1708541632,f4485a9e
1522694772203129600,所以世界就是像素组成的，根本不连续,1123.286,1708610561,164ded48
1522697891523916800,集体潜意识,1437.666,1708610933,164ded48
1525303812967995136,混元行意,1136.666,1708921583,48beeaa6
1526282993864606208,矩阵,1348.66,1709038311,1596239a
1526913926909220608,真言咒,1234.346,1709113524,53713d10
1529101675288482560,一段振动同样是有序的 会改变无序 同样消除混乱的应力,1321.582,1709374324,b2446d3b
1529103192561254400,认知定义牢笼,1374.684,1709374505,b2446d3b
1535828119645251840,净土宗,1225.742,1710176179,a125d774
1539225571467521536,真空中各方向的力是相同的，但是空间被扭曲之后就会出现“引力”,1127.443,1710581186,9798cac3
1544269461069150720,薛定谔的猫,1332.189,1711182465,384ddeeb
1548355340456971520,为什么打死狼,1382.359,1711669540,26c06ef
1549858698313306624,一语成谶,1237.96,1711848754,6bfe7442
1550314692902376192,像不像一个游戏的世界，从仅有一个世界到加载各种内容的样子？,1156.541,1711903113,7991c86e
1554004188055479296,少数的听到一半，发现已经一句话都听不懂了的视频，世界真神奇,1123.397,1712342935,9cd415f0
1558134519037870080,AI开机了,1178.136,1712835309,569fb314
1579252691224311808,五蕴,1355.02,1715352791,36dd6ae7
1579800639058708992,假装自己能听懂。这是咒语的一部分。,1109.409,1715418111,1d5a13e1
1592047346571685888,普通人的意识、记忆太靠不住了,1339.163,1716878033,f9c33a0
1616905396319193856,《白发魔女传》,1392.275,1719841343,22286d56
1628290035444993792,其实是不确定原理,1291.341,1721198498,e9ae1482
1641605769663529728,言灵,1230.33,1722785857,885fe8e9
1650106204409803520,信则有，不信则无，是不是也是共振，相信才可以和对方同一频率才能感受到，不相信频率不对就什么都不会发生，所以同一个方法，有的人灵，有的人不灵,1249.341,1723799188,2562f491
1661697840449405952,开控制台了,1234.173,1725181019,766e2ccb
1688364293735441664,假的？这是有记录的，还被写入了教育心理学的,1406.421,1728359907,2852ec86
1801377511042126592,时间是人道的概念,1104.052,1741832133,bd550466
1801378425123447040,人类对游戏的开发与创造，像不像天道对人类社会的创造,1212.996,1741832242,bd550466
1806733657709799424,张祥前的《统一场理论》能解释这些现像吗？,1287.425,1742470635,e9102dea
1827140962385317888,你看名字也知道，原始既是原初开始,1133.215,1744903376,1e8ae9f6
1902998389101029120,来自于经验和集体定义,1348.111,1753946285,2f11bf61
,,0.0,1775655591.4716349,
lb.c,,0.0,1775655591.4716349,
,,0.0,1775655591.4716349,
1510906544102140160,这是否能证明一定程度上证明灵魂的存在？,1624.165,1707205295,b7253f15
1510910449561168640,这部分应该是荣格的集体潜意识理论,1440.31,1707205761,1492c5f6
1510914819380157184,是不是给乌龟养大我们也能长命百岁了,1482.1,1707206282,66b8a922
1510920275179427072,比如心里说谁，谁就会打喷嚏,1749.222,1707206932,f57edb10
1510935521063628032,少了云端的算力支持,1472.716,1707208750,fc3b5a83
1510938085855267072,我用在感应外卖员是否到门口了，突然身体本能去开门,1748.476,1707209055,fc3b5a83
1510939849174349568,最新研究，意识，滞后于行为。行为是明星，意识是行为的经纪人。先做，后记录，再修改，更新下一次的行为模式，然后无限循环,1611.618,1707209265,de0d96f7
1510940204163147520,观测者效应，只能说仅供参考,1639.328,1707209308,de0d96f7
1510941203993114112,开智,1688.672,1707209427,1175e65c
1510943420246570240,这是真实的,1483.775,1707209691,fb5a2a45
1510944543003220992,开悟,1713.61,1707209825,7414f425
1510961183887348992,因无所住而生其心,1706.063,1707211809,cf105ce1
1511035621878063616,乌龟那个没法验证，因为乌龟不是哺乳类不会养小孩,1485.194,1707220682,e81cc6
1511063764844415488,高维观测者,1482.859,1707224037,3d58d951
1511111395234618368,但是谁也不敢保证动物没有意识啊？,1506.329,1707229715,ff133554
1511209499552427264,全世界觉得世界是天堂，那么世界就会变成天堂？,1481.001,1707241410,be61b0c1
1511216834996027392,双胞胎？,1610.797,1707242285,b789a2e2
1511223146534047744,古希腊掌管某某的神（doge,1550.905,1707243037,ad5cbc3e
1511223961420548352,如数家珍,1623.444,1707243134,ad5cbc3e
1511228030968900864,应该有吧，比如幸存者偏差；你只记住了说曹操就到的情况，或者父母回家的时间是规律的，你的生物钟告诉了你，使你有所防备,1746.417,1707243619,ad5cbc3e
1511477452092956160,亚空间四小贩,1570.169,1707273353,7c4f903
1511495235413645056,共业,1629.976,1707275473,e6bdc74d
1511497316744741120,上帝,1497.298,1707275721,922862d0
1511508691051051264,阿赖耶识,1441.43,1707277077,aef8af5a
1511568011436567296,阿赖耶识,1692.985,1707284148,d2e363e1
1511621789049190912,凉宫春日的忧郁,1540.488,1707290559,c396cf1d
1511623568927411456,灵能者？,1602.063,1707290771,efbe4fb1
1511631995141424640,那么反过来是不是父母到家前会觉得你在看电视,1750.205,1707291776,c0dcfb2c
1511640842572549632,余光再广也广不到背后,1785.868,1707292830,be83c184
1511687451415241984,xia我一跳,1542.529,1707298387,b82e8d5b
1511708301216445696,提到荣格的集体潜意识，那就不得不提到他在中国看到的《太乙金华宗旨》，后来又翻译回来的的《金花的秘密了》,1735.111,1707300872,9d05f18f
1511795647848672768,悟道,1725.188,1707311285,22b0b17c
1511835804467800832,因为个人意识 改变不了 集体意识,1538.777,1707316072,12d7ee3c
1511842276740092928,【黑门】个体高度独立，目标高度一致,1574.604,1707316843,12d7ee3c
1511847891394797056,喧闹的教室里突然所有人都不说话了。。。。,1765.309,1707317513,32e883ab
1511851208367988480,这不就是佛学么,1697.612,1707317908,9a409ed0
1512144308310928896,答案很显然是能,1505.483,1707352848,a7dc3a93
1512507446907027200,未来人KFK说的2048年之后,1636.84,1707396138,f49ebad4
1512542422654299648,“小我，大我，无我”,1702.041,1707400307,9c484b9d
1513849460013352192,目光这个确实神奇，我从小就可以感知到后面有人看我,1790.395,1707556118,f3c434db
1514406144062621440,人生如梦 梦就是我 我就是梦,1687.096,1707622480,552666d8
1514627335700539648,膀光,1780.411,1707648848,c4510bcb
1515381706549783040,gumayusi,1584.18,1707738776,faace91f
1516918028389108480,神圣的卡拉链接这我们,1465.03,1707921920,999e69a0
1517597278641419520,是每个意识单位都储存了集体意识 是一个同系统中可以共享的系统,1572.941,1708002893,63d7d7da
1517666500956532480,阿赖耶识,1570.555,1708011145,a9fcc626
1518446959336199936,超心理學?,1652.517,1708104183,4d77aa7c
1518686839769391872,王阳明的心外无物？,1704.751,1708132779,b80c6dd6
1519156000530225152,本自具足,1738.358,1708188707,b4116d28
1519202762028528640,还有睡觉突然自然醒，下一秒家里人会上厕所，或者谁在外面开始吵，都有提前性,1742.498,1708194281,b4b0d916
1519465296652840704,我被监控了,1455.932,1708225578,bdcd674a
1519800696000798208,erf,1760.395,1708265561,3f86f535
1520216088720532736,人能常清静天地悉皆归,1715.183,1708315079,a950714f
1520302050620088832,阿赖耶？,1443.431,1708325327,3c73699e
1520317563220260352,我和老爸闻出饺子馅咸不咸 都没尝,1758.613,1708327176,4cbb01a9
1520611966702639104,量子层面的怎么检测？,1511.223,1708362272,5b4e526d
1520612472183090176,科学的尽头是神学,1557.242,1708362332,5b4e526d
1520613854860544000,我对信息的传播方式更感兴趣,1661.023,1708362497,5b4e526d
1520614712394699264,干掉意识，请潜意识接管,1729.544,1708362599,5b4e526d
1520616434609354240,潜意识也应该有一个特定的通道,1775.277,1708362804,5b4e526d
1521527782797361408,不然你以为各大教派的教祖们都是怎么拉人头的,1516.589,1708471446,2bc7f25d
1523572044858465792,光音天,1618.639,1708715141,64dba629
1523572161124859904,光音天,1628.666,1708715154,64dba629
1523572275033640192,光音天,1634.063,1708715168,64dba629
1523572371754514432,光音天,1573.019,1708715179,64dba629
1523747023587911168,吾心自足，不假外求,1711.148,1708736000,c0cf273f
1523816576254704128,人能常清静，天地悉皆归,1699.89,1708744291,82bd86f4
1526257160668196096,宇宙这破地方对我们来说太大了，对别人来说太小了，原子不到,1551.06,1709035231,812c45be
1526916016251444480,云空间,1477.227,1709113773,53713d10
1528515952529233920,背后看我我完全能感觉到,1791.179,1709304500,e10a7d61
1529106510876402176,不是的 心无或者空时 你的身体自愈能力因为没有意识干扰 而从混乱变的重新有序,1770.288,1709374900,b2446d3b
1530376323233619712,念力,1529.842,1709526274,5ebf297f
1534718542484718592,果然还是佛学最接近宇宙真相,1723.379,1710043907,62081682
1536894454429364736,格式塔,1458.951,1710303296,82c0412c
1544845675316129792,近朱者赤近墨者黑,1611.934,1711251155,8a1c28a0
1546345570111973120,神识传音,1624.429,1711429956,4c9bc43a
1547691396486664192,生物电,1787.056,1711590391,2f361cc9
1547828874304575488,感谢尊者,1716.918,1711606780,2924f963
1548014426916315392,量子纠缠,1441.439,1711628900,166ca231
1548417538671826432,有没有一种可能 因为是狼孩天天被展览 被折磨死的喃？,1459.171,1711676954,fa755f5a
1548563003577111552,阿根廷：这我们很懂,1732.447,1711694295,c2ebb559
1548730885837164800,亚空间竟遥遥领先,1563.0,1711714308,cc4815cd
1549298721945368064,战锤P都给我出来,1606.423,1711781999,b1be4194
1550142669161201920,所以一堆人许同一个愿望有可能成功？？！,1666.191,1711882606,426ba631
1550770763064439552,荣格是看太乙金华才写出这个东西的~道家核心,1735.942,1711957480,dd2809d
1555063178428207616,结婚十年后，就变成大智之人,1706.235,1712469176,d60f4f19
1558138007037515776,大圣灵,1585.527,1712835724,569fb314
1565316480193916928,阳明心学，不符合物质世界统治,1755.958,1713691465,a097799c
1578482733217387008,也许宇宙就是一台计算机,1495.132,1715261005,6a93eb7d
1579057566506747136,亚空间灵能,1573.999,1715329530,efbe4fb1
1579058387558354176,放个屏蔽灵能的设备就感应不到了,1631.979,1715329628,efbe4fb1
1579254921771946496,佛陀,1546.46,1715353057,36dd6ae7
1579256023708093184,心有灵犀一点通,1608.875,1715353188,36dd6ae7
1592049700339921920,看我用闪电光速拳打破这一切,1571.994,1716878313,f9c33a0
1612321553985591552,《黑科技》,1629.812,1719294906,a219ff4e
1625968406040107520,古希腊掌管意识,1554.605,1720921738,3d151d8e
1649055077350368768,给你个眼神，你理解一下,1636.409,1723673884,5aaf2537
1652352658549466368,灵觉,1641.621,1724066986,a16cb467
1661107407721556480,脑波可以散发，我之前在一次小区跑步的时候，想起了一首歌，但是我只开始发出一个音节，走在前面的人突然开始唱那个歌词了。,1604.769,1725110633,5d2d3a9
1682127693300132352,一直观测不累吗,1483.673,1727616447,46c0c30d
1701599915598113024,什么？个人意识？人从出生就在被环境塑造所谓个人意识大多只是环境结合以及自身思考的结果,1504.402,1729937717,dedb02ff
1701603790564615424,说的有理,1704.659,1729938178,dedb02ff
1783338091067602176,被重力束缚的灵魂,1524.8,1739681666,2c44889a
1783338729121912064,量子纠缠,1596.358,1739681742,2c44889a
1783339428169745152,元气弹,1675.578,1739681826,2c44889a
1786974265653554176,影响别人心理学上可以轻易做到,1504.76,1740115132,5486f4a0
1786975214421919232,心理学上一个人可以轻易做到影响别人，那么扩大一下，理论上可以影响世界，甚至物质不是不可以的！,1526.38,1740115245,5486f4a0
1786976220400488960,一个北海岸的猴子学会了用棍子，南海岸的猴子不久也会了用棍子,1592.42,1740115365,5486f4a0
1916143344204589824,进击的巨人是吧？,1622.518,1755513286,a8280c73
,,0.0,1775655591.4716349,
lb.c,,0.0,1775655591.4716349,
,,0.0,1775655591.4716349,
1510907383742748672,跑得很快，求生意识很强,1859.8,1707205395,b7253f15
1510918903147094528,他修炼了《太乙金华宗旨》,2023.924,1707206769,7de28024
1510991378388436224,借鉴了太乙金华宗旨,1837.888,1707215408,294d453
1511005315775364096,哈哈哈,1963.285,1707217070,927717c4
1511014668888519424,上帝之手,1918.028,1707218185,ca822b25
1511166440768539136,这个棋盘不对,2072.106,1707236277,4653de3d
1511371598396001024,有没有可能是来自DNA,1950.402,1707260734,7fac09c3
1511483614431370496,牛逼,2021.509,1707274087,7a0bddcc
1511485013181729024,如今的奇怪现象就是没有没有了封建迷信，而破除封建迷信的虽然不是科学，但是科学却已经快成为过去的封建迷信了，我们想看到一件事的源头的时候，就会可以加上所谓的科学,2130.976,1707274254,af3bc664
1511504705279391232,金花的秘密,1815.389,1707276602,a98acdbb
1511512530986694912,人活着就是为了结婚生子买楼买车,1866.718,1707277534,aef8af5a
1511559259358233600,是的,2055.246,1707283105,b98c9fb3
1511559430016283904,不是的,2075.589,1707283125,b98c9fb3
1511559759764321792,言的流,2114.893,1707283165,b98c9fb3
1511559948726130432,演的流音的体,2137.413,1707283187,b98c9fb3
1511560084688445696,言的流音的体,2153.621,1707283203,b98c9fb3
1511565634423857408,分不清~,1884.517,1707283865,933259ff
1511602383002993408,《周公解梦》,2037.176,1707288246,6ff793a8
1511624784738764544,某些时候也是知识水平决定的，夏虫不可语冰,2085.835,1707290916,50d5c8b
1511646783602726912,夏虫不可语冰是认知层面上的,2089.501,1707293539,be83c184
1511686028237673472,金花的秘密+1,1819.319,1707298217,a061f1a1
1512226107229853696,我认为，由于身体硬件相差不大，当思想到某一个峰值的时候，有可能会触发身体的某种开关，而引发现象,1877.869,1707362599,4000cde6
1512227452569843712,基因,1912.019,1707362760,4000cde6
1512227704295081216,基因希望存活、和延续的意志,1890.303,1707362790,4000cde6
1512236336088623360,或许曾经真的有魔法，因为人们认为世界上有魔法，现在没有魔法，是因为人们认为世界是科学的,2100.762,1707363819,4000cde6
1512239475148106496,人体，很奇妙吧！,2126.422,1707364193,27b83167
1512239655066593024,可是我在梦里是可以飞翔的,1994.485,1707364214,265b6271
1512362316396920064,好多次做梦都在飞，有时候觉得就算现实都能飞了,2001.879,1707378837,4220556d
1512364029216148480,其实有关联的,2134.299,1707379041,4220556d
1512480029035323904,鬼故事：进度条,1986.306,1707392869,65c077b4
1512511491256164608,就像那个著名的死囚实验，蒙上死囚的眼睛，在胳膊上滴水，但是告诉他是把手腕割破了，最后死囚死了,1998.61,1707396620,f49ebad4
1512758448813970688,……左和右的A和A以及左和右的B和B比较吗——相同,2073.468,1707426059,eb3ee6e6
1512924223243730432,说不同的吧图片保存下来吸取颜色画线就知道了,2080.35,1707445821,699e6f85
1514001847558388224,可我几乎记不得梦里的情形，甚至醒了后忘的很快,2013.071,1707574284,92e7c78e
1514629060230230784,共食性,1922.803,1707649054,c4510bcb
1515208208879558912,太乙金华宗旨,1820.396,1707718094,2562f491
1516831083335831808,曼德拉效应就是意识改变世界的例子,2115.96,1707911555,a0af2f4
1517339590636122880,一个人有个人意识，在群体中个体无意识,1856.843,1707972174,16f2bbca
1517340428742268160,基因表达的侵略和修改……,1922.122,1707972274,16f2bbca
1518340789556555008,这图不是著名的假图吗？,2076.051,1708091526,7bc7e17c
1518977214304181504,我用卫生纸遮住，亮度也是明显不同,2076.376,1708167394,7b4973e9
1519556650824935168,sOx的时候,1849.993,1708236468,bde99489
1519704264153583360,根本就不一样,1987.828,1708254065,c4176682
1519724956970561024,庄生晓梦迷蝴蝶,2000.801,1708256532,71375078
1520496850229345536,"我怎么彷佛听到哀乐的声音,,,",1958.693,1708348549,8d4759ff
1520618504934856704,你牛逼,1956.753,1708363051,5b4e526d
1520621387814055936,意识可以改变世界，方法、强度、时间,2113.674,1708363395,5b4e526d
1521535987929572352,乌合之众也说过这个事儿吧,1846.43,1708472424,2bc7f25d
1521537440450462976,一般来说治疗这种病的话求助巫医的多，以及，很多都是能量附体啥的就很能说明问题，总归是业力，负面能量集中在某几个人身上以之为祭品的话，守村人啥的就出现了,1900.246,1708472597,2bc7f25d
1521538643486181120,宗教里对梦境的解释更加合理而且能找到和现实显化的对应的特别多,1982.965,1708472740,2bc7f25d
1522429998416676096,我看过,2027.856,1708578998,1a2551f2
1522430086144580096,红叔，我是真的没有懂他的逻辑在哪里，因为确实讲了很多他的梦境，特别是二战的时候,2029.696,1708579008,1a2551f2
1522449276075153152,涂尔干的集体欢腾,1849.819,1708581296,2268529f
1522702111547525632,阿努纳奇,1914.388,1708611436,164ded48
1523066636838878720,《世界是一个巨大的人类补完计划》,1884.829,1708654891,ded02f3a
1524532962606070784,通过对比RGB发现，AB两点颜色是有明显差异的,2073.796,1708829691,22aa0f2b
1526036773640537600,人的动物性，也就是深层次潜意识占了肉体主导地位。人类受的教育是未了压制原始伤害性欲望，所以人性本恶？,1906.67,1709008959,5990b651
1526309394483435520,意识在我看来最大的作用是编码，而对我们行为做出决定的是潜意识，所以，我是意识在编码的时候形成的虚幻概念,1804.446,1709041458,f635abf2
1529108745760615680,中医精神病患烦躁的 是有身体热,2036.695,1709375167,b2446d3b
1529109335303665664,黑客的信息病毒会让硬件过载烧掉,2107.015,1709375237,b2446d3b
1530381264878675712,盗梦空间?,2050.537,1709526863,5ebf297f
1530381665493414912,"以前的日心说,地心说",2098.366,1709526911,5ebf297f
1534719463906337280,荣格就是星际宝宝,1822.664,1710044016,62081682
1539231689010641152,我们班级基本上看一眼就知道对方的情绪，而且，有时候我前桌甚至知道我在想什么,1801.193,1710581916,9798cac3
1539233523800655616,那是你要长高了,1999.187,1710582134,9798cac3
1543386100599866880,曼德拉效应,2122.645,1711077160,7b1896f7
1565315906044132608,佛学和道家比，差几个境界,1809.015,1713691397,a097799c
1573349828916924160,他有修炼,2032.259,1714649115,336113a1
1573350443558662912,太极,2102.099,1714649188,336113a1
1578361954559677440,有人尝试过AI解梦没？很有意思,2041.123,1715246607,d607362e
1590228868223436800,意识水平这词说的妙啊,2088.428,1716661253,32e70d68
1600658511925350656,我听懂了他在说什么。他说的没错,2052.81,1717904564,3080c9a7
1602239587080851712,看了东方的书 吕洞宾,1832.756,1718093042,69bea4b0
1624819953872344064,靠，颜色居然真的想通，具体看评论区,2075.46,1720784832,fe252aac
1649059446992731392,意识是不是种能量,2157.324,1723674405,5aaf2537
1657206902897253376,左右图不一样啊,2071.912,1724645657,bb2b695c
1786980775188154112,这点承认，多层意识观测的结果，总结的很好,2103.861,1740115908,5486f4a0
,,0.0,1775655591.4716349,
lb.c,,0.0,1775655591.4716349,
,,0.0,1775655591.4716349,
1510911112671956992,我们过于相信科学，认为他是真理了。这是否是一种固步自封？,2425.662,1707205840,b7253f15
1511043103258296832,免疫系统：啊对对对,2316.231,1707221574,2ab2c67e
1511044392453046528,从青城山下来的老中医让我感受到真实的炁,2355.993,1707221728,b35f19a4
1511116286984442880,不是抵抗力吗？,2322.185,1707230298,ff133554
1511235917728701440,←宗教神学等被认为与科学相对立的学科现在也被认为是人们对于无法用科学解释的现象的自我安慰,2429.827,1707244560,ad5cbc3e
1511272775527040768,好的中医实在太少 遇到是福气,2364.25,1707248953,dfbee101
1511487267166930432,针灸,2457.037,1707274523,7a0bddcc
1511488226815205888,最可怕的就是如今，已经脱离了所谓的封建迷信，可是我们脱离的真的是封建迷信吗，而且如今证明任何事情的时候一定要加一些有关科学的东西，这也是一种对科学的过度迷信吧,2424.626,1707274637,af3bc664
1511490249644360192,西医和中医还真不是有关联，这点我不认同，中医和西医文化上就是相反的，中医和西医不在一个维度上，一个年轻人发现了老者走过的路，你能硬说他们是有关联的吗，西方文化的弊端,2473.872,1707274878,af3bc664
1511491297306146304,在治疗过程之后，人开始认为自己会好起来？,2422.389,1707275003,85a4eac4
1511516174092251392,然而恰恰相反,2214.264,1707277969,aef8af5a
1511531146054523648,是的，上学的时候胃痉挛，当时生物老师，就用力掐我虎口，一点点的缓解了,2472.447,1707279754,2a157ba2
1511540666142896896,针灸：我TM来了,2449.592,1707280888,ac9066d7
1511560550700850688,是普洱的味我这,2209.157,1707283259,b98c9fb3
1511561083603974144,表象是化学的，本质是物理的。其实整体上化学是物理的宏观而已。,2394.803,1707283322,dc8b0e4a
1511562175272190720,是电脑制作的,2402.846,1707283453,b98c9fb3
1511562415010359808,电的载言的流音的体,2431.439,1707283481,b98c9fb3
1511616696140648192,有没有一种可能，人的思维就是高维生物思维在三维世界的投射,2233.578,1707289952,51f3e284
1511629591763218432,《金花的秘密》,2198.031,1707291489,50d5c8b
1511713660849069824,卧槽,2252.769,1707301511,9d05f18f
1511845184265346816,任何的任何，所有的所有，尽头都是易经。,2400.141,1707317190,2cb16c2f
1511848725457576960,每个个体意识都是高维意识的神经突触？,2239.216,1707317612,12d7ee3c
1512021031039366400,每一个字都看得懂，句意也知道但是深度不够就会产生一些别人一看就知道是错误的猜想,2435.828,1707338152,3b533936
1512219504078473472,S于新冠？,2246.511,1707361812,ad11dac3
1512243732911897088,个体影响主体，主体影响个体,2501.573,1707364701,4000cde6
1512397767090551040,中医里没有癌症这个概念并不是说不能这就能解释断肢者为什么还能感觉到到失去肢体的疼痛,2427.562,1707383063,5a4a6244
1512442956387476992,寡人二刷,2469.849,1707388450,85d43060
1512444733740298496,抵抗力，是个比较抽象的概念；你心情不好的时候，抵抗力就会差些……,2329.185,1707388662,ae0ac0c3
1512515443531734272,在圣经里有一些奇妙的描述，用身体必须人，用人必须身体。与这段类似,2500.145,1707397091,74b8ee47
1512549070609536000,针灸,2458.17,1707401100,9c484b9d
1512896328530001152,缓解没有用，不满意，要治愈。因为可能欺骗身体,2509.863,1707442496,1c12d50
1514036594607452672,不太正确，人的思维本身拥有更高维度，只是身体在目前空间最高只能是三维,2237.494,1707578426,4f1113dd
1514062225051420928,心理健康与身体健康确实关联很深,2304.737,1707581482,2e37a580
1515215889161593600,有听过得了癌症然后全世界旅游最后癌症反而痊愈的例子，也许就是脱离了致癌环境加上好的精神状态的结果,2221.041,1707719009,2562f491
1515795323803729664,这个真实体验，真的是这样,2292.632,1707788083,776bda24
1516057247812173568,经脉,2467.808,1707819307,82e8dd71
1516098734025386240,难道不是靠免疫系统吗,2217.268,1707824252,57df44d5
1516612670131155712,其实西医也有很玄的东西，比如免疫力，什么时候叫免疫力好，根本没有具体的概念,2352.269,1707885518,6697a20f
1516991386145065216,高维世界的VR游戏,2242.624,1707930665,48d70840
1517344831318743040,用人参、黄芪,2224.338,1707972799,16f2bbca
1517347802605385216,精神意识=软件信息，身体物质=下载3D打印,2410.515,1707973153,16f2bbca
1517582444402952449,卧槽，这就是天赋异禀,2209.346,1708001125,88fbb66
1518174427320574720,不是西医是现代医学,2493.541,1708071694,3c60f134
1519730201108750592,科学是方法，为何要不相信呢？,2430.059,1708257157,71375078
1520622084756373248,他修炼了,2190.139,1708363478,5b4e526d
1520623330330361344,自己！有个外国医生实验过，靠强烈的心理暗示治好了牛皮癣,2265.456,1708363626,5b4e526d
1520908359560115456,气伤则痛，形伤则肿。气比血先行六寸。,2463.567,1708397605,a0cafc8b
1520963744061128704,前面那个，火子哥直呼内行,2236.008,1708404207,80f2eb12
1520976130982018816,迷迷糊糊的是玄学 不解的神学 懂得科学,2164.245,1708405683,6c47009f
1521541107815769088,这算啥异端啊，打坐在基督教里又不是没有，很少有人修到那么深而已,2197.052,1708473034,2bc7f25d
1521544602920772096,万一西医本来继承的是黄帝外径那乐子就大了，岐伯万一就是那个希波克拉底岂不更可怕，很好奇当年恩基作为蛇族老大到底传了什么功法和理论下来,2474.618,1708473451,2bc7f25d
1523114759841384448,先生大义,2220.415,1708660628,db9cfae7
1523126538688596992,橙汁还是纯水,2313.98,1708662032,caf65355
1523127209450338816,地上对应马斯洛需求前两层，天对应后三层,2330.991,1708662112,caf65355
1525636257588286464,按摩！！！！,2448.508,1708961214,c53b682b
1528241822726842368,信念生物学,2263.622,1709271821,67438bf5
1529109935458407680,因为不到的时候没惊喜 你记不住 只有曹操到了 有惊喜 你记住了,2178.542,1709375309,b2446d3b
1529110732233364480,你意识紧张了 身体一系列物理化学反应 给你留下了太多应力,2273.522,1709375404,b2446d3b
1529112483883823616,但你的意识会干扰这种修复运动 天长日久 应力积累 你修复不了,2482.358,1709375612,b2446d3b
1534725077554193920,疗愈我们的，永远是自己的内在,2271.099,1710044686,62081682
1539356874623708928,睡的好，第二天精神抖擞心情自然就好，所以认为自己健康，重点在开心快乐,2335.221,1710596839,bfc60bba
1548194627050484736,那这个流行性病毒怎么解释呢,2357.649,1711650381,1d7ce053
1548737409313900288,针灸和点穴！,2457.962,1711715086,cc4815cd
1548993516074816768,针灸穴位？,2464.159,1711745616,6a29f185
1550050407584231168,把他理解成状态就行了，科学也是一种状态。,2376.561,1711871607,ccb411bd
1551006195068880640,我曾把气壁离体外，，还发出了影响世界的声音噗噗,2375.778,1711985546,f522bbb6
1555121621273371136,因为电的手疼,2473.939,1712476143,ea11837c
1565496225019493120,西医无法治疗检测不出原因的病症，但中医却能从不同角度解释并治愈,2218.107,1713712892,db9fdcf0
1571601289748546816,分形，局部是整体和自己的可变参数，万花筒,2504.482,1714440673,21037bc0
1573351739003034624,爽,2252.579,1714649343,336113a1
1573352303841283328,三魂七魄,2315.899,1714649410,336113a1
1573352830830809344,穴位,2374.619,1714649473,336113a1
1573353742068092672,任督二脉,2456.859,1714649581,336113a1
1578362787087190528,天魔入侵意识,2212.663,1715246706,d607362e
1579291454101486848,吸引力法则,2176.759,1715357412,ee107ec5
1580492236670840064,针灸,2507.608,1715500556,cfe44174
1582387350733290240,nonono，是玄学,2264.528,1715726471,19d5eff4
1590230282005697024,描述的很准确啊,2206.25,1716661422,32e70d68
1590232687867065344,这类人的意识程度较高,2296.406,1716661708,32e70d68
1590234558584909056,针灸的原理,2452.39,1716661931,32e70d68
1605835904344478464,足疗必须入医保,2518.927,1718521757,9969ad27
1626647873456418816,双系统是吧,2310.978,1721002737,8dd59655
1629547859357964288,在陕西上学时，跑遍各大医院一年都治不好的过敏，被一个小镇的中医14副中药治好了,2341.119,1721348442,29760c94
1650116862052451072,先天体质差,2285.144,1723800458,2562f491
1650261338385420800,阿赖耶识,2391.787,1723817681,a2dbbf2a
1682133631210146048,？？,2169.502,1727617155,46c0c30d
1682136044864119808,……这个所谓“先兆”用中医更好解释,2414.885,1727617442,46c0c30d
1784896564435635712,手术治不了疾病，只是切掉病坏的组织，最终战胜疾病还是靠自身免疫力,2269.278,1739867451,9cb0fde9
1786987271728803072,为什么那么多人总认为一切理所当然呢？你身体有问题，你第一想法是啥？,2446.361,1740116683,5486f4a0
1830415254694682880,这个就像很多人挠痒痒明明挠左手结果连带着身上一个地方也痒痒,2511.665,1745293702,16af4bf5
1862541813677282816,真相：活得百岁以上的人体内不是没有癌症，而是没有去过度处理，或者根本不知道。,2259.253,1749123486,fa202f09
1903035108337248768,嗯嗯，所以说科学一点是优于玄学的，所谓玄学，就是你没办法证明真，所谓科学是你要想办法证伪。恕我无才，看不出孰高孰低。,2433.468,1753950663,bd550466
,,0.0,1775655591.4716349,
lb.c,,0.0,1775655591.4716349,
,,0.0,1775655591.4716349,
1510952832432415488,经络,2577.363,1707210813,da322836
1510991273237134336,此处需要二舅,2787.883,1707215396,e61716b0
1511219917113070592,逐渐忘记标题,2540.273,1707242652,cd48e03d
1511241564939450880,也有观点认为量子坍缩是应为受到了外界的干扰，干扰源和意识没关系，比如一个光子,2647.722,1707245233,ad5cbc3e
1511250899723715072,质的变幻,2604.981,1707246346,99d607ef
1511251694502139648,有时候分不清是意识还是欲望或是意志,2699.741,1707246440,99d607ef
1511252858329573632,锻刀赛，奥德彪,2838.509,1707246579,99d607ef
1511489279375808768,集体潜意识是不是就是宗教里面的神,2696.952,1707274763,7a0bddcc
1511539839638453248,问题是双缝实验并不是意识干涉物质，只是对应的观测行为导致了结果不同，就像人眼观测万物只是万物把光反射进人眼而已,2598.026,1707280790,2b0a5cad
1511543098244037120,内观,2829.376,1707281178,2bd59f90
1511563184681708288,是承合,2523.182,1707283573,b98c9fb3
1511573785415964416,心理作用确实在起作用....现有科学体系认知下，确实离谱了,2616.921,1707284837,933259ff
1511574982160060416,看到这想起了我朋友总说的“有些东西的意思，只有在特定的语言下，才能不变形的完整表达出来，翻译成别的语言，就不是原本的东西了”，虽然他调侃的是网络河蟹,2683.356,1707284979,933259ff
1511633916526979840,进击的巨人-路,2675.093,1707292005,50d5c8b
1511780150743128320,催化剂是参与反应的,2548.702,1707309437,1eda1f81
1511852761502107648,这里可能指：被屠宰分割后的牛肉块的肌肉还能正常颤动,2847.467,1707318093,16cebda2
1512029021372691200,低于标准线的拉上去高于标准线的误导下去结局早已注定,2860.137,1707339105,3b533936
1512214670243791360,炼神返虚、,2769.67,1707361236,749823ac
1512214775856221440,炼虚合道,2782.265,1707361249,749823ac
1512247837205778176,或许养生主本来就是一个词，他有一个单独的意思,2728.225,1707365190,4000cde6
1512265698607546368,都对，文言文言简意赅,2710.272,1707367319,6df0c1d6
1512897040949031168,假说不能验证，就有点伪科学了,2559.982,1707442581,1c12d50
1512988025402061568,“名可名，非恒名”,2630.507,1707453427,bf7bf192
1514006800888858368,经脉,2527.311,1707574875,92e7c78e
1514008915740832768,催化剂很多种类的，有参与后还原型的，也有不参反应与只影响的,2559.507,1707575127,92e7c78e
1514065585376442880,不是推向玄学，而是曾经以为是玄学的现象有了能以科学理解的可能,2635.15,1707581882,2e37a580
1514637225634528256,庖丁·：舍不得刀,2834.589,1707650027,c4510bcb
1514643111123638016,维特斯根坦：语言的边界...,2698.257,1707650729,608c8027
1515917648968501760,玄之又玄众妙之门,2657.089,1707802665,38e0cfa7
1517587125145587968,要是长期催眠自己会怎么样,2725.298,1708001683,88fbb66
1517675852157326336,读金刚经,2672.59,1708012260,a9fcc626
1519780859342057216,感受到过，甚至知道是什么。但是害怕接触。,2665.365,1708263196,58acec7
1520469782808481536,道可道非常道,2629.481,1708345322,d762be28
1520627791895512064,我更赞同三个分开,2718.688,1708364158,5b4e526d
1521023430105978880,哈哈哈，前面的,2563.92,1708411322,b553b98a
1521547084388373504,克苏鲁了起来,2745.87,1708473746,2bc7f25d
1522708604589951232,是哪个意识在观测,2595.771,1708612210,164ded48
1523734953245245696,哈哈前面的，你是真信教科书上说的呀，参与反应本身就存在问题，能量一定会变的，也就是量,2552.856,1708734561,d8b5495b
1524372883437014528,人体有按钮，按下去就能触发某种联动,2562.916,1708810608,3e145f2f
1527738967150391040,性命双修,2796.143,1709211876,70a57111
1529115662369318912,都是要么一念正确的引起于正确的道路上让身体有序 要么就是无思像睡觉一样,2861.229,1709375991,b2446d3b
1530385645233783040,还有物理学,2572.795,1709527385,5ebf297f
1530387079006374400,练气,2743.662,1709527556,5ebf297f
1530388143193323264,"蚯蚓,壁虎断尾求生",2870.574,1709527683,5ebf297f
1532534714815294208,所有宗教的最高层都完整的说明了只是你不懂,2675.576,1709783574,a5469906
1534890321371221248,催化剂就是相信的力量,2561.12,1710064384,62081682
1547839603913129984,汉尼拔：庖丁解人？,2866.091,1711608059,2924f963
1565343465338884096,我悟了！随心所欲！想睡就睡，不行起床就不起床！工作爱谁干谁干，老子不爽，啥也不干,2865.521,1713694682,a097799c
1572567091251712256,养生=主；逍遥=游,2769.161,1714555805,372c8582
1590239059560099584,名可名，非恒名也,2630.965,1716662468,32e70d68
1590239493980714240,人的天赋差异,2665.61,1716662520,32e70d68
1590240603575560448,易经中的物极必反,2765.451,1716662652,32e70d68
1592060581706304768,啊，这个真没想到，有实证吗？,2560.711,1716879610,f9c33a0
1592061687744197376,大家好，我是新生代科玄家,2643.455,1716879742,f9c33a0
1594314014312289536,黄帝内经,2534.97,1717148240,10d4dc90
1616707099876686080,文惠君：解压短视频——庖丁解牛,2805.71,1719817704,67bcbd29
1626675886122125312,又回来了,2591.958,1721006076,5633d2a9
1631438955083855104,突然想起标题,2585.702,1721573878,21c7b3eb
1651791865642563072,有谁知道现在的背景音乐是什么吗？求求告诉我。,2643.134,1724000134,5f181478
1651794047494518272,AI识片酱,2699.113,1724000394,5f181478
1786991413704718848,分不清欲望意识的，修炼就是种方法,2714.281,1740117176,5486f4a0
1831179479373324544,早期解压小视频,2816.9,1745384804,b710be43
1831457109842711808,学音乐的人有体会，学音乐之前都是完整的听歌，学完以后现在都会无意中注意各个声部，很难完整的听了,2843.746,1745417900,dfe4b0fd
1862545145472995072,意识是其中一部分原因吧,2613.311,1749123883,fa202f09
2024269125094457856,我觉得是倒过来读,2729.341,1768402884,69b55d6
,,0.0,1775655591.4716349,
lb.c,,0.0,1775655591.4716349,
,,0.0,1775655591.4716349,
1510957622461777920,天魂,3128.676,1707211384,da322836
1511218571445973248,一个人不行的 量变才能引起质变,3198.341,1707242492,d42c8ad
1511230160643446528,阿卡西记录呗~,3238.541,1707243873,cd48e03d
1511530686627303424,NPC的集体AI啊,3237.649,1707279699,f170be36
1511568884010922240,是梦与愿望,3125.115,1707284252,b98c9fb3
1511570884618528512,是通灵的梦境,3206.23,1707284491,b98c9fb3
1511822907737834496,庄子：原来我时这么想的啊！,3134.221,1707314534,bda1f123
1512251072759342080,突然失去或者将情感带入了,3070.429,1707365576,4000cde6
1512252022500783360,灵光一闪，突然想到,3150.493,1707365689,4000cde6
1512252635288549376,其实是循序渐进，早有征兆，但大多数人无法察觉,3191.345,1707365762,4000cde6
1512253239452826112,那之前的猴子们为什么会开始蘸着海水吃呢,3230.319,1707365834,4000cde6
1512774213281604608,卧槽。混沌理论系统！！！！,3153.81,1707427939,8ed0c3de
1514016509931098624,你猜第一个发现螃蟹能吃的，到底怎么发现的？猴子又不傻,3209.326,1707576032,92e7c78e
1514073298105808384,迷因，或者说信息木马,3180.678,1707582802,2e37a580
1514583535271749888,第一只猴子受到启发后并做出的行动，是对猴子这个集体意识里编入了规则，从而改变了集体,3218.418,1707643627,c665640
1514639174123334656,自性,3026.532,1707650259,c4510bcb
1514640437590583296,更高的维度,3120.485,1707650410,81689b77
1514641035211329792,猴子阿卡西,3230.978,1707650481,c4510bcb
1514698547189152000,这里已经看不懂了。。。,2926.085,1707657337,9ffb6953
1514744780003978496,到这里就已经是我的认知极限了,2941.535,1707662849,9dd3ff7c
1514824981765295104,这BGM,2972.822,1707672409,e2780229
1515242570916536832,之前的是跟科学家学的,3233.369,1707722190,2562f491
1516890290877783552,火之意志,3111.925,1707918613,88702550
1518665084443254784,哎呦，不听了bgm太诡异,3049.544,1708130185,be292ef8
1518807268521512192,相信后人的智慧,3102.257,1708147135,f9adf723
1520316968576921600,应该是王浩，,3176.635,1708327105,3c73699e
1522419705653141504,形神俱秒，与道合真,3022.407,1708577771,be610f50
1523014509801892096,集体潜意识,3111.359,1708648677,1d21615c
1525945910948258816,传火,3093.569,1708998127,d2dd72c0
1526325358331251200,这里的理解就是形是个容器，而神就是被这个容器盛着的,2938.91,1709043361,f635abf2
1527744800521370112,薪火相传,3096.725,1709212572,70a57111
1527758035026471424,神能入石，神能飞形,2920.882,1709214149,62568114
1528889413248482048,传火黑魂,3116.323,1709349020,6f32af52
1530108341492489472,好困啊,3034.209,1709494328,5804464b
1534893210164506624,超体,2897.908,1710064729,62081682
1537580659072350720,想听妖怪篇,3181.802,1710385097,91e0a9c8
1544285120998244864,蝴蝶效应,3176.236,1711184332,384ddeeb
1544357386121272832,不会是共同意识吧,3095.67,1711192946,5783e517
1575480378784163840,信上帝,3134.598,1714903096,a388be22
1579708203527511552,问法官啊,3179.339,1715407092,36b4895d
1579948250130296320,精神,3090.485,1715435708,9b4ce596
1581621475461416704,这种背景音是什么，太喜欢了,3108.623,1715635172,de41b98e
1592064944445303808,你这CPU架构该优化了,2936.602,1716880130,f9c33a0
1592066053209484544,你也许不能创造自己，但至少可以改造自己，能不能创造也不一定,2998.077,1716880263,f9c33a0
1592067141253920768,我在乎的这一个失去了，我还不能难过？,3084.918,1716880392,f9c33a0
1596308833918038528,我还是会扶的,3164.151,1717386041,50e7d22
1606223054693128192,胖猫,3160.501,1718567909,daf8c946
1623418737971474432,昆山龙哥,3189.659,1720617794,db4ca287
1631442855685806336,大圣灵,3123.419,1721574343,21c7b3eb
1786995063336434432,如果潜意识是真的，那么人类身体的共生微观生物的集体潜意识是不是就是人类意识的温床？,3025.581,1740117611,5486f4a0
1806748969587135744,陀，你不是一个合格的科学家，但是，你是一个好心理医生！！！！,3076.512,1742472461,e9102dea
1916164431202230528,进击的巨人。,3222.153,1755515800,a8280c73
,,0.0,1775655591.4716349,
lb.c,,0.0,1775655591.4716349,
,,0.0,1775655591.4716349,
1510971530572945408,病毒也是,3260.161,1707213042,68adfe97
1510983347998903808,所以为什么说公众人物说话和行为是有影响力的。。,3271.184,1707214451,5344860d
1511047425832659456,虚空终端,3240.373,1707222090,8327211f
1511152281444385536,这个进度条够带劲,3267.0,1707234589,c82172ab
1511578410852420352,吃过,3323.709,1707285388,b98c9fb3
1511680385774603008,呜呜呜呜呜,3381.092,1707297544,350b71bd
1511864251613163520,好赞！！！已三连！！,3375.957,1707319463,a151a368
1511912731333112064,尼古拉特斯拉,3242.059,1707325242,e77b4efc
1512209128251316224,国之大事，唯戎唯祭,3343.927,1707360575,3d3ac38c
1512361484406102784,我说：看过这个视频的人都很快财富自由,3374.202,1707378738,c811e88f
1512905877231943168,如果可以，我请求我父亲的病症可以通过中医治好，不需要手术化疗,3385.38,1707443634,96c0ea62
1514017550168926720,这个叫榜样~,3263.867,1707576156,92e7c78e
1514052802664623104,巨人里也是这麽说的,3250.246,1707580358,8b405922
1514074494271267840,榜样,3250.657,1707582944,2e37a580
1514426217699705088,"随众生心,应所知量,循业发现",3338.047,1707624873,552666d8
1514467136347857152,传播学,3252.723,1707629751,fdae21aa
1514585089571321600,本质如up所讲，表观来看，是个体与其他体的互相影响,3257.288,1707643812,c665640
1514586357778151424,意识能向上编辑规则，从而让其他个体受到影响。,3375.288,1707643963,c665640
1515244400329096192,终于回到标题,3352.533,1707722408,2562f491
1515245365908168192,会，我赞美一个人，对方就会开心,3371.569,1707722523,2562f491
1515327875191339520,每个生物，即使不是生物也都有自己的编码程序，找到合适的接口，输入各种形式的命令就会产生各种光怪陆离的结果。。。,3381.143,1707732359,1ffbc1b5
1515820269367795712,言出法随,3371.896,1707791057,776bda24
1516768920881824512,我很有钱我会很有钱,3387.47,1707904145,70fd3c54
1516954469592933632,但是呢，很可惜，天地不仁以万物为刍狗，物质宇宙也不会因人的想法而转动,3336.001,1707926264,8384b083
1517633712840660224,真的已经三连了，你已经言出法随了,3390.09,1708007236,1733fcea
1518174832104131072,闭口禅开口定乾坤,3371.615,1708071743,8efd754e
1522714113464572160,阿卡西记录,3252.427,1708612867,164ded48
1522755371783948800,相信相信的力量,3370.14,1708617786,e361d6e7
1523774884663086848,不是八级大狂风吗？,3328.519,1708739321,66fc55c1
1525948176568456704,其实我也觉得我能影响天气,3349.825,1708998398,d2dd72c0
1526329365493732096,拉马努金,3246.818,1709043839,f635abf2
1527761067525454080,君子之德风，小人之德草,3264.903,1709214511,62568114
1528252348273969408,←前面发这个弹幕的，回旋镖在等着你,3334.468,1709273076,67438bf5
1528302863489519616,董仲舒的天人感应。。。,3335.263,1709279098,eb692ff6
1529666599341484032,岛上没有番薯，科学家带的,3240.346,1709441668,3c7337bc
1529668256988820992,首先得找到输入代码的入口,3366.077,1709441866,3c7337bc
1531277046981185792,原神，拯救世界,3377.201,1709633648,7039cd78
1532749734215975936,能影响天气？那不是萧敬腾吗？,3335.762,1709809206,a48a250c
1548578720279697920,关键小人物,3375.09,1711696169,c2ebb559
1561767342860648960,上传到云平台了，全人类的意识都在训练同一个AI模型,3240.735,1713268375,43544b2e
1579709736914476800,人定胜天,3362.094,1715407275,36b4895d
1592069102250627584,反正预知梦我确实做过,3243.288,1716880626,f9c33a0
1592069806364986880,罪己诏？,3318.523,1716880710,f9c33a0
1592070266757056768,所以萧雨神是怎么影响天气的？,3344.159,1716880765,f9c33a0
1606399670735766016,同样适用于所有宗教、政治,3277.292,1718588963,726a651a
1608730598024060416,终于绕回来了，哈哈づ♡ど,3350.983,1718866831,92bbae6d
1837860283956193536,刚开始说什么来着？咒语,3369.517,1746181218,eb39c167
1862551286277790976,媒体,3273.964,1749124615,fa202f09
1916166274984708352,等等，这不是董仲舒的天人感应吗？,3313.709,1755516020,a8280c73
1916166598281445376,这不是天人感应吗？,3285.004,1755516058,a8280c73
,,0.0,1775655591.4716349,
lb.c,,0.0,1775655591.4716349,
,,0.0,1775655591.4716349,
1510893569358271232,第一第一,1.699,1707203748,cde4d87e
1510899902287393024,因为翻译的过程信息会有误差,326.337,1707204503,18041a7d
1510909908177375488,大吹法螺，大敲法鼓,139.426,1707205696,6701cdaf
1510910844496804096,咒语：钵钵鸡 钵啊钵钵鸡 一元一串的钵钵鸡,264.042,1707205808,a2d527c6
1510919025335687680,角度新奇，有想法，尚,30.832,1707206783,68222e04
1510930940716041728,占座,18.899,1707208203,520a78cf
1510950755354440448,临兵斗者皆烈阵在前,56.422,1707210566,7ab67633
1510958798544962048,传播的都是怎么分红，知识垄断和解释权垄断是宗教发展的重要手段,322.894,1707211524,68222e04
1511034478041378304,如果宗教失去神秘性，被彻底解构，那会彻底沦为娱乐产品，甚至被遗忘,316.877,1707220546,9f3bfdff
1511181262969388544,好家伙，这时长老夫相当满意,4.106,1707238044,cd48e03d
1511182539002482176,阿达瓦卡达哇,80.78,1707238196,c5b1b916
1511222906066129664,更新了,2.219,1707243008,2d45ce45
1511226942186302720,八利三藏,254.169,1707243490,925a8e
1511242451145711872,是临兵斗者皆阵组前行,60.751,1707245338,56542bc
1511243862948012288,呃稍微做个思想实验就知道了吧，两人用同一个咒语博弈，宇宙会让谁的生效？,48.369,1707245507,61765872
1511247346108166144,保持神秘性,324.439,1707245922,9ba24f69
1511269600958901504,起源于远古的傩戏吧，只是语言到后面音调之类的变了,229.695,1707248575,9a4d5722
1511286993429352448,傩戏？,195.086,1707250648,40e8b606
1511371366191285504,一本老书，魔界英雄传,56.191,1707260706,d7472b31
1511371955406711296,宗教、民俗需要权威啊，和普通人分开,332.559,1707260777,a03619e9
1511443430792994816,读作频率,50.419,1707269297,f170be36
1511449130046897920,ai是语音是ai服务人。所以按这个逻辑理解 咒语就是人服务神，而不是神服务人。,39.02,1707269976,c9088b35
1511456406702981888,欢乐豆效应,18.499,1707270844,9a409ed0
1511458951899097600,唵蓝净法界，乾元亨利贞,57.505,1707271147,935d4258
1511460489002457856,嘛哩嘛哩哄,115.187,1707271331,f79d57f0
1511461124523224064,巴啦啦小魔仙沙拉沙罗全身变~,122.181,1707271406,f79d57f0
1511464619930060288,大威天龙，般若妈妈哄！,123.144,1707271823,2694a6a3
1511484128527372544,盂兰神功,201.216,1707274149,b5a2bfa6
1511493372387584768,酆都,186.259,1707275251,aef8af5a
1511501312163094528,六字大明咒,65.699,1707276197,3c847720
1511518557304159744,但是指定语言可以掌握解释权，你传播了但是不听我的，那有什么用,321.567,1707278253,5eea56d8
1511520194298916352,惠州人冒头,133.131,1707278448,f388d0d7
1511530496667056128,奇术师,38.359,1707279676,9f798b2
1511539736383475456,背景音乐很好听,238.293,1707280778,e98af137
1511542792294497792,电的载，言的流音的体！！！~,92.155,1707281142,b98c9fb3
1511568683934632192,太平歌词,176.762,1707284228,dccf1241
1511634527880466688,嗯，用山东话来读论语对吧？！,303.511,1707292078,d9096a03
1511682304282562304,细思极恐,65.85,1707297773,e7a6fc0
1511691840704061440,这根本不是悖论，宗教信仰可以共享，但宗教解释权不能，用这些与众生不同的语言是刻意为之,314.645,1707298910,10fe7ea0
1511767484339176448,你要弄清楚什么是咒 在从你的语来研究,107.255,1707307927,c04d39b0
1511770286520144384,但咒语往往需要支付代价,42.49,1707308261,3e66d107
1511813234556941056,普罗米修斯！！！,263.753,1707313381,a151a368
1511845043487872768,我们称为：指令【狗头】,102.28,1707317173,8872ac8b
1511858711323561472,一切都会好起来的,9.076,1707318802,f57b51b5
1511865453088102912,其实就是呼出控制台输入权限内的命令而已,68.929,1707319606,de100637
1511902250002346752,日落西山呐～～～～～ 日落西山黑了天,180.056,1707323993,fe023968
1511930684984525312,殄文,153.507,1707327382,4024beb
1511982163430892032,涟漪到一定程度要么忽视要么被摧毁,76.168,1707333519,3b533936
1512199663267418368,异世界舅舅？,279.895,1707359447,668f1692
1512239974622197504,说不定咒语就是神鬼的语言,29.139,1707364253,cfd7ca0d
1512317236235702272,老法师啦。,154.589,1707373463,ac63fe8e
1512342985545859840,往生咒的话历史不会超过两千年,99.669,1707376532,ec1e650d
1512350557044727040,就连网庙上吹的不靠神仙的道教也是不受箓不拜师无法入道,325.259,1707377435,ec1e650d
1512385944664624896,真语音系统？,300.179,1707381653,85182cf1
1512396870666703616,是的，在河南搭台唱戏，只要开始了，哪怕没人看了，也要唱结束，因为还有鬼神要看,200.4,1707382956,e490b69f
1512401437198811648,前排提醒，这视频不是讲神秘学和民俗，也不是讲符号学人类学的，纯纯的地摊文未解之谜系列,0.0,1707383500,ec1e650d
1512411536671438080,配的视频太烂，为什么不用倩女幽魂里的夺命梵音？？！,65.249,1707384704,df179fd2
1512412001694205696,古代佛经没有文字，都是口口相传。分组背诵互为备份，防止荒腔走板。,130.443,1707384760,218bc651
1512413195863024640,戏曲规矩：一旦开唱就必须唱完，就算没有人听，也会有鬼神在听。,187.237,1707384902,218bc651
1512470663531772416,商博良也不能翻译吗？,254.691,1707391753,2192b47c
1512575622239711744,汽车人变形出发!,34.061,1707404265,1c876ed5
1512675556465262080,爷爷，你关注的up主更新了,0.053,1707416178,e6b1cced
1512800259246878720,雅语？,188.839,1707431044,22a12544
1512835991520727552,加油加油加油,49.519,1707435303,e2e36116
1512878834314398720,急急如律令,116.139,1707440411,ac66a05
1513407398424177664,咒语是古代文明在集体潜意识上构造的系统操作语言 辅助你用神识力共振现实,50.326,1707503420,bb2b695c
1513519125832521216,我知道了，来念，大威天龙,271.527,1707516739,8471b486
1513825907696042240,世界的本质就是震动,35.041,1707553310,97783db7
1513854484185655040,吃葡萄不吐葡萄皮,140.116,1707556717,d2d434c9
1513867228041500928,咒语很管用的，楞严咒大悲咒超管用，,79.791,1707558236,92141b11
1513869470635296768,楞严咒很厉害,124.271,1707558504,92141b11
1513869954716362240,太极腔,181.873,1707558561,92141b11
1513870167694691072,符合太极转动的腔调,207.251,1707558587,92141b11
1513875250914631936,哈嘛噼,256.295,1707559193,697c73c5
1514040566067789056,失传的语言,231.848,1707578900,2e37a580
1514042597747022336,传播的不是教义，而是以神秘把控对神言宗教的释义权，进而掌控教徒思想,318.305,1707579142,2e37a580
1514082080827877632,有句话叫做末法时代，咒语可能就是可以震动那些魔法元素的发音。越大的法术就是需要越多的魔法元素加入,159.257,1707583849,1d9e85c9
1514199858108791040,背景这个场景和美女好美好精致,97.689,1707597889,543b1b52
1514355957059465728,言灵,83.299,1707616497,b1181568
1514357118193747456,包饺砸！,221.677,1707616636,b1181568
1515017413597801984,玛卡巴卡,5.733,1707695349,65bbde51
1515075022790625536,港片能作为参考？？？,193.326,1707702217,19d790a7
1515323257966851840,龙族,33.379,1707731809,2a0baa1e
1515352156562250752,天猫精灵。开空调,86.414,1707735254,651def2b
1515858433734178048,不是讲究天人感应吗？我认为因该注重感应。,283.302,1707795606,38b7cd34
1515967506836537344,代码也是咒文←_←,144.937,1707808609,a1427164
1516076378326696448,纳米机器人就是魔法元素,168.409,1707821587,78fb5fc8
1516259650881020928,我认为一定不会是种真正的语言，或者说一定没有规律,11.119,1707843435,c9cb581b
1516599242444146176,这些咒语可能是调整自己能量的一种技巧，但是前提是对自身能量有认知，现在已失传了,121.64,1707883918,be0efab2
1517403587184422144,我知道，同伴加压耗时3防夜袭，是神秘交谈,276.082,1707979803,e63ec77b
1517533032255605248,恐怖的时长,9.17,1707995234,d8d03db0
1518137113181289216,陀螺么,9.807,1708067246,7fb60ea5
1518947474113374464,不算什么新想法，我小学时就在很多科普科幻书籍中见过了,34.415,1708163849,8d99378e
1518975570909053440,这些是谜因或者说是模因,88.047,1708167198,8d99378e
1518988018554381824,索绪尔《普通语言学教程》,207.331,1708168682,8d99378e
1518990509333373696,有没有可能神不需要语言,334.629,1708168979,8d99378e
1519019224050573312,手机便是魔杖,65.464,1708172402,eb2d8318
1519077329471963392,斯人已逝,155.313,1708179329,5ae573e0
1519119575835716352,终于有人说这个了！,14.259,1708184365,852f32d4
1519176036183758848,咒语 密码？,158.411,1708191095,f8fa38dc
1519415599787310080,摩西摩西,333.508,1708219654,a5fd0f2a
1519616248227790080,外星语吗,248.364,1708243573,c67dfee9
1519674270610095104,6++++++,227.168,1708250490,3ed244f1
1519776711493963008,梵文,128.253,1708262702,cac1ea43
1520599627219771648,"Hey, Siri就是一句咒语",52.979,1708360801,62dea387
1520960370053912832,把这个换成语音识别就对味了 哈哈,285.435,1708403805,6c47009f
1521046991315212032,一人之下--巫妖  神格面具,189.927,1708414131,484718e1
1521313780892562432,计算机语言和程序验证,344.643,1708445935,73ad9a4c
1521828578877088256,什么亚空间,274.869,1708507303,3f564a18
1522141123278263296,讲好一个故事,84.475,1708544561,749148d6
1522245180462621696,有没可能是为了所谓神秘感，你不懂就觉得神奇而已，有可能经文只是说你吃了没之类的话,349.408,1708556966,c4f0a743
1522338742013231104,言出法随！,72.482,1708568119,d4df00e7
1522739676061328128,言出法随,96.474,1708615914,9242b9d5
1523493689731924992,南无阿弥陀佛,132.559,1708705800,ed3aa3fa
1523727651624210944,说不定就是外星人教了一半,313.746,1708733690,9accefd7
1524238675792495360,古语或者外语加上误读？,120.786,1708794609,eb9bb181
1524350810652467456,纳米机械可以实现的,73.747,1708807977,3e145f2f
1524871559263616000,这其实和人类的傲慢有关,322.405,1708870055,334b68cd
1524951088132848640,宇宙系统的cmd指令,36.891,1708879535,4506ee92
1525478414050475264,大家不要误会这里，只是为了解释咒语，是一种娱乐的方向。研究的并不是宗教的政治性,325.499,1708942397,b958d312
1525514254814519040,唱诗人,282.422,1708946670,b6955852
1525986563543289088,失落的史前科技？！,42.619,1709002974,ea787008
1525990164084938496,有没有一种可能翻译后会失真？知其意，却不能知其境,315.411,1709003403,ea787008
1526707221625564160,已经关闭了，神远古的时候为了调试留的GM接口而已,51.784,1709088883,ac9c7a53
1527043400309016064,真名,289.935,1709128958,f2719655
1527406274621540096,遇事不决，外星语言,254.434,1709172216,b5f326f3
1527518713752931072,阿瓦达啃大瓜！！！！,75.721,1709185620,acc807f1
1529578567409916928,惊！晴雅集？！,29.392,1709431174,43bd4e89
1529581902888364032,一种保持自我文化的方式而已,313.873,1709431571,662e91a1
1530203757764441344,神秘主义,333.339,1709505702,961f4073
1531427263931784704,菠萝菠萝蜜~~~,139.178,1709651556,d798ad0c
1531911304212702464,？？巴利三藏是原始佛教语言，记录不应该是原始佛经么？怎么会翻译不出来,245.83,1709709258,1b499427
1532035581700394752,梵文,233.951,1709724073,180c64e8
1533269809557922048,我们所有的念想都是咒语,70.357,1709871204,62081682
1542529958940243200,是的，有的看似是梗，其实有些力量在的,90.778,1710975100,32e70d68
1543111050709208832,桐人：system call,56.917,1711044372,1fa48e31
1544947092043549440,想起句话，科学的尽头是玄学,207.987,1711263245,3e3a2c80
1547095614930966784,其他语种的经文怎么呢,303.683,1711519369,e6a80cdd
1547958184134834176,这里还有个悖论，当一个种族发展了一个宗教。那么肯定是这个种族的宝贝,330.11,1711622195,e32b7191
1548159716230860800,这不是维护正统核心地位的需要吗？,316.706,1711646219,41484aff
1548278444176366080,怎么证明或者证伪,44.389,1711660373,aa9228fe
1548340582077118976,表音文字,253.179,1711667780,26c06ef
1548341319083226368,为了最终解释权,332.879,1711667868,26c06ef
1548698437929915648,拉莱耶语,233.375,1711710440,cc4815cd
1549523100742364416,伊卜拉沙~,235.001,1711808747,145aa409
1555920021157790720,我也会：“小爱同学，帮我开灯”,47.483,1712571320,a7828a4c
1578907644843075328,就是高维能量语，链接你和你的原神,77.328,1715311658,89a93e3c
1579045791392150016,是高哥特语和低哥特语的意思吗？,256.159,1715328126,efbe4fb1
1579600572553052928,一陀翔,19.0,1715394262,c2ffcf2b
1593186662605772544,想让咒语变成真，你必须从相反视角观测咒语的实施～,6.368,1717013850,d9f65bf6
1595352854670238464,古神语,279.125,1717272080,548c6421
1613232999364002560,以前人少,319.025,1719403559,e64c5464
1625946687002524416,宇宙的代码,40.819,1720919149,3d151d8e
1639155093452823296,小孩子灵性高,163.464,1722493714,3b877167
1657286574037113856,科仪 密咒,211.368,1724655155,257a1ebb
1671812029079470592,宇宙编程语言,348.506,1726386724,67547af9
1685437688540383232,还有宇宙语,256.42,1728011029,f2f5aee3
1693835141027384576,巫在古代是指可以沟通天地的人,173.132,1729012083,76537ad9
1710183110169744896,没错，只要戏台子搭起来，没人也要唱，因为有鬼神也再看,183.934,1730960913,9820c3cc
,,0.0,1775655591.4716349,
lb.c,,0.0,1775655591.4716349,
,,0.0,1775655591.4716349,
1510900560373553408,撞到真空容器壁之后能量引起了容器壁的形变和内能增加，也就是做了功,659.79,1707204582,b9f37c81
1510900651868260864,现象难道不是人规定出来的吗？,458.885,1707204593,b7253f15
1511025437420547840,这里bgm有人知道吗,518.722,1707219468,9039f3b4
1511030251256490240,这个有解释,449.298,1707220042,1555eca4
1511042247267934720,达摩是真实的历史人物啊，有记载的,360.85,1707221472,3d58d951
1511091314459339776,光音天,449.444,1707227322,4404adee
1511091935325041920,光音天,447.529,1707227396,4404adee
1511092919216725760,阿凡达团建,389.076,1707227513,165e8d50
1511105664078934784,真空中应该是没有物质媒介来共振,579.255,1707229032,ff133554
1511151090589253376,那么问题来了，神无所不能，为啥不啥语言都懂,402.783,1707234447,4653de3d
1511177058464783872,这个逻辑有问题，就算耶稣真的复活了，那后世的人都没见过又凭什么相信，那没见过的后人可以相信，没见过的前人就也可以相信,385.196,1707237543,a002bc65
1511180170973705728,阵法？,686.459,1707237914,6d8b995d
1511196360635076352,吊在板上的原因,581.869,1707239844,8e8a9411
1511282684226246912,相信神存在≠神真的存在。,394.928,1707250135,be6a4a57
1511337549380404736,相信相信的力量,406.35,1707256675,d23c6e91
1511344816028825856,这个应该是心理学。,421.01,1707257541,86ff93e9
1511444496154427392,啊，竟然有文献？,539.327,1707269424,57b0d9a5
1511492257423854848,是催眠学，不是心理学，在很多时候是超心理学的概念,516.282,1707275118,2a863fc8
1511508387635012608,现象不是人规定的，是人发现归纳总结的，无法复现没找到规律的就是神秘,468.904,1707277041,3e818a27
1511522047493633792,"祝由术算不算,听说确实有一定效果",428.512,1707278669,f0e5ceae
1511531083693425920,共振就是功放,624.337,1707279746,3291c759
1511536718556469248,可以理解为神灵C语言,509.384,1707280418,25a3a2fb
1511545975553024768,遇事不决，量子力学,497.303,1707281521,18d3d9b6
1511604753430393344,好像臭名昭著的水知道答案也提过类似的理论吧,656.368,1707288528,c0dcfb2c
1511628251397654528,耶稣也是真实的历史人物啊,364.559,1707291329,be83c184
1511695680824204032,曼陀罗,630.593,1707299368,2b4097c
1511698937155826944,声音不是消耗了能量才出现的？,477.243,1707299756,e274e0d6
1511868531464402176,灵能科技会引发亚空间天灾,434.039,1707319973,de100637
1511906428947239424,这种事是完全有可能的 但是距离神学 十亿八千万光年,522.151,1707324491,fe023968
1511907011250652928,真空不空 朋友,583.404,1707324560,fe023968
1511986773247507200,别迷信了，就算法翻译成同样的语言也是近似意和本意肯定有区别的，声音也分很多种，人与人听到也会有差别，这方面确实大家都不懂就看谁在那装，相信科学，拒绝迷信,411.888,1707334069,3b533936
1511992122906106624,只要别傲慢就很难迷信,487.448,1707334706,3b533936
1512399397458329600,逸散成熵了,482.04,1707383257,e490b69f
1512416070420826624,全国无论南北，都有一种去除喉咙鱼刺的祝由术。无法用现代理论解释，但真管用。,424.813,1707385245,218bc651
1512417522790590464,压点效应会产生电磁波，另一块同规格压电材料能够接收同频电磁辐射。,532.909,1707385418,218bc651
1512553623576776704,这太扯了,499.588,1707401642,3ff15c6
1512961307039537152,听音识曲,557.452,1707450242,3b054801
1513120392393488640,曼陀罗 荷鲁斯,627.43,1707469206,cb704783
1513607207155996928,祝由术,431.192,1707527239,4c09d4ff
1513712709210978816,千里传音,544.654,1707539816,51e24fc0
1514046186527756800,金花,637.486,1707579570,2e37a580
1514414867174400768,扯什么？的布罗伊物质波也是这个差不多的情景,506.264,1707623520,2610031c
1514810229593054464,有时候挺好使的,424.53,1707670651,7abc00a5
1515079558796536832,是语言就能承载,442.446,1707702757,19d790a7
1515889347617151232,言出法随,688.232,1707799292,38e0cfa7
1516074366621033728,有体验，比如快睡着半梦半醒间有时就会听到别人的说话声,510.885,1707821348,87b7cc89
1516142762431414528,巫医:我用的巫药是地塞米松,371.827,1707829501,7885fa40
1517231888501551872,能量在引起介质震动时就损耗了,667.08,1707959335,b02b4760
1519097112141709824,脉轮,632.163,1708181687,b79fb829
1519149031283219968,六字大明咒的“唵”字声波成像出来的就是一个坛城的模样,702.861,1708187876,b4116d28
1520413688194932736,只看结果，不看过程,434.976,1708338635,18f90f29
1521193655723901440,打电话不也是这样吗,543.23,1708431614,1afc700e
1521515294374641152,很多佛世界是以音声形式存在的就是这个意思，佛说法的音声响彻三千大千世界乃至无量无边世界却互不干扰，个人推测原理也是如此甚至更高端,646.222,1708469957,2bc7f25d
1521869830855307520,九龙化骨水,428.984,1708512221,5e5b832e
1522614177301480704,我都不知道我是從哪裡開始聽不懂的,680.949,1708600954,e5b3855e
1523056658296037376,虚拟世界么？,434.293,1708653702,11aee060
1523111823023342080,这也是因为有电场啊,525.467,1708660278,caf65355
1523399379279849984,真空量子涨落产生虚粒子，这些虚粒子可以震动传递声音,509.3,1708694557,e0aa4922
1523733545385058304,就像音乐会影响人的情绪或行为,589.669,1708734393,c0cf273f
1523896536491566336,神说要有钱，于是真的有了钱,407.087,1708753823,a623f050
1523921070451773184,直接操作底层代码的意思？,460.701,1708756748,bc3c5dc4
1524083323922976512,听不懂，但是爱听,547.719,1708776090,3238262a
1524151221777249792,我想到了催眠！,451.94,1708784184,31a50c5b
1524872064241377536,找个海妖，她们有语言插件,395.524,1708870115,4df1c005
1525795062360167424,如果是相同结构的设备，很有可能只是因为固有频率相同,579.875,1708980145,38db071e
1525895530184793856,魔术？,376.219,1708992122,2846fd25
1526905709101803520,源代码,625.148,1709112544,53713d10
1527805746459515904,可以用同一条鱼用火烧软 放水中喝下去就可以了 没试过 可以试试,428.36,1709219837,c3660b3b
1528746137987852032,抵抗重力我笑死,447.8,1709331941,b18ca3c3
1529391240104563712,真空没有空气啊，能量没法传递呗。,474.731,1709408843,acab398a
1529393029109376512,图案与物质形成未必有关联，结,685.81,1709409056,acab398a
1530561309647992576,原神，启动,440.699,1709548326,7039cd78
1530563428618802176,原神，拯救世界,685.059,1709548578,7039cd78
1535763481922828288,你好。地球人,502.126,1710168473,369f2308
1538300396295406080,当你相信神存在的时候，你无法分辨神不存在,400.555,1710470897,380fb161
1543391465777099264,太阳：那我走？,403.631,1711077800,e185455b
1543744512340334080,雷达？,682.265,1711119886,3ab4cc58
1545168316992144640,别着急反驳～人家都有资料的，又不是信口胡说。先看看中不？,522.289,1711289617,2a2f81cb
1547835726564081664,大型演唱会,392.023,1711607597,ef69e866
1548724242135296000,这不是共振，这是系统的耦合运动，不要望文生义,587.954,1711713516,5e86f2be
1550077398274505728,披着科幻外衣的外星非洲,415.033,1711874825,594a703a
1551541533415911424,画符？,697.612,1712049363,f686d65e
1551666175614980608,电子设备的声音和人体的一样吗,654.95,1712064222,af883166
1559681438692134144,频率,462.398,1713019716,1d73ca06
1565534952362303744,分形几何,688.766,1713717509,5db64ff1
1578153244038174464,非局域耦合机械振子的同步及奇异态,589.095,1715221727,4350c6ed
1582038471336594176,史前超级治愈机器人，通过语音交流借用,417.043,1715684882,97213204
1587104621032583424,突然串戏到了浮世叁千问233,549.603,1716288814,482d75e4
1589353646557061120,看到这个我立马想到了麦田圈的图案,681.825,1716556919,5931d69a
1605616503556794112,==没人说达摩是神吧？佛教从来说佛是开悟的人而已,401.019,1718495602,926fe657
1616096372220716544,那就是每个读音都与某种波共振，或组织成固定的波形组合，这样的波形组合就产生某种能量，达到一定强度就能影响能量场,475.339,1719744900,13b5d3c3
1616896630853157376,转化成内能了啊,473.553,1719840298,22286d56
1622573075915028992,逗猫棒,585.05,1720516983,72808daf
1623704623200179200,真空不真，即使太空，也是相对真空，不是绝对,499.219,1720651874,4c99fc82
1639981537342845184,总裁那里看过这段,603.241,1722592233,95e48e44
1655747505583124480,麦田怪圈,690.774,1724471683,b7d61015
1657054149197909760,所以皇帝学天人的音乐就是为了拯救当年的人,705.618,1724627447,bb2b695c
1684301329097158656,节拍器,580.965,1727875564,fea2e132
1707933810337497600,神“说”：要有“光”,450.231,1730692776,c87e78db
1786962726779324416,首先发出声音的东西你必须得给它一个定位，或是锚点，一切从它出发才有对错，或许这就是人类限制？,712.141,1740113757,5486f4a0
,,0.0,1775655591.4716349,
lb.c,,0.0,1775655591.4716349,
,,0.0,1775655591.4716349,
1510908556394966784,芭芭拉：治疗就交给我吧,914.772,1707205535,66b8a922
1510931899072224768,就算时空不连续，我们感受到的也是连续的。,1022.773,1707208318,de0d96f7
1510932180552081408,比如：眨眼补帧。视频一顿一顿的，可是在我们看来，就是连续的。,1024.733,1707208351,de0d96f7
1510932571318612736,卡顿，对于连续来说，通过对比，才有卡顿。,1026.053,1707208398,de0d96f7
1510939667150138880,细说深入,977.537,1707209244,6840d8d4
1511037968390157824,图穷匕见,773.855,1707220962,f2194801
1511107728758915584,这是波纹攻击,919.726,1707229278,ff133554
1511108334592237824,开始看不懂了,1019.318,1707229350,ff133554
1511115165905922560,我喜欢,775.271,1707230165,21836113
1511154999126838016,那如果光可以被力吸引或者退离呢。。。,810.518,1707234913,4653de3d
1511215457519212800,这个招数电影里的神婆经常用,949.238,1707242121,833e8924
1511244701272300544,法术：言出法随,847.578,1707245607,ddd5415e
1511440245227354368,时间是否存在都是个问题，讨论这个,865.197,1707268917,cb122b68
1511450399830701568,魔术大师,951.539,1707270128,c35938f7
1511467769114449152,万事不决，量子力学,1006.523,1707272198,5d76bd6e
1511492002686982912,其实是魔术而已,992.258,1707275087,1253f646
1511543661714979840,如果魔术能救一个濒死的人就好了,1003.873,1707281246,f0e5ceae
1511544817807974400,我还以为我屏幕上有蚂蚁！！！,960.27,1707281383,275bd317
1511551857225513984,？,956.623,1707282223,18d3d9b6
1511686273318952960,遇事不决 量子力学,999.821,1707298246,afd6932a
1511694476094334976,图穷匕见+1,789.081,1707299224,e7d94bb0
1511739552522725888,这不会是芭芭拉的原型吧,919.964,1707304598,68b8b69b
1511765376005291776,所以关键是理解共振的本质吗，共振为什么存在,720.256,1707307676,d3926e93
1511837427696720384,我的老师跟我们讲过很多这种，老老师懂的很多，都给我们讲，现在可能没老师知道了,969.57,1707316265,928db7c7
1511839115250015744,不是魔术，我那个老老师说，超自然跟化学物理学有关，不是假的，只是我们现在不懂,996.13,1707316466,928db7c7
1511872289778621440,"光不会被引力吸引,而是沿着空间最短的路径传播而已.所以黑洞是扰动空间而非拉扯光子",823.721,1707320421,de100637
1511937045143108608,因为观测了,1052.265,1707328140,54505dd5
1512001545351270912,众所周知宏观效应会有一个概率趋势这不就连起来了？不想卡bug也不是不可以,1026.596,1707335830,3b533936
1512232402234451712,有没有可能芭芭拉学过医学，打着巫医的旗号在实施专业手术？,996.828,1707363350,668f1692
1512476769406749184,噗，再见,981.123,1707392481,2192b47c
1512608267246103808,就象我们看动画片那样，动画片也不是连续的，只是我们觉得是连续的。,1031.334,1707408156,aaba05d6
1514049108397391616,这类魔术手法被揭秘过,954.314,1707579918,2e37a580
1514763847821686528,科学的尽头是神学,1067.514,1707665122,ec0293b2
1515115708605221120,不，相对论证明时空是变量,782.777,1707707067,9ba94f75
1515382011794174720,路西法,799.388,1707738813,8b55cc44
1516202209334213888,遇事不决量子力学,989.899,1707836588,8e9d9c30
1516399092161618688,有没有一种可能，一切只是场物质流动产生的变化,857.976,1707860058,e4ab6b8a
1516472943654308608,直到魔法揭秘开始播放,997.288,1707868862,dc228f33
1516934833941766144,主要就是，声音的能量太少了，除非是有放大器，或者类似引动雪崩一样的引子,846.614,1707923923,8384b083
1516941263289824512,说其他我还不一定熟，这个芭芭拉帕奇塔不久前我还看过揭秘,875.114,1707924690,8384b083
1519459610443232512,芭芭拉 冲鸭,875.621,1708224900,bdcd674a
1519521141822387200,法器？,863.309,1708232235,85109700
1519734356447349760,我记得有书说 唵 代表世间万物,745.784,1708257652,6e104b80
1520925161463963648,造神嘛，哪都一样,977.215,1708399607,39380461
1521520242915206656,黄帝外经到底什么内容啊,953.712,1708470547,2bc7f25d
1522305516666245888,芭芭拉冲呀！,901.502,1708564159,cfd4b043
1522600013229157888,你这个芭芭拉回复效果有点强,901.821,1708599265,afb33c7e
1523116779063697664,这就是芭芭拉原型吗,894.658,1708660869,caf65355
1523117225723492096,研究出来可是能“水”一篇论文的啊，怎么会有学者不感兴趣呢,921.75,1708660922,caf65355
1523826720631923968,所有的一切都是能量的互相干涉,868.615,1708745500,3c7337bc
1524834345603342592,遇事不决，量子力学,990.708,1708865619,2ecd090a
1525447203026720512,来困了..............,1051.074,1708938677,733e5dc3
1526071318246951680,那倒立行走是不是会活的久一点,839.812,1709013077,aec86728
1526213258074652160,就喜欢这句！,722.968,1709029998,a48a250c
1526215241627702272,芭芭拉冲鸭,932.186,1709030234,3fc86396
1528921959411564288,时空之王，命运道标,858.034,1709352900,f7ab0be
1529095836045338112,那是你念唵这类时 你的肌肉呼吸机都在随着你念这个字时有规律运动 按摩内脏,787.375,1709373628,b2446d3b
1529096324883104000,将无序混乱 通过振动变的重新有序，规律,845.558,1709373686,b2446d3b
1530200422705674496,我更倾向于时间是一把尺子 本来不存在只是为了让人类理解而造出来的工具 ,1065.539,1709505305,a5220fbb
1534711957620495616,因为思维是线性的,1034.803,1710043122,62081682
1543746423835697152,这么离谱？,910.195,1711120114,3ab4cc58
1546005639908824320,算了吧,907.089,1711389433,990cb761
1549518129745755904,苗医没病拿水,995.939,1711808155,ceb9f1ab
1551541810399105024,咒语就是用声音画符,730.627,1712049396,f686d65e
1551542719128959232,衰变，老化,838.951,1712049505,f686d65e
1562180038324307456,科学没有尽头。,1077.795,1713317572,59236c22
1577511418495228928,咒令：我，秦始皇，打钱！！！,886.446,1715145215,d59fe5b0
1578778053835180544,芭芭拉：演唱，开始！,890.933,1715296210,b897fdc1
1594020501347522304,黑客帝国,944.659,1717113251,10d4dc90
1615813523726791168,我每次睡不着就看他视频，一听就困，比安眠药管用,1041.055,1719711182,29578a32
1622577590823022080,幻影移形,1038.551,1720517521,72808daf
1639987416305571072,回调芭芭拉！,906.754,1722592934,95e48e44
1655797195032993536,湖北某个道教县的某个局长，就是被这种方式治疗的癌症，还拍了视频,957.966,1724477607,f85c634d
1682123295757073152,遇事不决，量子力学,986.771,1727615923,46c0c30d
1682123743473752832,缩地术！,1036.086,1727615976,46c0c30d
1693841864656055296,憨豆先生也干过类似的事,948.417,1729012885,76537ad9
1727377496854866432,读书时巴不得有这能力省下通勤,1036.921,1733010644,9d6fe986
1801466163009000448,高手啊,966.308,1741842701,705a891
1812420769691477504,怪不得蒙德城有个芭芭拉,992.077,1743148592,94749c01
1825597102567617536, 那光的散射呢？,816.808,1744719333,1a6d2728
1825599134908975616,电影中环节在他眼前上演，不敢想象他当时得震惊到什么程度,957.706,1744719575,1a6d2728
,,0.0,1775655591.4716349,
lb.c,,0.0,1775655591.4716349,
,,0.0,1775655591.4716349,
1510937110897690880,如果说是量子隧穿的话，概率极低，忽略不计。不如直接把射向他人的子弹，无伤遂穿到脑后。,1232.142,1707208939,de0d96f7
1510938654141682944,这难度，比空间传送还难,1249.191,1707209123,de0d96f7
1510941287778876160,言出法随？,1238.539,1707209437,520a78cf
1510960014297565440,有道理,1356.308,1707211669,73dbef55
1510973142066364672,我小时候经常混淆绿色和蓝色,1337.774,1707213234,2eb64d21
1511086203624329984,有合理解释了,1302.605,1707226712,903d032f
1511164230840225536,集体潜意识,1433.111,1707236014,4b967118
1511215250052352256,狼孩的故事如果是真的，那么鸿蒙讲座的故事岂不是真的？传道是真的,1431.28,1707242096,b789a2e2
1511218110945282304,所以自旋到底是什么意思,1100.438,1707242437,ad5cbc3e
1511255395841472512,思想烙印.  ,1347.877,1707246882,b694ac7c
1511404765434047488,这不是道家学说，这是道教学说,1156.319,1707264688,925a8e
1511431593041043200,阿赖耶识,1436.598,1707267886,cdf28e6f
1511460786487543808,本来就没有时间，,1087.225,1707271366,af3bc664
1511478139933912064,有道理,1368.836,1707273435,7a0bddcc
1511516709016718080,阿赖耶,1437.162,1707278033,3e818a27
1511533126998994176,观测物质世界必会对物质世界造成扰动，也就是互动，所以在微观世界，所有观测均是与物质互动后的结果,1368.97,1707279990,2b0a5cad
1511534374871452416,陀一定是博士后，逻辑，章节环环相扣,1206.486,1707280138,62081682
1511536152619183104,这就是地球ol的规矩呀,1351.549,1707280350,baaac14b
1511592607808412416,我们的世界是虚拟的,1141.448,1707287080,6e468b55
1511730073613624064,意识冰山，水面上的冰山看似独立，下面却连成一片？,1434.891,1707303468,ed61d4d3
1511912129274695168,其实可以吃 你喜欢的话（用过的容易产生细菌 吃进去会生病）,1339.593,1707325170,d67e1d47
1512134764138867200,这点认同，在学校考试的时候，明明我自己不紧张，题感觉也不难，但就是脑子空白，不会思考，感觉自己的意识被别人影响了,1430.906,1707351710,95936744
1512240897428290560,五蕴,1348.701,1707364363,f7efa00d
1512262604377145344,假设空间本就在你只是在这空间里放了个烟花，接着烟花充斥整个空间并不断蔓延,1169.81,1707366950,6031d481
1512505554680108288,有些所谓的证明只是为了让事情变的合理,1411.255,1707395912,f49ebad4
1513928600649548288,懂了，太上老君是量子（bushi,1170.598,1707565552,1a1281fd
1514382712004454144,神学不为用，科技为用,1247.087,1707619687,26b4c7d7
1514692285949028608,这个突然出现，也许是奇点以外的更高维世界对它产生了什么影响,1165.973,1707656591,2562f491
1514708046239426560,因为人本身就在系统中,1295.196,1707658470,2562f491
1514710233921327104,绿色也可以叫green,1337.739,1707658730,2562f491
1514711110069364736,确实,1434.603,1707658835,2562f491
1516133256528101376,石头人是吧,1438.144,1707828368,eef05dc0
1519363206387544576,时间和空间是连续的吗,1312.594,1708213408,89704736
1519643780385783040,地球不就在自旋吗,1103.687,1708246855,9c248688
1521295412676657408,？？？,1192.427,1708443745,1892977d
1521523478031927808,所以各大正教都重视语言的作用，圣经里丈夫可以否掉妻子的发愿，佛教和道教都说言语能召来福祸就是这意思,1231.27,1708470932,2bc7f25d
1522116546367880448,这可以假设并不是不教，而是教不了，或者不知道怎么把这种共振甚至说同频的展示给我们，甚至这个可以理解为天赋说的夸张点也就是超能力般是独有的，可以传承但不一定遇到差不多能遇到一个对师傅会咒语一样有天赋的,1267.781,1708541632,f4485a9e
1522694772203129600,所以世界就是像素组成的，根本不连续,1123.286,1708610561,164ded48
1522697891523916800,集体潜意识,1437.666,1708610933,164ded48
1525303812967995136,混元行意,1136.666,1708921583,48beeaa6
1526282993864606208,矩阵,1348.66,1709038311,1596239a
1526913926909220608,真言咒,1234.346,1709113524,53713d10
1529101675288482560,一段振动同样是有序的 会改变无序 同样消除混乱的应力,1321.582,1709374324,b2446d3b
1529103192561254400,认知定义牢笼,1374.684,1709374505,b2446d3b
1535828119645251840,净土宗,1225.742,1710176179,a125d774
1539225571467521536,真空中各方向的力是相同的，但是空间被扭曲之后就会出现“引力”,1127.443,1710581186,9798cac3
1544269461069150720,薛定谔的猫,1332.189,1711182465,384ddeeb
1548355340456971520,为什么打死狼,1382.359,1711669540,26c06ef
1549858698313306624,一语成谶,1237.96,1711848754,6bfe7442
1550314692902376192,像不像一个游戏的世界，从仅有一个世界到加载各种内容的样子？,1156.541,1711903113,7991c86e
1554004188055479296,少数的听到一半，发现已经一句话都听不懂了的视频，世界真神奇,1123.397,1712342935,9cd415f0
1558134519037870080,AI开机了,1178.136,1712835309,569fb314
1579252691224311808,五蕴,1355.02,1715352791,36dd6ae7
1579800639058708992,假装自己能听懂。这是咒语的一部分。,1109.409,1715418111,1d5a13e1
1592047346571685888,普通人的意识、记忆太靠不住了,1339.163,1716878033,f9c33a0
1616905396319193856,《白发魔女传》,1392.275,1719841343,22286d56
1628290035444993792,其实是不确定原理,1291.341,1721198498,e9ae1482
1641605769663529728,言灵,1230.33,1722785857,885fe8e9
1650106204409803520,信则有，不信则无，是不是也是共振，相信才可以和对方同一频率才能感受到，不相信频率不对就什么都不会发生，所以同一个方法，有的人灵，有的人不灵,1249.341,1723799188,2562f491
1661697840449405952,开控制台了,1234.173,1725181019,766e2ccb
1688364293735441664,假的？这是有记录的，还被写入了教育心理学的,1406.421,1728359907,2852ec86
1801377511042126592,时间是人道的概念,1104.052,1741832133,bd550466
1801378425123447040,人类对游戏的开发与创造，像不像天道对人类社会的创造,1212.996,1741832242,bd550466
1806733657709799424,张祥前的《统一场理论》能解释这些现像吗？,1287.425,1742470635,e9102dea
1827140962385317888,你看名字也知道，原始既是原初开始,1133.215,1744903376,1e8ae9f6
1902998389101029120,来自于经验和集体定义,1348.111,1753946285,2f11bf61
,,0.0,1775655591.4716349,
lb.c,,0.0,1775655591.4716349,
,,0.0,1775655591.4716349,
1510906544102140160,这是否能证明一定程度上证明灵魂的存在？,1624.165,1707205295,b7253f15
1510910449561168640,这部分应该是荣格的集体潜意识理论,1440.31,1707205761,1492c5f6
1510914819380157184,是不是给乌龟养大我们也能长命百岁了,1482.1,1707206282,66b8a922
1510920275179427072,比如心里说谁，谁就会打喷嚏,1749.222,1707206932,f57edb10
1510935521063628032,少了云端的算力支持,1472.716,1707208750,fc3b5a83
1510938085855267072,我用在感应外卖员是否到门口了，突然身体本能去开门,1748.476,1707209055,fc3b5a83
1510939849174349568,最新研究，意识，滞后于行为。行为是明星，意识是行为的经纪人。先做，后记录，再修改，更新下一次的行为模式，然后无限循环,1611.618,1707209265,de0d96f7
1510940204163147520,观测者效应，只能说仅供参考,1639.328,1707209308,de0d96f7
1510941203993114112,开智,1688.672,1707209427,1175e65c
1510943420246570240,这是真实的,1483.775,1707209691,fb5a2a45
1510944543003220992,开悟,1713.61,1707209825,7414f425
1510961183887348992,因无所住而生其心,1706.063,1707211809,cf105ce1
1511035621878063616,乌龟那个没法验证，因为乌龟不是哺乳类不会养小孩,1485.194,1707220682,e81cc6
1511063764844415488,高维观测者,1482.859,1707224037,3d58d951
1511111395234618368,但是谁也不敢保证动物没有意识啊？,1506.329,1707229715,ff133554
1511209499552427264,全世界觉得世界是天堂，那么世界就会变成天堂？,1481.001,1707241410,be61b0c1
1511216834996027392,双胞胎？,1610.797,1707242285,b789a2e2
1511223146534047744,古希腊掌管某某的神（doge,1550.905,1707243037,ad5cbc3e
1511223961420548352,如数家珍,1623.444,1707243134,ad5cbc3e
1511228030968900864,应该有吧，比如幸存者偏差；你只记住了说曹操就到的情况，或者父母回家的时间是规律的，你的生物钟告诉了你，使你有所防备,1746.417,1707243619,ad5cbc3e
1511477452092956160,亚空间四小贩,1570.169,1707273353,7c4f903
1511495235413645056,共业,1629.976,1707275473,e6bdc74d
1511497316744741120,上帝,1497.298,1707275721,922862d0
1511508691051051264,阿赖耶识,1441.43,1707277077,aef8af5a
1511568011436567296,阿赖耶识,1692.985,1707284148,d2e363e1
1511621789049190912,凉宫春日的忧郁,1540.488,1707290559,c396cf1d
1511623568927411456,灵能者？,1602.063,1707290771,efbe4fb1
1511631995141424640,那么反过来是不是父母到家前会觉得你在看电视,1750.205,1707291776,c0dcfb2c
1511640842572549632,余光再广也广不到背后,1785.868,1707292830,be83c184
1511687451415241984,xia我一跳,1542.529,1707298387,b82e8d5b
1511708301216445696,提到荣格的集体潜意识，那就不得不提到他在中国看到的《太乙金华宗旨》，后来又翻译回来的的《金花的秘密了》,1735.111,1707300872,9d05f18f
1511795647848672768,悟道,1725.188,1707311285,22b0b17c
1511835804467800832,因为个人意识 改变不了 集体意识,1538.777,1707316072,12d7ee3c
1511842276740092928,【黑门】个体高度独立，目标高度一致,1574.604,1707316843,12d7ee3c
1511847891394797056,喧闹的教室里突然所有人都不说话了。。。。,1765.309,1707317513,32e883ab
1511851208367988480,这不就是佛学么,1697.612,1707317908,9a409ed0
1512144308310928896,答案很显然是能,1505.483,1707352848,a7dc3a93
1512507446907027200,未来人KFK说的2048年之后,1636.84,1707396138,f49ebad4
1512542422654299648,“小我，大我，无我”,1702.041,1707400307,9c484b9d
1513849460013352192,目光这个确实神奇，我从小就可以感知到后面有人看我,1790.395,1707556118,f3c434db
1514406144062621440,人生如梦 梦就是我 我就是梦,1687.096,1707622480,552666d8
1514627335700539648,膀光,1780.411,1707648848,c4510bcb
1515381706549783040,gumayusi,1584.18,1707738776,faace91f
1516918028389108480,神圣的卡拉链接这我们,1465.03,1707921920,999e69a0
1517597278641419520,是每个意识单位都储存了集体意识 是一个同系统中可以共享的系统,1572.941,1708002893,63d7d7da
1517666500956532480,阿赖耶识,1570.555,1708011145,a9fcc626
1518446959336199936,超心理學?,1652.517,1708104183,4d77aa7c
1518686839769391872,王阳明的心外无物？,1704.751,1708132779,b80c6dd6
1519156000530225152,本自具足,1738.358,1708188707,b4116d28
1519202762028528640,还有睡觉突然自然醒，下一秒家里人会上厕所，或者谁在外面开始吵，都有提前性,1742.498,1708194281,b4b0d916
1519465296652840704,我被监控了,1455.932,1708225578,bdcd674a
1519800696000798208,erf,1760.395,1708265561,3f86f535
1520216088720532736,人能常清静天地悉皆归,1715.183,1708315079,a950714f
1520302050620088832,阿赖耶？,1443.431,1708325327,3c73699e
1520317563220260352,我和老爸闻出饺子馅咸不咸 都没尝,1758.613,1708327176,4cbb01a9
1520611966702639104,量子层面的怎么检测？,1511.223,1708362272,5b4e526d
1520612472183090176,科学的尽头是神学,1557.242,1708362332,5b4e526d
1520613854860544000,我对信息的传播方式更感兴趣,1661.023,1708362497,5b4e526d
1520614712394699264,干掉意识，请潜意识接管,1729.544,1708362599,5b4e526d
1520616434609354240,潜意识也应该有一个特定的通道,1775.277,1708362804,5b4e526d
1521527782797361408,不然你以为各大教派的教祖们都是怎么拉人头的,1516.589,1708471446,2bc7f25d
1523572044858465792,光音天,1618.639,1708715141,64dba629
1523572161124859904,光音天,1628.666,1708715154,64dba629
1523572275033640192,光音天,1634.063,1708715168,64dba629
1523572371754514432,光音天,1573.019,1708715179,64dba629
1523747023587911168,吾心自足，不假外求,1711.148,1708736000,c0cf273f
1523816576254704128,人能常清静，天地悉皆归,1699.89,1708744291,82bd86f4
1526257160668196096,宇宙这破地方对我们来说太大了，对别人来说太小了，原子不到,1551.06,1709035231,812c45be
1526916016251444480,云空间,1477.227,1709113773,53713d10
1528515952529233920,背后看我我完全能感觉到,1791.179,1709304500,e10a7d61
1529106510876402176,不是的 心无或者空时 你的身体自愈能力因为没有意识干扰 而从混乱变的重新有序,1770.288,1709374900,b2446d3b
1530376323233619712,念力,1529.842,1709526274,5ebf297f
1534718542484718592,果然还是佛学最接近宇宙真相,1723.379,1710043907,62081682
1536894454429364736,格式塔,1458.951,1710303296,82c0412c
1544845675316129792,近朱者赤近墨者黑,1611.934,1711251155,8a1c28a0
1546345570111973120,神识传音,1624.429,1711429956,4c9bc43a
1547691396486664192,生物电,1787.056,1711590391,2f361cc9
1547828874304575488,感谢尊者,1716.918,1711606780,2924f963
1548014426916315392,量子纠缠,1441.439,1711628900,166ca231
1548417538671826432,有没有一种可能 因为是狼孩天天被展览 被折磨死的喃？,1459.171,1711676954,fa755f5a
1548563003577111552,阿根廷：这我们很懂,1732.447,1711694295,c2ebb559
1548730885837164800,亚空间竟遥遥领先,1563.0,1711714308,cc4815cd
1549298721945368064,战锤P都给我出来,1606.423,1711781999,b1be4194
1550142669161201920,所以一堆人许同一个愿望有可能成功？？！,1666.191,1711882606,426ba631
1550770763064439552,荣格是看太乙金华才写出这个东西的~道家核心,1735.942,1711957480,dd2809d
1555063178428207616,结婚十年后，就变成大智之人,1706.235,1712469176,d60f4f19
1558138007037515776,大圣灵,1585.527,1712835724,569fb314
1565316480193916928,阳明心学，不符合物质世界统治,1755.958,1713691465,a097799c
1578482733217387008,也许宇宙就是一台计算机,1495.132,1715261005,6a93eb7d
1579057566506747136,亚空间灵能,1573.999,1715329530,efbe4fb1
1579058387558354176,放个屏蔽灵能的设备就感应不到了,1631.979,1715329628,efbe4fb1
1579254921771946496,佛陀,1546.46,1715353057,36dd6ae7
1579256023708093184,心有灵犀一点通,1608.875,1715353188,36dd6ae7
1592049700339921920,看我用闪电光速拳打破这一切,1571.994,1716878313,f9c33a0
1612321553985591552,《黑科技》,1629.812,1719294906,a219ff4e
1625968406040107520,古希腊掌管意识,1554.605,1720921738,3d151d8e
1649055077350368768,给你个眼神，你理解一下,1636.409,1723673884,5aaf2537
1652352658549466368,灵觉,1641.621,1724066986,a16cb467
1661107407721556480,脑波可以散发，我之前在一次小区跑步的时候，想起了一首歌，但是我只开始发出一个音节，走在前面的人突然开始唱那个歌词了。,1604.769,1725110633,5d2d3a9
1682127693300132352,一直观测不累吗,1483.673,1727616447,46c0c30d
1701599915598113024,什么？个人意识？人从出生就在被环境塑造所谓个人意识大多只是环境结合以及自身思考的结果,1504.402,1729937717,dedb02ff
1701603790564615424,说的有理,1704.659,1729938178,dedb02ff
1783338091067602176,被重力束缚的灵魂,1524.8,1739681666,2c44889a
1783338729121912064,量子纠缠,1596.358,1739681742,2c44889a
1783339428169745152,元气弹,1675.578,1739681826,2c44889a
1786974265653554176,影响别人心理学上可以轻易做到,1504.76,1740115132,5486f4a0
1786975214421919232,心理学上一个人可以轻易做到影响别人，那么扩大一下，理论上可以影响世界，甚至物质不是不可以的！,1526.38,1740115245,5486f4a0
1786976220400488960,一个北海岸的猴子学会了用棍子，南海岸的猴子不久也会了用棍子,1592.42,1740115365,5486f4a0
1916143344204589824,进击的巨人是吧？,1622.518,1755513286,a8280c73
,,0.0,1775655591.4716349,
lb.c,,0.0,1775655591.4716349,
,,0.0,1775655591.4716349,
1510907383742748672,跑得很快，求生意识很强,1859.8,1707205395,b7253f15
1510918903147094528,他修炼了《太乙金华宗旨》,2023.924,1707206769,7de28024
1510991378388436224,借鉴了太乙金华宗旨,1837.888,1707215408,294d453
1511005315775364096,哈哈哈,1963.285,1707217070,927717c4
1511014668888519424,上帝之手,1918.028,1707218185,ca822b25
1511166440768539136,这个棋盘不对,2072.106,1707236277,4653de3d
1511371598396001024,有没有可能是来自DNA,1950.402,1707260734,7fac09c3
1511483614431370496,牛逼,2021.509,1707274087,7a0bddcc
1511485013181729024,如今的奇怪现象就是没有没有了封建迷信，而破除封建迷信的虽然不是科学，但是科学却已经快成为过去的封建迷信了，我们想看到一件事的源头的时候，就会可以加上所谓的科学,2130.976,1707274254,af3bc664
1511504705279391232,金花的秘密,1815.389,1707276602,a98acdbb
1511512530986694912,人活着就是为了结婚生子买楼买车,1866.718,1707277534,aef8af5a
1511559259358233600,是的,2055.246,1707283105,b98c9fb3
1511559430016283904,不是的,2075.589,1707283125,b98c9fb3
1511559759764321792,言的流,2114.893,1707283165,b98c9fb3
1511559948726130432,演的流音的体,2137.413,1707283187,b98c9fb3
1511560084688445696,言的流音的体,2153.621,1707283203,b98c9fb3
1511565634423857408,分不清~,1884.517,1707283865,933259ff
1511602383002993408,《周公解梦》,2037.176,1707288246,6ff793a8
1511624784738764544,某些时候也是知识水平决定的，夏虫不可语冰,2085.835,1707290916,50d5c8b
1511646783602726912,夏虫不可语冰是认知层面上的,2089.501,1707293539,be83c184
1511686028237673472,金花的秘密+1,1819.319,1707298217,a061f1a1
1512226107229853696,我认为，由于身体硬件相差不大，当思想到某一个峰值的时候，有可能会触发身体的某种开关，而引发现象,1877.869,1707362599,4000cde6
1512227452569843712,基因,1912.019,1707362760,4000cde6
1512227704295081216,基因希望存活、和延续的意志,1890.303,1707362790,4000cde6
1512236336088623360,或许曾经真的有魔法，因为人们认为世界上有魔法，现在没有魔法，是因为人们认为世界是科学的,2100.762,1707363819,4000cde6
1512239475148106496,人体，很奇妙吧！,2126.422,1707364193,27b83167
1512239655066593024,可是我在梦里是可以飞翔的,1994.485,1707364214,265b6271
1512362316396920064,好多次做梦都在飞，有时候觉得就算现实都能飞了,2001.879,1707378837,4220556d
1512364029216148480,其实有关联的,2134.299,1707379041,4220556d
1512480029035323904,鬼故事：进度条,1986.306,1707392869,65c077b4
1512511491256164608,就像那个著名的死囚实验，蒙上死囚的眼睛，在胳膊上滴水，但是告诉他是把手腕割破了，最后死囚死了,1998.61,1707396620,f49ebad4
1512758448813970688,……左和右的A和A以及左和右的B和B比较吗——相同,2073.468,1707426059,eb3ee6e6
1512924223243730432,说不同的吧图片保存下来吸取颜色画线就知道了,2080.35,1707445821,699e6f85
1514001847558388224,可我几乎记不得梦里的情形，甚至醒了后忘的很快,2013.071,1707574284,92e7c78e
1514629060230230784,共食性,1922.803,1707649054,c4510bcb
1515208208879558912,太乙金华宗旨,1820.396,1707718094,2562f491
1516831083335831808,曼德拉效应就是意识改变世界的例子,2115.96,1707911555,a0af2f4
1517339590636122880,一个人有个人意识，在群体中个体无意识,1856.843,1707972174,16f2bbca
1517340428742268160,基因表达的侵略和修改……,1922.122,1707972274,16f2bbca
1518340789556555008,这图不是著名的假图吗？,2076.051,1708091526,7bc7e17c
1518977214304181504,我用卫生纸遮住，亮度也是明显不同,2076.376,1708167394,7b4973e9
1519556650824935168,sOx的时候,1849.993,1708236468,bde99489
1519704264153583360,根本就不一样,1987.828,1708254065,c4176682
1519724956970561024,庄生晓梦迷蝴蝶,2000.801,1708256532,71375078
1520496850229345536,"我怎么彷佛听到哀乐的声音,,,",1958.693,1708348549,8d4759ff
1520618504934856704,你牛逼,1956.753,1708363051,5b4e526d
1520621387814055936,意识可以改变世界，方法、强度、时间,2113.674,1708363395,5b4e526d
1521535987929572352,乌合之众也说过这个事儿吧,1846.43,1708472424,2bc7f25d
1521537440450462976,一般来说治疗这种病的话求助巫医的多，以及，很多都是能量附体啥的就很能说明问题，总归是业力，负面能量集中在某几个人身上以之为祭品的话，守村人啥的就出现了,1900.246,1708472597,2bc7f25d
1521538643486181120,宗教里对梦境的解释更加合理而且能找到和现实显化的对应的特别多,1982.965,1708472740,2bc7f25d
1522429998416676096,我看过,2027.856,1708578998,1a2551f2
1522430086144580096,红叔，我是真的没有懂他的逻辑在哪里，因为确实讲了很多他的梦境，特别是二战的时候,2029.696,1708579008,1a2551f2
1522449276075153152,涂尔干的集体欢腾,1849.819,1708581296,2268529f
1522702111547525632,阿努纳奇,1914.388,1708611436,164ded48
1523066636838878720,《世界是一个巨大的人类补完计划》,1884.829,1708654891,ded02f3a
1524532962606070784,通过对比RGB发现，AB两点颜色是有明显差异的,2073.796,1708829691,22aa0f2b
1526036773640537600,人的动物性，也就是深层次潜意识占了肉体主导地位。人类受的教育是未了压制原始伤害性欲望，所以人性本恶？,1906.67,1709008959,5990b651
1526309394483435520,意识在我看来最大的作用是编码，而对我们行为做出决定的是潜意识，所以，我是意识在编码的时候形成的虚幻概念,1804.446,1709041458,f635abf2
1529108745760615680,中医精神病患烦躁的 是有身体热,2036.695,1709375167,b2446d3b
1529109335303665664,黑客的信息病毒会让硬件过载烧掉,2107.015,1709375237,b2446d3b
1530381264878675712,盗梦空间?,2050.537,1709526863,5ebf297f
1530381665493414912,"以前的日心说,地心说",2098.366,1709526911,5ebf297f
1534719463906337280,荣格就是星际宝宝,1822.664,1710044016,62081682
1539231689010641152,我们班级基本上看一眼就知道对方的情绪，而且，有时候我前桌甚至知道我在想什么,1801.193,1710581916,9798cac3
1539233523800655616,那是你要长高了,1999.187,1710582134,9798cac3
1543386100599866880,曼德拉效应,2122.645,1711077160,7b1896f7
1565315906044132608,佛学和道家比，差几个境界,1809.015,1713691397,a097799c
1573349828916924160,他有修炼,2032.259,1714649115,336113a1
1573350443558662912,太极,2102.099,1714649188,336113a1
1578361954559677440,有人尝试过AI解梦没？很有意思,2041.123,1715246607,d607362e
1590228868223436800,意识水平这词说的妙啊,2088.428,1716661253,32e70d68
1600658511925350656,我听懂了他在说什么。他说的没错,2052.81,1717904564,3080c9a7
1602239587080851712,看了东方的书 吕洞宾,1832.756,1718093042,69bea4b0
1624819953872344064,靠，颜色居然真的想通，具体看评论区,2075.46,1720784832,fe252aac
1649059446992731392,意识是不是种能量,2157.324,1723674405,5aaf2537
1657206902897253376,左右图不一样啊,2071.912,1724645657,bb2b695c
1786980775188154112,这点承认，多层意识观测的结果，总结的很好,2103.861,1740115908,5486f4a0
,,0.0,1775655591.4716349,
lb.c,,0.0,1775655591.4716349,
,,0.0,1775655591.4716349,
1510911112671956992,我们过于相信科学，认为他是真理了。这是否是一种固步自封？,2425.662,1707205840,b7253f15
1511043103258296832,免疫系统：啊对对对,2316.231,1707221574,2ab2c67e
1511044392453046528,从青城山下来的老中医让我感受到真实的炁,2355.993,1707221728,b35f19a4
1511116286984442880,不是抵抗力吗？,2322.185,1707230298,ff133554
1511235917728701440,←宗教神学等被认为与科学相对立的学科现在也被认为是人们对于无法用科学解释的现象的自我安慰,2429.827,1707244560,ad5cbc3e
1511272775527040768,好的中医实在太少 遇到是福气,2364.25,1707248953,dfbee101
1511487267166930432,针灸,2457.037,1707274523,7a0bddcc
1511488226815205888,最可怕的就是如今，已经脱离了所谓的封建迷信，可是我们脱离的真的是封建迷信吗，而且如今证明任何事情的时候一定要加一些有关科学的东西，这也是一种对科学的过度迷信吧,2424.626,1707274637,af3bc664
1511490249644360192,西医和中医还真不是有关联，这点我不认同，中医和西医文化上就是相反的，中医和西医不在一个维度上，一个年轻人发现了老者走过的路，你能硬说他们是有关联的吗，西方文化的弊端,2473.872,1707274878,af3bc664
1511491297306146304,在治疗过程之后，人开始认为自己会好起来？,2422.389,1707275003,85a4eac4
1511516174092251392,然而恰恰相反,2214.264,1707277969,aef8af5a
1511531146054523648,是的，上学的时候胃痉挛，当时生物老师，就用力掐我虎口，一点点的缓解了,2472.447,1707279754,2a157ba2
1511540666142896896,针灸：我TM来了,2449.592,1707280888,ac9066d7
1511560550700850688,是普洱的味我这,2209.157,1707283259,b98c9fb3
1511561083603974144,表象是化学的，本质是物理的。其实整体上化学是物理的宏观而已。,2394.803,1707283322,dc8b0e4a
1511562175272190720,是电脑制作的,2402.846,1707283453,b98c9fb3
1511562415010359808,电的载言的流音的体,2431.439,1707283481,b98c9fb3
1511616696140648192,有没有一种可能，人的思维就是高维生物思维在三维世界的投射,2233.578,1707289952,51f3e284
1511629591763218432,《金花的秘密》,2198.031,1707291489,50d5c8b
1511713660849069824,卧槽,2252.769,1707301511,9d05f18f
1511845184265346816,任何的任何，所有的所有，尽头都是易经。,2400.141,1707317190,2cb16c2f
1511848725457576960,每个个体意识都是高维意识的神经突触？,2239.216,1707317612,12d7ee3c
1512021031039366400,每一个字都看得懂，句意也知道但是深度不够就会产生一些别人一看就知道是错误的猜想,2435.828,1707338152,3b533936
1512219504078473472,S于新冠？,2246.511,1707361812,ad11dac3
1512243732911897088,个体影响主体，主体影响个体,2501.573,1707364701,4000cde6
1512397767090551040,中医里没有癌症这个概念并不是说不能这就能解释断肢者为什么还能感觉到到失去肢体的疼痛,2427.562,1707383063,5a4a6244
1512442956387476992,寡人二刷,2469.849,1707388450,85d43060
1512444733740298496,抵抗力，是个比较抽象的概念；你心情不好的时候，抵抗力就会差些……,2329.185,1707388662,ae0ac0c3
1512515443531734272,在圣经里有一些奇妙的描述，用身体必须人，用人必须身体。与这段类似,2500.145,1707397091,74b8ee47
1512549070609536000,针灸,2458.17,1707401100,9c484b9d
1512896328530001152,缓解没有用，不满意，要治愈。因为可能欺骗身体,2509.863,1707442496,1c12d50
1514036594607452672,不太正确，人的思维本身拥有更高维度，只是身体在目前空间最高只能是三维,2237.494,1707578426,4f1113dd
1514062225051420928,心理健康与身体健康确实关联很深,2304.737,1707581482,2e37a580
1515215889161593600,有听过得了癌症然后全世界旅游最后癌症反而痊愈的例子，也许就是脱离了致癌环境加上好的精神状态的结果,2221.041,1707719009,2562f491
1515795323803729664,这个真实体验，真的是这样,2292.632,1707788083,776bda24
1516057247812173568,经脉,2467.808,1707819307,82e8dd71
1516098734025386240,难道不是靠免疫系统吗,2217.268,1707824252,57df44d5
1516612670131155712,其实西医也有很玄的东西，比如免疫力，什么时候叫免疫力好，根本没有具体的概念,2352.269,1707885518,6697a20f
1516991386145065216,高维世界的VR游戏,2242.624,1707930665,48d70840
1517344831318743040,用人参、黄芪,2224.338,1707972799,16f2bbca
1517347802605385216,精神意识=软件信息，身体物质=下载3D打印,2410.515,1707973153,16f2bbca
1517582444402952449,卧槽，这就是天赋异禀,2209.346,1708001125,88fbb66
1518174427320574720,不是西医是现代医学,2493.541,1708071694,3c60f134
1519730201108750592,科学是方法，为何要不相信呢？,2430.059,1708257157,71375078
1520622084756373248,他修炼了,2190.139,1708363478,5b4e526d
1520623330330361344,自己！有个外国医生实验过，靠强烈的心理暗示治好了牛皮癣,2265.456,1708363626,5b4e526d
1520908359560115456,气伤则痛，形伤则肿。气比血先行六寸。,2463.567,1708397605,a0cafc8b
1520963744061128704,前面那个，火子哥直呼内行,2236.008,1708404207,80f2eb12
1520976130982018816,迷迷糊糊的是玄学 不解的神学 懂得科学,2164.245,1708405683,6c47009f
1521541107815769088,这算啥异端啊，打坐在基督教里又不是没有，很少有人修到那么深而已,2197.052,1708473034,2bc7f25d
1521544602920772096,万一西医本来继承的是黄帝外径那乐子就大了，岐伯万一就是那个希波克拉底岂不更可怕，很好奇当年恩基作为蛇族老大到底传了什么功法和理论下来,2474.618,1708473451,2bc7f25d
1523114759841384448,先生大义,2220.415,1708660628,db9cfae7
1523126538688596992,橙汁还是纯水,2313.98,1708662032,caf65355
1523127209450338816,地上对应马斯洛需求前两层，天对应后三层,2330.991,1708662112,caf65355
1525636257588286464,按摩！！！！,2448.508,1708961214,c53b682b
1528241822726842368,信念生物学,2263.622,1709271821,67438bf5
1529109935458407680,因为不到的时候没惊喜 你记不住 只有曹操到了 有惊喜 你记住了,2178.542,1709375309,b2446d3b
1529110732233364480,你意识紧张了 身体一系列物理化学反应 给你留下了太多应力,2273.522,1709375404,b2446d3b
1529112483883823616,但你的意识会干扰这种修复运动 天长日久 应力积累 你修复不了,2482.358,1709375612,b2446d3b
1534725077554193920,疗愈我们的，永远是自己的内在,2271.099,1710044686,62081682
1539356874623708928,睡的好，第二天精神抖擞心情自然就好，所以认为自己健康，重点在开心快乐,2335.221,1710596839,bfc60bba
1548194627050484736,那这个流行性病毒怎么解释呢,2357.649,1711650381,1d7ce053
1548737409313900288,针灸和点穴！,2457.962,1711715086,cc4815cd
1548993516074816768,针灸穴位？,2464.159,1711745616,6a29f185
1550050407584231168,把他理解成状态就行了，科学也是一种状态。,2376.561,1711871607,ccb411bd
1551006195068880640,我曾把气壁离体外，，还发出了影响世界的声音噗噗,2375.778,1711985546,f522bbb6
1555121621273371136,因为电的手疼,2473.939,1712476143,ea11837c
1565496225019493120,西医无法治疗检测不出原因的病症，但中医却能从不同角度解释并治愈,2218.107,1713712892,db9fdcf0
1571601289748546816,分形，局部是整体和自己的可变参数，万花筒,2504.482,1714440673,21037bc0
1573351739003034624,爽,2252.579,1714649343,336113a1
1573352303841283328,三魂七魄,2315.899,1714649410,336113a1
1573352830830809344,穴位,2374.619,1714649473,336113a1
1573353742068092672,任督二脉,2456.859,1714649581,336113a1
1578362787087190528,天魔入侵意识,2212.663,1715246706,d607362e
1579291454101486848,吸引力法则,2176.759,1715357412,ee107ec5
1580492236670840064,针灸,2507.608,1715500556,cfe44174
1582387350733290240,nonono，是玄学,2264.528,1715726471,19d5eff4
1590230282005697024,描述的很准确啊,2206.25,1716661422,32e70d68
1590232687867065344,这类人的意识程度较高,2296.406,1716661708,32e70d68
1590234558584909056,针灸的原理,2452.39,1716661931,32e70d68
1605835904344478464,足疗必须入医保,2518.927,1718521757,9969ad27
1626647873456418816,双系统是吧,2310.978,1721002737,8dd59655
1629547859357964288,在陕西上学时，跑遍各大医院一年都治不好的过敏，被一个小镇的中医14副中药治好了,2341.119,1721348442,29760c94
1650116862052451072,先天体质差,2285.144,1723800458,2562f491
1650261338385420800,阿赖耶识,2391.787,1723817681,a2dbbf2a
1682133631210146048,？？,2169.502,1727617155,46c0c30d
1682136044864119808,……这个所谓“先兆”用中医更好解释,2414.885,1727617442,46c0c30d
1784896564435635712,手术治不了疾病，只是切掉病坏的组织，最终战胜疾病还是靠自身免疫力,2269.278,1739867451,9cb0fde9
1786987271728803072,为什么那么多人总认为一切理所当然呢？你身体有问题，你第一想法是啥？,2446.361,1740116683,5486f4a0
1830415254694682880,这个就像很多人挠痒痒明明挠左手结果连带着身上一个地方也痒痒,2511.665,1745293702,16af4bf5
1862541813677282816,真相：活得百岁以上的人体内不是没有癌症，而是没有去过度处理，或者根本不知道。,2259.253,1749123486,fa202f09
1903035108337248768,嗯嗯，所以说科学一点是优于玄学的，所谓玄学，就是你没办法证明真，所谓科学是你要想办法证伪。恕我无才，看不出孰高孰低。,2433.468,1753950663,bd550466
,,0.0,1775655591.4716349,
lb.c,,0.0,1775655591.4716349,
,,0.0,1775655591.4716349,
1510952832432415488,经络,2577.363,1707210813,da322836
1510991273237134336,此处需要二舅,2787.883,1707215396,e61716b0
1511219917113070592,逐渐忘记标题,2540.273,1707242652,cd48e03d
1511241564939450880,也有观点认为量子坍缩是应为受到了外界的干扰，干扰源和意识没关系，比如一个光子,2647.722,1707245233,ad5cbc3e
1511250899723715072,质的变幻,2604.981,1707246346,99d607ef
1511251694502139648,有时候分不清是意识还是欲望或是意志,2699.741,1707246440,99d607ef
1511252858329573632,锻刀赛，奥德彪,2838.509,1707246579,99d607ef
1511489279375808768,集体潜意识是不是就是宗教里面的神,2696.952,1707274763,7a0bddcc
1511539839638453248,问题是双缝实验并不是意识干涉物质，只是对应的观测行为导致了结果不同，就像人眼观测万物只是万物把光反射进人眼而已,2598.026,1707280790,2b0a5cad
1511543098244037120,内观,2829.376,1707281178,2bd59f90
1511563184681708288,是承合,2523.182,1707283573,b98c9fb3
1511573785415964416,心理作用确实在起作用....现有科学体系认知下，确实离谱了,2616.921,1707284837,933259ff
1511574982160060416,看到这想起了我朋友总说的“有些东西的意思，只有在特定的语言下，才能不变形的完整表达出来，翻译成别的语言，就不是原本的东西了”，虽然他调侃的是网络河蟹,2683.356,1707284979,933259ff
1511633916526979840,进击的巨人-路,2675.093,1707292005,50d5c8b
1511780150743128320,催化剂是参与反应的,2548.702,1707309437,1eda1f81
1511852761502107648,这里可能指：被屠宰分割后的牛肉块的肌肉还能正常颤动,2847.467,1707318093,16cebda2
1512029021372691200,低于标准线的拉上去高于标准线的误导下去结局早已注定,2860.137,1707339105,3b533936
1512214670243791360,炼神返虚、,2769.67,1707361236,749823ac
1512214775856221440,炼虚合道,2782.265,1707361249,749823ac
1512247837205778176,或许养生主本来就是一个词，他有一个单独的意思,2728.225,1707365190,4000cde6
1512265698607546368,都对，文言文言简意赅,2710.272,1707367319,6df0c1d6
1512897040949031168,假说不能验证，就有点伪科学了,2559.982,1707442581,1c12d50
1512988025402061568,“名可名，非恒名”,2630.507,1707453427,bf7bf192
1514006800888858368,经脉,2527.311,1707574875,92e7c78e
1514008915740832768,催化剂很多种类的，有参与后还原型的，也有不参反应与只影响的,2559.507,1707575127,92e7c78e
1514065585376442880,不是推向玄学，而是曾经以为是玄学的现象有了能以科学理解的可能,2635.15,1707581882,2e37a580
1514637225634528256,庖丁·：舍不得刀,2834.589,1707650027,c4510bcb
1514643111123638016,维特斯根坦：语言的边界...,2698.257,1707650729,608c8027
1515917648968501760,玄之又玄众妙之门,2657.089,1707802665,38e0cfa7
1517587125145587968,要是长期催眠自己会怎么样,2725.298,1708001683,88fbb66
1517675852157326336,读金刚经,2672.59,1708012260,a9fcc626
1519780859342057216,感受到过，甚至知道是什么。但是害怕接触。,2665.365,1708263196,58acec7
1520469782808481536,道可道非常道,2629.481,1708345322,d762be28
1520627791895512064,我更赞同三个分开,2718.688,1708364158,5b4e526d
1521023430105978880,哈哈哈，前面的,2563.92,1708411322,b553b98a
1521547084388373504,克苏鲁了起来,2745.87,1708473746,2bc7f25d
1522708604589951232,是哪个意识在观测,2595.771,1708612210,164ded48
1523734953245245696,哈哈前面的，你是真信教科书上说的呀，参与反应本身就存在问题，能量一定会变的，也就是量,2552.856,1708734561,d8b5495b
1524372883437014528,人体有按钮，按下去就能触发某种联动,2562.916,1708810608,3e145f2f
1527738967150391040,性命双修,2796.143,1709211876,70a57111
1529115662369318912,都是要么一念正确的引起于正确的道路上让身体有序 要么就是无思像睡觉一样,2861.229,1709375991,b2446d3b
1530385645233783040,还有物理学,2572.795,1709527385,5ebf297f
1530387079006374400,练气,2743.662,1709527556,5ebf297f
1530388143193323264,"蚯蚓,壁虎断尾求生",2870.574,1709527683,5ebf297f
1532534714815294208,所有宗教的最高层都完整的说明了只是你不懂,2675.576,1709783574,a5469906
1534890321371221248,催化剂就是相信的力量,2561.12,1710064384,62081682
1547839603913129984,汉尼拔：庖丁解人？,2866.091,1711608059,2924f963
1565343465338884096,我悟了！随心所欲！想睡就睡，不行起床就不起床！工作爱谁干谁干，老子不爽，啥也不干,2865.521,1713694682,a097799c
1572567091251712256,养生=主；逍遥=游,2769.161,1714555805,372c8582
1590239059560099584,名可名，非恒名也,2630.965,1716662468,32e70d68
1590239493980714240,人的天赋差异,2665.61,1716662520,32e70d68
1590240603575560448,易经中的物极必反,2765.451,1716662652,32e70d68
1592060581706304768,啊，这个真没想到，有实证吗？,2560.711,1716879610,f9c33a0
1592061687744197376,大家好，我是新生代科玄家,2643.455,1716879742,f9c33a0
1594314014312289536,黄帝内经,2534.97,1717148240,10d4dc90
1616707099876686080,文惠君：解压短视频——庖丁解牛,2805.71,1719817704,67bcbd29
1626675886122125312,又回来了,2591.958,1721006076,5633d2a9
1631438955083855104,突然想起标题,2585.702,1721573878,21c7b3eb
1651791865642563072,有谁知道现在的背景音乐是什么吗？求求告诉我。,2643.134,1724000134,5f181478
1651794047494518272,AI识片酱,2699.113,1724000394,5f181478
1786991413704718848,分不清欲望意识的，修炼就是种方法,2714.281,1740117176,5486f4a0
1831179479373324544,早期解压小视频,2816.9,1745384804,b710be43
1831457109842711808,学音乐的人有体会，学音乐之前都是完整的听歌，学完以后现在都会无意中注意各个声部，很难完整的听了,2843.746,1745417900,dfe4b0fd
1862545145472995072,意识是其中一部分原因吧,2613.311,1749123883,fa202f09
2024269125094457856,我觉得是倒过来读,2729.341,1768402884,69b55d6
,,0.0,1775655591.4716349,
lb.c,,0.0,1775655591.4716349,
,,0.0,1775655591.4716349,
1510957622461777920,天魂,3128.676,1707211384,da322836
1511218571445973248,一个人不行的 量变才能引起质变,3198.341,1707242492,d42c8ad
1511230160643446528,阿卡西记录呗~,3238.541,1707243873,cd48e03d
1511530686627303424,NPC的集体AI啊,3237.649,1707279699,f170be36
1511568884010922240,是梦与愿望,3125.115,1707284252,b98c9fb3
1511570884618528512,是通灵的梦境,3206.23,1707284491,b98c9fb3
1511822907737834496,庄子：原来我时这么想的啊！,3134.221,1707314534,bda1f123
1512251072759342080,突然失去或者将情感带入了,3070.429,1707365576,4000cde6
1512252022500783360,灵光一闪，突然想到,3150.493,1707365689,4000cde6
1512252635288549376,其实是循序渐进，早有征兆，但大多数人无法察觉,3191.345,1707365762,4000cde6
1512253239452826112,那之前的猴子们为什么会开始蘸着海水吃呢,3230.319,1707365834,4000cde6
1512774213281604608,卧槽。混沌理论系统！！！！,3153.81,1707427939,8ed0c3de
1514016509931098624,你猜第一个发现螃蟹能吃的，到底怎么发现的？猴子又不傻,3209.326,1707576032,92e7c78e
1514073298105808384,迷因，或者说信息木马,3180.678,1707582802,2e37a580
1514583535271749888,第一只猴子受到启发后并做出的行动，是对猴子这个集体意识里编入了规则，从而改变了集体,3218.418,1707643627,c665640
1514639174123334656,自性,3026.532,1707650259,c4510bcb
1514640437590583296,更高的维度,3120.485,1707650410,81689b77
1514641035211329792,猴子阿卡西,3230.978,1707650481,c4510bcb
1514698547189152000,这里已经看不懂了。。。,2926.085,1707657337,9ffb6953
1514744780003978496,到这里就已经是我的认知极限了,2941.535,1707662849,9dd3ff7c
1514824981765295104,这BGM,2972.822,1707672409,e2780229
1515242570916536832,之前的是跟科学家学的,3233.369,1707722190,2562f491
1516890290877783552,火之意志,3111.925,1707918613,88702550
1518665084443254784,哎呦，不听了bgm太诡异,3049.544,1708130185,be292ef8
1518807268521512192,相信后人的智慧,3102.257,1708147135,f9adf723
1520316968576921600,应该是王浩，,3176.635,1708327105,3c73699e
1522419705653141504,形神俱秒，与道合真,3022.407,1708577771,be610f50
1523014509801892096,集体潜意识,3111.359,1708648677,1d21615c
1525945910948258816,传火,3093.569,1708998127,d2dd72c0
1526325358331251200,这里的理解就是形是个容器，而神就是被这个容器盛着的,2938.91,1709043361,f635abf2
1527744800521370112,薪火相传,3096.725,1709212572,70a57111
1527758035026471424,神能入石，神能飞形,2920.882,1709214149,62568114
1528889413248482048,传火黑魂,3116.323,1709349020,6f32af52
1530108341492489472,好困啊,3034.209,1709494328,5804464b
1534893210164506624,超体,2897.908,1710064729,62081682
1537580659072350720,想听妖怪篇,3181.802,1710385097,91e0a9c8
1544285120998244864,蝴蝶效应,3176.236,1711184332,384ddeeb
1544357386121272832,不会是共同意识吧,3095.67,1711192946,5783e517
1575480378784163840,信上帝,3134.598,1714903096,a388be22
1579708203527511552,问法官啊,3179.339,1715407092,36b4895d
1579948250130296320,精神,3090.485,1715435708,9b4ce596
1581621475461416704,这种背景音是什么，太喜欢了,3108.623,1715635172,de41b98e
1592064944445303808,你这CPU架构该优化了,2936.602,1716880130,f9c33a0
1592066053209484544,你也许不能创造自己，但至少可以改造自己，能不能创造也不一定,2998.077,1716880263,f9c33a0
1592067141253920768,我在乎的这一个失去了，我还不能难过？,3084.918,1716880392,f9c33a0
1596308833918038528,我还是会扶的,3164.151,1717386041,50e7d22
1606223054693128192,胖猫,3160.501,1718567909,daf8c946
1623418737971474432,昆山龙哥,3189.659,1720617794,db4ca287
1631442855685806336,大圣灵,3123.419,1721574343,21c7b3eb
1786995063336434432,如果潜意识是真的，那么人类身体的共生微观生物的集体潜意识是不是就是人类意识的温床？,3025.581,1740117611,5486f4a0
1806748969587135744,陀，你不是一个合格的科学家，但是，你是一个好心理医生！！！！,3076.512,1742472461,e9102dea
1916164431202230528,进击的巨人。,3222.153,1755515800,a8280c73
,,0.0,1775655591.4716349,
lb.c,,0.0,1775655591.4716349,
,,0.0,1775655591.4716349,
1510971530572945408,病毒也是,3260.161,1707213042,68adfe97
1510983347998903808,所以为什么说公众人物说话和行为是有影响力的。。,3271.184,1707214451,5344860d
1511047425832659456,虚空终端,3240.373,1707222090,8327211f
1511152281444385536,这个进度条够带劲,3267.0,1707234589,c82172ab
1511578410852420352,吃过,3323.709,1707285388,b98c9fb3
1511680385774603008,呜呜呜呜呜,3381.092,1707297544,350b71bd
1511864251613163520,好赞！！！已三连！！,3375.957,1707319463,a151a368
1511912731333112064,尼古拉特斯拉,3242.059,1707325242,e77b4efc
1512209128251316224,国之大事，唯戎唯祭,3343.927,1707360575,3d3ac38c
1512361484406102784,我说：看过这个视频的人都很快财富自由,3374.202,1707378738,c811e88f
1512905877231943168,如果可以，我请求我父亲的病症可以通过中医治好，不需要手术化疗,3385.38,1707443634,96c0ea62
1514017550168926720,这个叫榜样~,3263.867,1707576156,92e7c78e
1514052802664623104,巨人里也是这麽说的,3250.246,1707580358,8b405922
1514074494271267840,榜样,3250.657,1707582944,2e37a580
1514426217699705088,"随众生心,应所知量,循业发现",3338.047,1707624873,552666d8
1514467136347857152,传播学,3252.723,1707629751,fdae21aa
1514585089571321600,本质如up所讲，表观来看，是个体与其他体的互相影响,3257.288,1707643812,c665640
1514586357778151424,意识能向上编辑规则，从而让其他个体受到影响。,3375.288,1707643963,c665640
1515244400329096192,终于回到标题,3352.533,1707722408,2562f491
1515245365908168192,会，我赞美一个人，对方就会开心,3371.569,1707722523,2562f491
1515327875191339520,每个生物，即使不是生物也都有自己的编码程序，找到合适的接口，输入各种形式的命令就会产生各种光怪陆离的结果。。。,3381.143,1707732359,1ffbc1b5
1515820269367795712,言出法随,3371.896,1707791057,776bda24
1516768920881824512,我很有钱我会很有钱,3387.47,1707904145,70fd3c54
1516954469592933632,但是呢，很可惜，天地不仁以万物为刍狗，物质宇宙也不会因人的想法而转动,3336.001,1707926264,8384b083
1517633712840660224,真的已经三连了，你已经言出法随了,3390.09,1708007236,1733fcea
1518174832104131072,闭口禅开口定乾坤,3371.615,1708071743,8efd754e
1522714113464572160,阿卡西记录,3252.427,1708612867,164ded48
1522755371783948800,相信相信的力量,3370.14,1708617786,e361d6e7
1523774884663086848,不是八级大狂风吗？,3328.519,1708739321,66fc55c1
1525948176568456704,其实我也觉得我能影响天气,3349.825,1708998398,d2dd72c0
1526329365493732096,拉马努金,3246.818,1709043839,f635abf2
1527761067525454080,君子之德风，小人之德草,3264.903,1709214511,62568114
1528252348273969408,←前面发这个弹幕的，回旋镖在等着你,3334.468,1709273076,67438bf5
1528302863489519616,董仲舒的天人感应。。。,3335.263,1709279098,eb692ff6
1529666599341484032,岛上没有番薯，科学家带的,3240.346,1709441668,3c7337bc
1529668256988820992,首先得找到输入代码的入口,3366.077,1709441866,3c7337bc
1531277046981185792,原神，拯救世界,3377.201,1709633648,7039cd78
1532749734215975936,能影响天气？那不是萧敬腾吗？,3335.762,1709809206,a48a250c
1548578720279697920,关键小人物,3375.09,1711696169,c2ebb559
1561767342860648960,上传到云平台了，全人类的意识都在训练同一个AI模型,3240.735,1713268375,43544b2e
1579709736914476800,人定胜天,3362.094,1715407275,36b4895d
1592069102250627584,反正预知梦我确实做过,3243.288,1716880626,f9c33a0
1592069806364986880,罪己诏？,3318.523,1716880710,f9c33a0
1592070266757056768,所以萧雨神是怎么影响天气的？,3344.159,1716880765,f9c33a0
1606399670735766016,同样适用于所有宗教、政治,3277.292,1718588963,726a651a
1608730598024060416,终于绕回来了，哈哈づ♡ど,3350.983,1718866831,92bbae6d
1837860283956193536,刚开始说什么来着？咒语,3369.517,1746181218,eb39c167
1862551286277790976,媒体,3273.964,1749124615,fa202f09
1916166274984708352,等等，这不是董仲舒的天人感应吗？,3313.709,1755516020,a8280c73
1916166598281445376,这不是天人感应吗？,3285.004,1755516058,a8280c73
,,0.0,1775655591.4716349,
lb.c,,0.0,1775655591.4716349,
,,0.0,1775655591.4716349,
1510893569358271232,第一第一,1.699,1707203748,cde4d87e
1510899902287393024,因为翻译的过程信息会有误差,326.337,1707204503,18041a7d
1510909908177375488,大吹法螺，大敲法鼓,139.426,1707205696,6701cdaf
1510910844496804096,咒语：钵钵鸡 钵啊钵钵鸡 一元一串的钵钵鸡,264.042,1707205808,a2d527c6
1510919025335687680,角度新奇，有想法，尚,30.832,1707206783,68222e04
1510930940716041728,占座,18.899,1707208203,520a78cf
1510950755354440448,临兵斗者皆烈阵在前,56.422,1707210566,7ab67633
1510958798544962048,传播的都是怎么分红，知识垄断和解释权垄断是宗教发展的重要手段,322.894,1707211524,68222e04
1511034478041378304,如果宗教失去神秘性，被彻底解构，那会彻底沦为娱乐产品，甚至被遗忘,316.877,1707220546,9f3bfdff
1511181262969388544,好家伙，这时长老夫相当满意,4.106,1707238044,cd48e03d
1511182539002482176,阿达瓦卡达哇,80.78,1707238196,c5b1b916
1511222906066129664,更新了,2.219,1707243008,2d45ce45
1511226942186302720,八利三藏,254.169,1707243490,925a8e
1511242451145711872,是临兵斗者皆阵组前行,60.751,1707245338,56542bc
1511243862948012288,呃稍微做个思想实验就知道了吧，两人用同一个咒语博弈，宇宙会让谁的生效？,48.369,1707245507,61765872
1511247346108166144,保持神秘性,324.439,1707245922,9ba24f69
1511269600958901504,起源于远古的傩戏吧，只是语言到后面音调之类的变了,229.695,1707248575,9a4d5722
1511286993429352448,傩戏？,195.086,1707250648,40e8b606
1511371366191285504,一本老书，魔界英雄传,56.191,1707260706,d7472b31
1511371955406711296,宗教、民俗需要权威啊，和普通人分开,332.559,1707260777,a03619e9
1511443430792994816,读作频率,50.419,1707269297,f170be36
1511449130046897920,ai是语音是ai服务人。所以按这个逻辑理解 咒语就是人服务神，而不是神服务人。,39.02,1707269976,c9088b35
1511456406702981888,欢乐豆效应,18.499,1707270844,9a409ed0
1511458951899097600,唵蓝净法界，乾元亨利贞,57.505,1707271147,935d4258
1511460489002457856,嘛哩嘛哩哄,115.187,1707271331,f79d57f0
1511461124523224064,巴啦啦小魔仙沙拉沙罗全身变~,122.181,1707271406,f79d57f0
1511464619930060288,大威天龙，般若妈妈哄！,123.144,1707271823,2694a6a3
1511484128527372544,盂兰神功,201.216,1707274149,b5a2bfa6
1511493372387584768,酆都,186.259,1707275251,aef8af5a
1511501312163094528,六字大明咒,65.699,1707276197,3c847720
1511518557304159744,但是指定语言可以掌握解释权，你传播了但是不听我的，那有什么用,321.567,1707278253,5eea56d8
1511520194298916352,惠州人冒头,133.131,1707278448,f388d0d7
1511530496667056128,奇术师,38.359,1707279676,9f798b2
1511539736383475456,背景音乐很好听,238.293,1707280778,e98af137
1511542792294497792,电的载，言的流音的体！！！~,92.155,1707281142,b98c9fb3
1511568683934632192,太平歌词,176.762,1707284228,dccf1241
1511634527880466688,嗯，用山东话来读论语对吧？！,303.511,1707292078,d9096a03
1511682304282562304,细思极恐,65.85,1707297773,e7a6fc0
1511691840704061440,这根本不是悖论，宗教信仰可以共享，但宗教解释权不能，用这些与众生不同的语言是刻意为之,314.645,1707298910,10fe7ea0
1511767484339176448,你要弄清楚什么是咒 在从你的语来研究,107.255,1707307927,c04d39b0
1511770286520144384,但咒语往往需要支付代价,42.49,1707308261,3e66d107
1511813234556941056,普罗米修斯！！！,263.753,1707313381,a151a368
1511845043487872768,我们称为：指令【狗头】,102.28,1707317173,8872ac8b
1511858711323561472,一切都会好起来的,9.076,1707318802,f57b51b5
1511865453088102912,其实就是呼出控制台输入权限内的命令而已,68.929,1707319606,de100637
1511902250002346752,日落西山呐～～～～～ 日落西山黑了天,180.056,1707323993,fe023968
1511930684984525312,殄文,153.507,1707327382,4024beb
1511982163430892032,涟漪到一定程度要么忽视要么被摧毁,76.168,1707333519,3b533936
1512199663267418368,异世界舅舅？,279.895,1707359447,668f1692
1512239974622197504,说不定咒语就是神鬼的语言,29.139,1707364253,cfd7ca0d
1512317236235702272,老法师啦。,154.589,1707373463,ac63fe8e
1512342985545859840,往生咒的话历史不会超过两千年,99.669,1707376532,ec1e650d
1512350557044727040,就连网庙上吹的不靠神仙的道教也是不受箓不拜师无法入道,325.259,1707377435,ec1e650d
1512385944664624896,真语音系统？,300.179,1707381653,85182cf1
1512396870666703616,是的，在河南搭台唱戏，只要开始了，哪怕没人看了，也要唱结束，因为还有鬼神要看,200.4,1707382956,e490b69f
1512401437198811648,前排提醒，这视频不是讲神秘学和民俗，也不是讲符号学人类学的，纯纯的地摊文未解之谜系列,0.0,1707383500,ec1e650d
1512411536671438080,配的视频太烂，为什么不用倩女幽魂里的夺命梵音？？！,65.249,1707384704,df179fd2
1512412001694205696,古代佛经没有文字，都是口口相传。分组背诵互为备份，防止荒腔走板。,130.443,1707384760,218bc651
1512413195863024640,戏曲规矩：一旦开唱就必须唱完，就算没有人听，也会有鬼神在听。,187.237,1707384902,218bc651
1512470663531772416,商博良也不能翻译吗？,254.691,1707391753,2192b47c
1512575622239711744,汽车人变形出发!,34.061,1707404265,1c876ed5
1512675556465262080,爷爷，你关注的up主更新了,0.053,1707416178,e6b1cced
1512800259246878720,雅语？,188.839,1707431044,22a12544
1512835991520727552,加油加油加油,49.519,1707435303,e2e36116
1512878834314398720,急急如律令,116.139,1707440411,ac66a05
1513407398424177664,咒语是古代文明在集体潜意识上构造的系统操作语言 辅助你用神识力共振现实,50.326,1707503420,bb2b695c
1513519125832521216,我知道了，来念，大威天龙,271.527,1707516739,8471b486
1513825907696042240,世界的本质就是震动,35.041,1707553310,97783db7
1513854484185655040,吃葡萄不吐葡萄皮,140.116,1707556717,d2d434c9
1513867228041500928,咒语很管用的，楞严咒大悲咒超管用，,79.791,1707558236,92141b11
1513869470635296768,楞严咒很厉害,124.271,1707558504,92141b11
1513869954716362240,太极腔,181.873,1707558561,92141b11
1513870167694691072,符合太极转动的腔调,207.251,1707558587,92141b11
1513875250914631936,哈嘛噼,256.295,1707559193,697c73c5
1514040566067789056,失传的语言,231.848,1707578900,2e37a580
1514042597747022336,传播的不是教义，而是以神秘把控对神言宗教的释义权，进而掌控教徒思想,318.305,1707579142,2e37a580
1514082080827877632,有句话叫做末法时代，咒语可能就是可以震动那些魔法元素的发音。越大的法术就是需要越多的魔法元素加入,159.257,1707583849,1d9e85c9
1514199858108791040,背景这个场景和美女好美好精致,97.689,1707597889,543b1b52
1514355957059465728,言灵,83.299,1707616497,b1181568
1514357118193747456,包饺砸！,221.677,1707616636,b1181568
1515017413597801984,玛卡巴卡,5.733,1707695349,65bbde51
1515075022790625536,港片能作为参考？？？,193.326,1707702217,19d790a7
1515323257966851840,龙族,33.379,1707731809,2a0baa1e
1515352156562250752,天猫精灵。开空调,86.414,1707735254,651def2b
1515858433734178048,不是讲究天人感应吗？我认为因该注重感应。,283.302,1707795606,38b7cd34
1515967506836537344,代码也是咒文←_←,144.937,1707808609,a1427164
1516076378326696448,纳米机器人就是魔法元素,168.409,1707821587,78fb5fc8
1516259650881020928,我认为一定不会是种真正的语言，或者说一定没有规律,11.119,1707843435,c9cb581b
1516599242444146176,这些咒语可能是调整自己能量的一种技巧，但是前提是对自身能量有认知，现在已失传了,121.64,1707883918,be0efab2
1517403587184422144,我知道，同伴加压耗时3防夜袭，是神秘交谈,276.082,1707979803,e63ec77b
1517533032255605248,恐怖的时长,9.17,1707995234,d8d03db0
1518137113181289216,陀螺么,9.807,1708067246,7fb60ea5
1518947474113374464,不算什么新想法，我小学时就在很多科普科幻书籍中见过了,34.415,1708163849,8d99378e
1518975570909053440,这些是谜因或者说是模因,88.047,1708167198,8d99378e
1518988018554381824,索绪尔《普通语言学教程》,207.331,1708168682,8d99378e
1518990509333373696,有没有可能神不需要语言,334.629,1708168979,8d99378e
1519019224050573312,手机便是魔杖,65.464,1708172402,eb2d8318
1519077329471963392,斯人已逝,155.313,1708179329,5ae573e0
1519119575835716352,终于有人说这个了！,14.259,1708184365,852f32d4
1519176036183758848,咒语 密码？,158.411,1708191095,f8fa38dc
1519415599787310080,摩西摩西,333.508,1708219654,a5fd0f2a
1519616248227790080,外星语吗,248.364,1708243573,c67dfee9
1519674270610095104,6++++++,227.168,1708250490,3ed244f1
1519776711493963008,梵文,128.253,1708262702,cac1ea43
1520599627219771648,"Hey, Siri就是一句咒语",52.979,1708360801,62dea387
1520960370053912832,把这个换成语音识别就对味了 哈哈,285.435,1708403805,6c47009f
1521046991315212032,一人之下--巫妖  神格面具,189.927,1708414131,484718e1
1521313780892562432,计算机语言和程序验证,344.643,1708445935,73ad9a4c
1521828578877088256,什么亚空间,274.869,1708507303,3f564a18
1522141123278263296,讲好一个故事,84.475,1708544561,749148d6
1522245180462621696,有没可能是为了所谓神秘感，你不懂就觉得神奇而已，有可能经文只是说你吃了没之类的话,349.408,1708556966,c4f0a743
1522338742013231104,言出法随！,72.482,1708568119,d4df00e7
1522739676061328128,言出法随,96.474,1708615914,9242b9d5
1523493689731924992,南无阿弥陀佛,132.559,1708705800,ed3aa3fa
1523727651624210944,说不定就是外星人教了一半,313.746,1708733690,9accefd7
1524238675792495360,古语或者外语加上误读？,120.786,1708794609,eb9bb181
1524350810652467456,纳米机械可以实现的,73.747,1708807977,3e145f2f
1524871559263616000,这其实和人类的傲慢有关,322.405,1708870055,334b68cd
1524951088132848640,宇宙系统的cmd指令,36.891,1708879535,4506ee92
1525478414050475264,大家不要误会这里，只是为了解释咒语，是一种娱乐的方向。研究的并不是宗教的政治性,325.499,1708942397,b958d312
1525514254814519040,唱诗人,282.422,1708946670,b6955852
1525986563543289088,失落的史前科技？！,42.619,1709002974,ea787008
1525990164084938496,有没有一种可能翻译后会失真？知其意，却不能知其境,315.411,1709003403,ea787008
1526707221625564160,已经关闭了，神远古的时候为了调试留的GM接口而已,51.784,1709088883,ac9c7a53
1527043400309016064,真名,289.935,1709128958,f2719655
1527406274621540096,遇事不决，外星语言,254.434,1709172216,b5f326f3
1527518713752931072,阿瓦达啃大瓜！！！！,75.721,1709185620,acc807f1
1529578567409916928,惊！晴雅集？！,29.392,1709431174,43bd4e89
1529581902888364032,一种保持自我文化的方式而已,313.873,1709431571,662e91a1
1530203757764441344,神秘主义,333.339,1709505702,961f4073
1531427263931784704,菠萝菠萝蜜~~~,139.178,1709651556,d798ad0c
1531911304212702464,？？巴利三藏是原始佛教语言，记录不应该是原始佛经么？怎么会翻译不出来,245.83,1709709258,1b499427
1532035581700394752,梵文,233.951,1709724073,180c64e8
1533269809557922048,我们所有的念想都是咒语,70.357,1709871204,62081682
1542529958940243200,是的，有的看似是梗，其实有些力量在的,90.778,1710975100,32e70d68
1543111050709208832,桐人：system call,56.917,1711044372,1fa48e31
1544947092043549440,想起句话，科学的尽头是玄学,207.987,1711263245,3e3a2c80
1547095614930966784,其他语种的经文怎么呢,303.683,1711519369,e6a80cdd
1547958184134834176,这里还有个悖论，当一个种族发展了一个宗教。那么肯定是这个种族的宝贝,330.11,1711622195,e32b7191
1548159716230860800,这不是维护正统核心地位的需要吗？,316.706,1711646219,41484aff
1548278444176366080,怎么证明或者证伪,44.389,1711660373,aa9228fe
1548340582077118976,表音文字,253.179,1711667780,26c06ef
1548341319083226368,为了最终解释权,332.879,1711667868,26c06ef
1548698437929915648,拉莱耶语,233.375,1711710440,cc4815cd
1549523100742364416,伊卜拉沙~,235.001,1711808747,145aa409
1555920021157790720,我也会：“小爱同学，帮我开灯”,47.483,1712571320,a7828a4c
1578907644843075328,就是高维能量语，链接你和你的原神,77.328,1715311658,89a93e3c
1579045791392150016,是高哥特语和低哥特语的意思吗？,256.159,1715328126,efbe4fb1
1579600572553052928,一陀翔,19.0,1715394262,c2ffcf2b
1593186662605772544,想让咒语变成真，你必须从相反视角观测咒语的实施～,6.368,1717013850,d9f65bf6
1595352854670238464,古神语,279.125,1717272080,548c6421
1613232999364002560,以前人少,319.025,1719403559,e64c5464
1625946687002524416,宇宙的代码,40.819,1720919149,3d151d8e
1639155093452823296,小孩子灵性高,163.464,1722493714,3b877167
1657286574037113856,科仪 密咒,211.368,1724655155,257a1ebb
1671812029079470592,宇宙编程语言,348.506,1726386724,67547af9
1685437688540383232,还有宇宙语,256.42,1728011029,f2f5aee3
1693835141027384576,巫在古代是指可以沟通天地的人,173.132,1729012083,76537ad9
1710183110169744896,没错，只要戏台子搭起来，没人也要唱，因为有鬼神也再看,183.934,1730960913,9820c3cc
,,0.0,1775655591.4716349,
lb.c,,0.0,1775655591.4716349,
,,0.0,1775655591.4716349,
1510900560373553408,撞到真空容器壁之后能量引起了容器壁的形变和内能增加，也就是做了功,659.79,1707204582,b9f37c81
1510900651868260864,现象难道不是人规定出来的吗？,458.885,1707204593,b7253f15
1511025437420547840,这里bgm有人知道吗,518.722,1707219468,9039f3b4
1511030251256490240,这个有解释,449.298,1707220042,1555eca4
1511042247267934720,达摩是真实的历史人物啊，有记载的,360.85,1707221472,3d58d951
1511091314459339776,光音天,449.444,1707227322,4404adee
1511091935325041920,光音天,447.529,1707227396,4404adee
1511092919216725760,阿凡达团建,389.076,1707227513,165e8d50
1511105664078934784,真空中应该是没有物质媒介来共振,579.255,1707229032,ff133554
1511151090589253376,那么问题来了，神无所不能，为啥不啥语言都懂,402.783,1707234447,4653de3d
1511177058464783872,这个逻辑有问题，就算耶稣真的复活了，那后世的人都没见过又凭什么相信，那没见过的后人可以相信，没见过的前人就也可以相信,385.196,1707237543,a002bc65
1511180170973705728,阵法？,686.459,1707237914,6d8b995d
1511196360635076352,吊在板上的原因,581.869,1707239844,8e8a9411
1511282684226246912,相信神存在≠神真的存在。,394.928,1707250135,be6a4a57
1511337549380404736,相信相信的力量,406.35,1707256675,d23c6e91
1511344816028825856,这个应该是心理学。,421.01,1707257541,86ff93e9
1511444496154427392,啊，竟然有文献？,539.327,1707269424,57b0d9a5
1511492257423854848,是催眠学，不是心理学，在很多时候是超心理学的概念,516.282,1707275118,2a863fc8
1511508387635012608,现象不是人规定的，是人发现归纳总结的，无法复现没找到规律的就是神秘,468.904,1707277041,3e818a27
1511522047493633792,"祝由术算不算,听说确实有一定效果",428.512,1707278669,f0e5ceae
1511531083693425920,共振就是功放,624.337,1707279746,3291c759
1511536718556469248,可以理解为神灵C语言,509.384,1707280418,25a3a2fb
1511545975553024768,遇事不决，量子力学,497.303,1707281521,18d3d9b6
1511604753430393344,好像臭名昭著的水知道答案也提过类似的理论吧,656.368,1707288528,c0dcfb2c
1511628251397654528,耶稣也是真实的历史人物啊,364.559,1707291329,be83c184
1511695680824204032,曼陀罗,630.593,1707299368,2b4097c
1511698937155826944,声音不是消耗了能量才出现的？,477.243,1707299756,e274e0d6
1511868531464402176,灵能科技会引发亚空间天灾,434.039,1707319973,de100637
1511906428947239424,这种事是完全有可能的 但是距离神学 十亿八千万光年,522.151,1707324491,fe023968
1511907011250652928,真空不空 朋友,583.404,1707324560,fe023968
1511986773247507200,别迷信了，就算法翻译成同样的语言也是近似意和本意肯定有区别的，声音也分很多种，人与人听到也会有差别，这方面确实大家都不懂就看谁在那装，相信科学，拒绝迷信,411.888,1707334069,3b533936
1511992122906106624,只要别傲慢就很难迷信,487.448,1707334706,3b533936
1512399397458329600,逸散成熵了,482.04,1707383257,e490b69f
1512416070420826624,全国无论南北，都有一种去除喉咙鱼刺的祝由术。无法用现代理论解释，但真管用。,424.813,1707385245,218bc651
1512417522790590464,压点效应会产生电磁波，另一块同规格压电材料能够接收同频电磁辐射。,532.909,1707385418,218bc651
1512553623576776704,这太扯了,499.588,1707401642,3ff15c6
1512961307039537152,听音识曲,557.452,1707450242,3b054801
1513120392393488640,曼陀罗 荷鲁斯,627.43,1707469206,cb704783
1513607207155996928,祝由术,431.192,1707527239,4c09d4ff
1513712709210978816,千里传音,544.654,1707539816,51e24fc0
1514046186527756800,金花,637.486,1707579570,2e37a580
1514414867174400768,扯什么？的布罗伊物质波也是这个差不多的情景,506.264,1707623520,2610031c
1514810229593054464,有时候挺好使的,424.53,1707670651,7abc00a5
1515079558796536832,是语言就能承载,442.446,1707702757,19d790a7
1515889347617151232,言出法随,688.232,1707799292,38e0cfa7
1516074366621033728,有体验，比如快睡着半梦半醒间有时就会听到别人的说话声,510.885,1707821348,87b7cc89
1516142762431414528,巫医:我用的巫药是地塞米松,371.827,1707829501,7885fa40
1517231888501551872,能量在引起介质震动时就损耗了,667.08,1707959335,b02b4760
1519097112141709824,脉轮,632.163,1708181687,b79fb829
1519149031283219968,六字大明咒的“唵”字声波成像出来的就是一个坛城的模样,702.861,1708187876,b4116d28
1520413688194932736,只看结果，不看过程,434.976,1708338635,18f90f29
1521193655723901440,打电话不也是这样吗,543.23,1708431614,1afc700e
1521515294374641152,很多佛世界是以音声形式存在的就是这个意思，佛说法的音声响彻三千大千世界乃至无量无边世界却互不干扰，个人推测原理也是如此甚至更高端,646.222,1708469957,2bc7f25d
1521869830855307520,九龙化骨水,428.984,1708512221,5e5b832e
1522614177301480704,我都不知道我是從哪裡開始聽不懂的,680.949,1708600954,e5b3855e
1523056658296037376,虚拟世界么？,434.293,1708653702,11aee060
1523111823023342080,这也是因为有电场啊,525.467,1708660278,caf65355
1523399379279849984,真空量子涨落产生虚粒子，这些虚粒子可以震动传递声音,509.3,1708694557,e0aa4922
1523733545385058304,就像音乐会影响人的情绪或行为,589.669,1708734393,c0cf273f
1523896536491566336,神说要有钱，于是真的有了钱,407.087,1708753823,a623f050
1523921070451773184,直接操作底层代码的意思？,460.701,1708756748,bc3c5dc4
1524083323922976512,听不懂，但是爱听,547.719,1708776090,3238262a
1524151221777249792,我想到了催眠！,451.94,1708784184,31a50c5b
1524872064241377536,找个海妖，她们有语言插件,395.524,1708870115,4df1c005
1525795062360167424,如果是相同结构的设备，很有可能只是因为固有频率相同,579.875,1708980145,38db071e
1525895530184793856,魔术？,376.219,1708992122,2846fd25
1526905709101803520,源代码,625.148,1709112544,53713d10
1527805746459515904,可以用同一条鱼用火烧软 放水中喝下去就可以了 没试过 可以试试,428.36,1709219837,c3660b3b
1528746137987852032,抵抗重力我笑死,447.8,1709331941,b18ca3c3
1529391240104563712,真空没有空气啊，能量没法传递呗。,474.731,1709408843,acab398a
1529393029109376512,图案与物质形成未必有关联，结,685.81,1709409056,acab398a
1530561309647992576,原神，启动,440.699,1709548326,7039cd78
1530563428618802176,原神，拯救世界,685.059,1709548578,7039cd78
1535763481922828288,你好。地球人,502.126,1710168473,369f2308
1538300396295406080,当你相信神存在的时候，你无法分辨神不存在,400.555,1710470897,380fb161
1543391465777099264,太阳：那我走？,403.631,1711077800,e185455b
1543744512340334080,雷达？,682.265,1711119886,3ab4cc58
1545168316992144640,别着急反驳～人家都有资料的，又不是信口胡说。先看看中不？,522.289,1711289617,2a2f81cb
1547835726564081664,大型演唱会,392.023,1711607597,ef69e866
1548724242135296000,这不是共振，这是系统的耦合运动，不要望文生义,587.954,1711713516,5e86f2be
1550077398274505728,披着科幻外衣的外星非洲,415.033,1711874825,594a703a
1551541533415911424,画符？,697.612,1712049363,f686d65e
1551666175614980608,电子设备的声音和人体的一样吗,654.95,1712064222,af883166
1559681438692134144,频率,462.398,1713019716,1d73ca06
1565534952362303744,分形几何,688.766,1713717509,5db64ff1
1578153244038174464,非局域耦合机械振子的同步及奇异态,589.095,1715221727,4350c6ed
1582038471336594176,史前超级治愈机器人，通过语音交流借用,417.043,1715684882,97213204
1587104621032583424,突然串戏到了浮世叁千问233,549.603,1716288814,482d75e4
1589353646557061120,看到这个我立马想到了麦田圈的图案,681.825,1716556919,5931d69a
1605616503556794112,==没人说达摩是神吧？佛教从来说佛是开悟的人而已,401.019,1718495602,926fe657
1616096372220716544,那就是每个读音都与某种波共振，或组织成固定的波形组合，这样的波形组合就产生某种能量，达到一定强度就能影响能量场,475.339,1719744900,13b5d3c3
1616896630853157376,转化成内能了啊,473.553,1719840298,22286d56
1622573075915028992,逗猫棒,585.05,1720516983,72808daf
1623704623200179200,真空不真，即使太空，也是相对真空，不是绝对,499.219,1720651874,4c99fc82
1639981537342845184,总裁那里看过这段,603.241,1722592233,95e48e44
1655747505583124480,麦田怪圈,690.774,1724471683,b7d61015
1657054149197909760,所以皇帝学天人的音乐就是为了拯救当年的人,705.618,1724627447,bb2b695c
1684301329097158656,节拍器,580.965,1727875564,fea2e132
1707933810337497600,神“说”：要有“光”,450.231,1730692776,c87e78db
1786962726779324416,首先发出声音的东西你必须得给它一个定位，或是锚点，一切从它出发才有对错，或许这就是人类限制？,712.141,1740113757,5486f4a0
,,0.0,1775655591.4716349,
lb.c,,0.0,1775655591.4716349,
,,0.0,1775655591.4716349,
1510908556394966784,芭芭拉：治疗就交给我吧,914.772,1707205535,66b8a922
1510931899072224768,就算时空不连续，我们感受到的也是连续的。,1022.773,1707208318,de0d96f7
1510932180552081408,比如：眨眼补帧。视频一顿一顿的，可是在我们看来，就是连续的。,1024.733,1707208351,de0d96f7
1510932571318612736,卡顿，对于连续来说，通过对比，才有卡顿。,1026.053,1707208398,de0d96f7
1510939667150138880,细说深入,977.537,1707209244,6840d8d4
1511037968390157824,图穷匕见,773.855,1707220962,f2194801
1511107728758915584,这是波纹攻击,919.726,1707229278,ff133554
1511108334592237824,开始看不懂了,1019.318,1707229350,ff133554
1511115165905922560,我喜欢,775.271,1707230165,21836113
1511154999126838016,那如果光可以被力吸引或者退离呢。。。,810.518,1707234913,4653de3d
1511215457519212800,这个招数电影里的神婆经常用,949.238,1707242121,833e8924
1511244701272300544,法术：言出法随,847.578,1707245607,ddd5415e
1511440245227354368,时间是否存在都是个问题，讨论这个,865.197,1707268917,cb122b68
1511450399830701568,魔术大师,951.539,1707270128,c35938f7
1511467769114449152,万事不决，量子力学,1006.523,1707272198,5d76bd6e
1511492002686982912,其实是魔术而已,992.258,1707275087,1253f646
1511543661714979840,如果魔术能救一个濒死的人就好了,1003.873,1707281246,f0e5ceae
1511544817807974400,我还以为我屏幕上有蚂蚁！！！,960.27,1707281383,275bd317
1511551857225513984,？,956.623,1707282223,18d3d9b6
1511686273318952960,遇事不决 量子力学,999.821,1707298246,afd6932a
1511694476094334976,图穷匕见+1,789.081,1707299224,e7d94bb0
1511739552522725888,这不会是芭芭拉的原型吧,919.964,1707304598,68b8b69b
1511765376005291776,所以关键是理解共振的本质吗，共振为什么存在,720.256,1707307676,d3926e93
1511837427696720384,我的老师跟我们讲过很多这种，老老师懂的很多，都给我们讲，现在可能没老师知道了,969.57,1707316265,928db7c7
1511839115250015744,不是魔术，我那个老老师说，超自然跟化学物理学有关，不是假的，只是我们现在不懂,996.13,1707316466,928db7c7
1511872289778621440,"光不会被引力吸引,而是沿着空间最短的路径传播而已.所以黑洞是扰动空间而非拉扯光子",823.721,1707320421,de100637
1511937045143108608,因为观测了,1052.265,1707328140,54505dd5
1512001545351270912,众所周知宏观效应会有一个概率趋势这不就连起来了？不想卡bug也不是不可以,1026.596,1707335830,3b533936
1512232402234451712,有没有可能芭芭拉学过医学，打着巫医的旗号在实施专业手术？,996.828,1707363350,668f1692
1512476769406749184,噗，再见,981.123,1707392481,2192b47c
1512608267246103808,就象我们看动画片那样，动画片也不是连续的，只是我们觉得是连续的。,1031.334,1707408156,aaba05d6
1514049108397391616,这类魔术手法被揭秘过,954.314,1707579918,2e37a580
1514763847821686528,科学的尽头是神学,1067.514,1707665122,ec0293b2
1515115708605221120,不，相对论证明时空是变量,782.777,1707707067,9ba94f75
1515382011794174720,路西法,799.388,1707738813,8b55cc44
1516202209334213888,遇事不决量子力学,989.899,1707836588,8e9d9c30
1516399092161618688,有没有一种可能，一切只是场物质流动产生的变化,857.976,1707860058,e4ab6b8a
1516472943654308608,直到魔法揭秘开始播放,997.288,1707868862,dc228f33
1516934833941766144,主要就是，声音的能量太少了，除非是有放大器，或者类似引动雪崩一样的引子,846.614,1707923923,8384b083
1516941263289824512,说其他我还不一定熟，这个芭芭拉帕奇塔不久前我还看过揭秘,875.114,1707924690,8384b083
1519459610443232512,芭芭拉 冲鸭,875.621,1708224900,bdcd674a
1519521141822387200,法器？,863.309,1708232235,85109700
1519734356447349760,我记得有书说 唵 代表世间万物,745.784,1708257652,6e104b80
1520925161463963648,造神嘛，哪都一样,977.215,1708399607,39380461
1521520242915206656,黄帝外经到底什么内容啊,953.712,1708470547,2bc7f25d
1522305516666245888,芭芭拉冲呀！,901.502,1708564159,cfd4b043
1522600013229157888,你这个芭芭拉回复效果有点强,901.821,1708599265,afb33c7e
1523116779063697664,这就是芭芭拉原型吗,894.658,1708660869,caf65355
1523117225723492096,研究出来可是能“水”一篇论文的啊，怎么会有学者不感兴趣呢,921.75,1708660922,caf65355
1523826720631923968,所有的一切都是能量的互相干涉,868.615,1708745500,3c7337bc
1524834345603342592,遇事不决，量子力学,990.708,1708865619,2ecd090a
1525447203026720512,来困了..............,1051.074,1708938677,733e5dc3
1526071318246951680,那倒立行走是不是会活的久一点,839.812,1709013077,aec86728
1526213258074652160,就喜欢这句！,722.968,1709029998,a48a250c
1526215241627702272,芭芭拉冲鸭,932.186,1709030234,3fc86396
1528921959411564288,时空之王，命运道标,858.034,1709352900,f7ab0be
1529095836045338112,那是你念唵这类时 你的肌肉呼吸机都在随着你念这个字时有规律运动 按摩内脏,787.375,1709373628,b2446d3b
1529096324883104000,将无序混乱 通过振动变的重新有序，规律,845.558,1709373686,b2446d3b
1530200422705674496,我更倾向于时间是一把尺子 本来不存在只是为了让人类理解而造出来的工具 ,1065.539,1709505305,a5220fbb
1534711957620495616,因为思维是线性的,1034.803,1710043122,62081682
1543746423835697152,这么离谱？,910.195,1711120114,3ab4cc58
1546005639908824320,算了吧,907.089,1711389433,990cb761
1549518129745755904,苗医没病拿水,995.939,1711808155,ceb9f1ab
1551541810399105024,咒语就是用声音画符,730.627,1712049396,f686d65e
1551542719128959232,衰变，老化,838.951,1712049505,f686d65e
1562180038324307456,科学没有尽头。,1077.795,1713317572,59236c22
1577511418495228928,咒令：我，秦始皇，打钱！！！,886.446,1715145215,d59fe5b0
1578778053835180544,芭芭拉：演唱，开始！,890.933,1715296210,b897fdc1
1594020501347522304,黑客帝国,944.659,1717113251,10d4dc90
1615813523726791168,我每次睡不着就看他视频，一听就困，比安眠药管用,1041.055,1719711182,29578a32
1622577590823022080,幻影移形,1038.551,1720517521,72808daf
1639987416305571072,回调芭芭拉！,906.754,1722592934,95e48e44
1655797195032993536,湖北某个道教县的某个局长，就是被这种方式治疗的癌症，还拍了视频,957.966,1724477607,f85c634d
1682123295757073152,遇事不决，量子力学,986.771,1727615923,46c0c30d
1682123743473752832,缩地术！,1036.086,1727615976,46c0c30d
1693841864656055296,憨豆先生也干过类似的事,948.417,1729012885,76537ad9
1727377496854866432,读书时巴不得有这能力省下通勤,1036.921,1733010644,9d6fe986
1801466163009000448,高手啊,966.308,1741842701,705a891
1812420769691477504,怪不得蒙德城有个芭芭拉,992.077,1743148592,94749c01
1825597102567617536, 那光的散射呢？,816.808,1744719333,1a6d2728
1825599134908975616,电影中环节在他眼前上演，不敢想象他当时得震惊到什么程度,957.706,1744719575,1a6d2728
,,0.0,1775655591.4716349,
lb.c,,0.0,1775655591.4716349,
,,0.0,1775655591.4716349,
1510937110897690880,如果说是量子隧穿的话，概率极低，忽略不计。不如直接把射向他人的子弹，无伤遂穿到脑后。,1232.142,1707208939,de0d96f7
1510938654141682944,这难度，比空间传送还难,1249.191,1707209123,de0d96f7
1510941287778876160,言出法随？,1238.539,1707209437,520a78cf
1510960014297565440,有道理,1356.308,1707211669,73dbef55
1510973142066364672,我小时候经常混淆绿色和蓝色,1337.774,1707213234,2eb64d21
1511086203624329984,有合理解释了,1302.605,1707226712,903d032f
1511164230840225536,集体潜意识,1433.111,1707236014,4b967118
1511215250052352256,狼孩的故事如果是真的，那么鸿蒙讲座的故事岂不是真的？传道是真的,1431.28,1707242096,b789a2e2
1511218110945282304,所以自旋到底是什么意思,1100.438,1707242437,ad5cbc3e
1511255395841472512,思想烙印.  ,1347.877,1707246882,b694ac7c
1511404765434047488,这不是道家学说，这是道教学说,1156.319,1707264688,925a8e
1511431593041043200,阿赖耶识,1436.598,1707267886,cdf28e6f
1511460786487543808,本来就没有时间，,1087.225,1707271366,af3bc664
1511478139933912064,有道理,1368.836,1707273435,7a0bddcc
1511516709016718080,阿赖耶,1437.162,1707278033,3e818a27
1511533126998994176,观测物质世界必会对物质世界造成扰动，也就是互动，所以在微观世界，所有观测均是与物质互动后的结果,1368.97,1707279990,2b0a5cad
1511534374871452416,陀一定是博士后，逻辑，章节环环相扣,1206.486,1707280138,62081682
1511536152619183104,这就是地球ol的规矩呀,1351.549,1707280350,baaac14b
1511592607808412416,我们的世界是虚拟的,1141.448,1707287080,6e468b55
1511730073613624064,意识冰山，水面上的冰山看似独立，下面却连成一片？,1434.891,1707303468,ed61d4d3
1511912129274695168,其实可以吃 你喜欢的话（用过的容易产生细菌 吃进去会生病）,1339.593,1707325170,d67e1d47
1512134764138867200,这点认同，在学校考试的时候，明明我自己不紧张，题感觉也不难，但就是脑子空白，不会思考，感觉自己的意识被别人影响了,1430.906,1707351710,95936744
1512240897428290560,五蕴,1348.701,1707364363,f7efa00d
1512262604377145344,假设空间本就在你只是在这空间里放了个烟花，接着烟花充斥整个空间并不断蔓延,1169.81,1707366950,6031d481
1512505554680108288,有些所谓的证明只是为了让事情变的合理,1411.255,1707395912,f49ebad4
1513928600649548288,懂了，太上老君是量子（bushi,1170.598,1707565552,1a1281fd
1514382712004454144,神学不为用，科技为用,1247.087,1707619687,26b4c7d7
1514692285949028608,这个突然出现，也许是奇点以外的更高维世界对它产生了什么影响,1165.973,1707656591,2562f491
1514708046239426560,因为人本身就在系统中,1295.196,1707658470,2562f491
1514710233921327104,绿色也可以叫green,1337.739,1707658730,2562f491
1514711110069364736,确实,1434.603,1707658835,2562f491
1516133256528101376,石头人是吧,1438.144,1707828368,eef05dc0
1519363206387544576,时间和空间是连续的吗,1312.594,1708213408,89704736
1519643780385783040,地球不就在自旋吗,1103.687,1708246855,9c248688
1521295412676657408,？？？,1192.427,1708443745,1892977d
1521523478031927808,所以各大正教都重视语言的作用，圣经里丈夫可以否掉妻子的发愿，佛教和道教都说言语能召来福祸就是这意思,1231.27,1708470932,2bc7f25d
1522116546367880448,这可以假设并不是不教，而是教不了，或者不知道怎么把这种共振甚至说同频的展示给我们，甚至这个可以理解为天赋说的夸张点也就是超能力般是独有的，可以传承但不一定遇到差不多能遇到一个对师傅会咒语一样有天赋的,1267.781,1708541632,f4485a9e
1522694772203129600,所以世界就是像素组成的，根本不连续,1123.286,1708610561,164ded48
1522697891523916800,集体潜意识,1437.666,1708610933,164ded48
1525303812967995136,混元行意,1136.666,1708921583,48beeaa6
1526282993864606208,矩阵,1348.66,1709038311,1596239a
1526913926909220608,真言咒,1234.346,1709113524,53713d10
1529101675288482560,一段振动同样是有序的 会改变无序 同样消除混乱的应力,1321.582,1709374324,b2446d3b
1529103192561254400,认知定义牢笼,1374.684,1709374505,b2446d3b
1535828119645251840,净土宗,1225.742,1710176179,a125d774
1539225571467521536,真空中各方向的力是相同的，但是空间被扭曲之后就会出现“引力”,1127.443,1710581186,9798cac3
1544269461069150720,薛定谔的猫,1332.189,1711182465,384ddeeb
1548355340456971520,为什么打死狼,1382.359,1711669540,26c06ef
1549858698313306624,一语成谶,1237.96,1711848754,6bfe7442
1550314692902376192,像不像一个游戏的世界，从仅有一个世界到加载各种内容的样子？,1156.541,1711903113,7991c86e
1554004188055479296,少数的听到一半，发现已经一句话都听不懂了的视频，世界真神奇,1123.397,1712342935,9cd415f0
1558134519037870080,AI开机了,1178.136,1712835309,569fb314
1579252691224311808,五蕴,1355.02,1715352791,36dd6ae7
1579800639058708992,假装自己能听懂。这是咒语的一部分。,1109.409,1715418111,1d5a13e1
1592047346571685888,普通人的意识、记忆太靠不住了,1339.163,1716878033,f9c33a0
1616905396319193856,《白发魔女传》,1392.275,1719841343,22286d56
1628290035444993792,其实是不确定原理,1291.341,1721198498,e9ae1482
1641605769663529728,言灵,1230.33,1722785857,885fe8e9
1650106204409803520,信则有，不信则无，是不是也是共振，相信才可以和对方同一频率才能感受到，不相信频率不对就什么都不会发生，所以同一个方法，有的人灵，有的人不灵,1249.341,1723799188,2562f491
1661697840449405952,开控制台了,1234.173,1725181019,766e2ccb
1688364293735441664,假的？这是有记录的，还被写入了教育心理学的,1406.421,1728359907,2852ec86
1801377511042126592,时间是人道的概念,1104.052,1741832133,bd550466
1801378425123447040,人类对游戏的开发与创造，像不像天道对人类社会的创造,1212.996,1741832242,bd550466
1806733657709799424,张祥前的《统一场理论》能解释这些现像吗？,1287.425,1742470635,e9102dea
1827140962385317888,你看名字也知道，原始既是原初开始,1133.215,1744903376,1e8ae9f6
1902998389101029120,来自于经验和集体定义,1348.111,1753946285,2f11bf61
,,0.0,1775655591.4716349,
lb.c,,0.0,1775655591.4716349,
,,0.0,1775655591.4716349,
1510906544102140160,这是否能证明一定程度上证明灵魂的存在？,1624.165,1707205295,b7253f15
1510910449561168640,这部分应该是荣格的集体潜意识理论,1440.31,1707205761,1492c5f6
1510914819380157184,是不是给乌龟养大我们也能长命百岁了,1482.1,1707206282,66b8a922
1510920275179427072,比如心里说谁，谁就会打喷嚏,1749.222,1707206932,f57edb10
1510935521063628032,少了云端的算力支持,1472.716,1707208750,fc3b5a83
1510938085855267072,我用在感应外卖员是否到门口了，突然身体本能去开门,1748.476,1707209055,fc3b5a83
1510939849174349568,最新研究，意识，滞后于行为。行为是明星，意识是行为的经纪人。先做，后记录，再修改，更新下一次的行为模式，然后无限循环,1611.618,1707209265,de0d96f7
1510940204163147520,观测者效应，只能说仅供参考,1639.328,1707209308,de0d96f7
1510941203993114112,开智,1688.672,1707209427,1175e65c
1510943420246570240,这是真实的,1483.775,1707209691,fb5a2a45
1510944543003220992,开悟,1713.61,1707209825,7414f425
1510961183887348992,因无所住而生其心,1706.063,1707211809,cf105ce1
1511035621878063616,乌龟那个没法验证，因为乌龟不是哺乳类不会养小孩,1485.194,1707220682,e81cc6
1511063764844415488,高维观测者,1482.859,1707224037,3d58d951
1511111395234618368,但是谁也不敢保证动物没有意识啊？,1506.329,1707229715,ff133554
1511209499552427264,全世界觉得世界是天堂，那么世界就会变成天堂？,1481.001,1707241410,be61b0c1
1511216834996027392,双胞胎？,1610.797,1707242285,b789a2e2
1511223146534047744,古希腊掌管某某的神（doge,1550.905,1707243037,ad5cbc3e
1511223961420548352,如数家珍,1623.444,1707243134,ad5cbc3e
1511228030968900864,应该有吧，比如幸存者偏差；你只记住了说曹操就到的情况，或者父母回家的时间是规律的，你的生物钟告诉了你，使你有所防备,1746.417,1707243619,ad5cbc3e
1511477452092956160,亚空间四小贩,1570.169,1707273353,7c4f903
1511495235413645056,共业,1629.976,1707275473,e6bdc74d
1511497316744741120,上帝,1497.298,1707275721,922862d0
1511508691051051264,阿赖耶识,1441.43,1707277077,aef8af5a
1511568011436567296,阿赖耶识,1692.985,1707284148,d2e363e1
1511621789049190912,凉宫春日的忧郁,1540.488,1707290559,c396cf1d
1511623568927411456,灵能者？,1602.063,1707290771,efbe4fb1
1511631995141424640,那么反过来是不是父母到家前会觉得你在看电视,1750.205,1707291776,c0dcfb2c
1511640842572549632,余光再广也广不到背后,1785.868,1707292830,be83c184
1511687451415241984,xia我一跳,1542.529,1707298387,b82e8d5b
1511708301216445696,提到荣格的集体潜意识，那就不得不提到他在中国看到的《太乙金华宗旨》，后来又翻译回来的的《金花的秘密了》,1735.111,1707300872,9d05f18f
1511795647848672768,悟道,1725.188,1707311285,22b0b17c
1511835804467800832,因为个人意识 改变不了 集体意识,1538.777,1707316072,12d7ee3c
1511842276740092928,【黑门】个体高度独立，目标高度一致,1574.604,1707316843,12d7ee3c
1511847891394797056,喧闹的教室里突然所有人都不说话了。。。。,1765.309,1707317513,32e883ab
1511851208367988480,这不就是佛学么,1697.612,1707317908,9a409ed0
1512144308310928896,答案很显然是能,1505.483,1707352848,a7dc3a93
1512507446907027200,未来人KFK说的2048年之后,1636.84,1707396138,f49ebad4
1512542422654299648,“小我，大我，无我”,1702.041,1707400307,9c484b9d
1513849460013352192,目光这个确实神奇，我从小就可以感知到后面有人看我,1790.395,1707556118,f3c434db
1514406144062621440,人生如梦 梦就是我 我就是梦,1687.096,1707622480,552666d8
1514627335700539648,膀光,1780.411,1707648848,c4510bcb
1515381706549783040,gumayusi,1584.18,1707738776,faace91f
1516918028389108480,神圣的卡拉链接这我们,1465.03,1707921920,999e69a0
1517597278641419520,是每个意识单位都储存了集体意识 是一个同系统中可以共享的系统,1572.941,1708002893,63d7d7da
1517666500956532480,阿赖耶识,1570.555,1708011145,a9fcc626
1518446959336199936,超心理學?,1652.517,1708104183,4d77aa7c
1518686839769391872,王阳明的心外无物？,1704.751,1708132779,b80c6dd6
1519156000530225152,本自具足,1738.358,1708188707,b4116d28
1519202762028528640,还有睡觉突然自然醒，下一秒家里人会上厕所，或者谁在外面开始吵，都有提前性,1742.498,1708194281,b4b0d916
1519465296652840704,我被监控了,1455.932,1708225578,bdcd674a
1519800696000798208,erf,1760.395,1708265561,3f86f535
1520216088720532736,人能常清静天地悉皆归,1715.183,1708315079,a950714f
1520302050620088832,阿赖耶？,1443.431,1708325327,3c73699e
1520317563220260352,我和老爸闻出饺子馅咸不咸 都没尝,1758.613,1708327176,4cbb01a9
1520611966702639104,量子层面的怎么检测？,1511.223,1708362272,5b4e526d
1520612472183090176,科学的尽头是神学,1557.242,1708362332,5b4e526d
1520613854860544000,我对信息的传播方式更感兴趣,1661.023,1708362497,5b4e526d
1520614712394699264,干掉意识，请潜意识接管,1729.544,1708362599,5b4e526d
1520616434609354240,潜意识也应该有一个特定的通道,1775.277,1708362804,5b4e526d
1521527782797361408,不然你以为各大教派的教祖们都是怎么拉人头的,1516.589,1708471446,2bc7f25d
1523572044858465792,光音天,1618.639,1708715141,64dba629
1523572161124859904,光音天,1628.666,1708715154,64dba629
1523572275033640192,光音天,1634.063,1708715168,64dba629
1523572371754514432,光音天,1573.019,1708715179,64dba629
1523747023587911168,吾心自足，不假外求,1711.148,1708736000,c0cf273f
1523816576254704128,人能常清静，天地悉皆归,1699.89,1708744291,82bd86f4
1526257160668196096,宇宙这破地方对我们来说太大了，对别人来说太小了，原子不到,1551.06,1709035231,812c45be
1526916016251444480,云空间,1477.227,1709113773,53713d10
1528515952529233920,背后看我我完全能感觉到,1791.179,1709304500,e10a7d61
1529106510876402176,不是的 心无或者空时 你的身体自愈能力因为没有意识干扰 而从混乱变的重新有序,1770.288,1709374900,b2446d3b
1530376323233619712,念力,1529.842,1709526274,5ebf297f
1534718542484718592,果然还是佛学最接近宇宙真相,1723.379,1710043907,62081682
1536894454429364736,格式塔,1458.951,1710303296,82c0412c
1544845675316129792,近朱者赤近墨者黑,1611.934,1711251155,8a1c28a0
1546345570111973120,神识传音,1624.429,1711429956,4c9bc43a
1547691396486664192,生物电,1787.056,1711590391,2f361cc9
1547828874304575488,感谢尊者,1716.918,1711606780,2924f963
1548014426916315392,量子纠缠,1441.439,1711628900,166ca231
1548417538671826432,有没有一种可能 因为是狼孩天天被展览 被折磨死的喃？,1459.171,1711676954,fa755f5a
1548563003577111552,阿根廷：这我们很懂,1732.447,1711694295,c2ebb559
1548730885837164800,亚空间竟遥遥领先,1563.0,1711714308,cc4815cd
1549298721945368064,战锤P都给我出来,1606.423,1711781999,b1be4194
1550142669161201920,所以一堆人许同一个愿望有可能成功？？！,1666.191,1711882606,426ba631
1550770763064439552,荣格是看太乙金华才写出这个东西的~道家核心,1735.942,1711957480,dd2809d
1555063178428207616,结婚十年后，就变成大智之人,1706.235,1712469176,d60f4f19
1558138007037515776,大圣灵,1585.527,1712835724,569fb314
1565316480193916928,阳明心学，不符合物质世界统治,1755.958,1713691465,a097799c
1578482733217387008,也许宇宙就是一台计算机,1495.132,1715261005,6a93eb7d
1579057566506747136,亚空间灵能,1573.999,1715329530,efbe4fb1
1579058387558354176,放个屏蔽灵能的设备就感应不到了,1631.979,1715329628,efbe4fb1
1579254921771946496,佛陀,1546.46,1715353057,36dd6ae7
1579256023708093184,心有灵犀一点通,1608.875,1715353188,36dd6ae7
1592049700339921920,看我用闪电光速拳打破这一切,1571.994,1716878313,f9c33a0
1612321553985591552,《黑科技》,1629.812,1719294906,a219ff4e
1625968406040107520,古希腊掌管意识,1554.605,1720921738,3d151d8e
1649055077350368768,给你个眼神，你理解一下,1636.409,1723673884,5aaf2537
1652352658549466368,灵觉,1641.621,1724066986,a16cb467
1661107407721556480,脑波可以散发，我之前在一次小区跑步的时候，想起了一首歌，但是我只开始发出一个音节，走在前面的人突然开始唱那个歌词了。,1604.769,1725110633,5d2d3a9
1682127693300132352,一直观测不累吗,1483.673,1727616447,46c0c30d
1701599915598113024,什么？个人意识？人从出生就在被环境塑造所谓个人意识大多只是环境结合以及自身思考的结果,1504.402,1729937717,dedb02ff
1701603790564615424,说的有理,1704.659,1729938178,dedb02ff
1783338091067602176,被重力束缚的灵魂,1524.8,1739681666,2c44889a
1783338729121912064,量子纠缠,1596.358,1739681742,2c44889a
1783339428169745152,元气弹,1675.578,1739681826,2c44889a
1786974265653554176,影响别人心理学上可以轻易做到,1504.76,1740115132,5486f4a0
1786975214421919232,心理学上一个人可以轻易做到影响别人，那么扩大一下，理论上可以影响世界，甚至物质不是不可以的！,1526.38,1740115245,5486f4a0
1786976220400488960,一个北海岸的猴子学会了用棍子，南海岸的猴子不久也会了用棍子,1592.42,1740115365,5486f4a0
1916143344204589824,进击的巨人是吧？,1622.518,1755513286,a8280c73
,,0.0,1775655591.4716349,
lb.c,,0.0,1775655591.4716349,
,,0.0,1775655591.4716349,
1510907383742748672,跑得很快，求生意识很强,1859.8,1707205395,b7253f15
1510918903147094528,他修炼了《太乙金华宗旨》,2023.924,1707206769,7de28024
1510991378388436224,借鉴了太乙金华宗旨,1837.888,1707215408,294d453
1511005315775364096,哈哈哈,1963.285,1707217070,927717c4
1511014668888519424,上帝之手,1918.028,1707218185,ca822b25
1511166440768539136,这个棋盘不对,2072.106,1707236277,4653de3d
1511371598396001024,有没有可能是来自DNA,1950.402,1707260734,7fac09c3
1511483614431370496,牛逼,2021.509,1707274087,7a0bddcc
1511485013181729024,如今的奇怪现象就是没有没有了封建迷信，而破除封建迷信的虽然不是科学，但是科学却已经快成为过去的封建迷信了，我们想看到一件事的源头的时候，就会可以加上所谓的科学,2130.976,1707274254,af3bc664
1511504705279391232,金花的秘密,1815.389,1707276602,a98acdbb
1511512530986694912,人活着就是为了结婚生子买楼买车,1866.718,1707277534,aef8af5a
1511559259358233600,是的,2055.246,1707283105,b98c9fb3
1511559430016283904,不是的,2075.589,1707283125,b98c9fb3
1511559759764321792,言的流,2114.893,1707283165,b98c9fb3
1511559948726130432,演的流音的体,2137.413,1707283187,b98c9fb3
1511560084688445696,言的流音的体,2153.621,1707283203,b98c9fb3
1511565634423857408,分不清~,1884.517,1707283865,933259ff
1511602383002993408,《周公解梦》,2037.176,1707288246,6ff793a8
1511624784738764544,某些时候也是知识水平决定的，夏虫不可语冰,2085.835,1707290916,50d5c8b
1511646783602726912,夏虫不可语冰是认知层面上的,2089.501,1707293539,be83c184
1511686028237673472,金花的秘密+1,1819.319,1707298217,a061f1a1
1512226107229853696,我认为，由于身体硬件相差不大，当思想到某一个峰值的时候，有可能会触发身体的某种开关，而引发现象,1877.869,1707362599,4000cde6
1512227452569843712,基因,1912.019,1707362760,4000cde6
1512227704295081216,基因希望存活、和延续的意志,1890.303,1707362790,4000cde6
1512236336088623360,或许曾经真的有魔法，因为人们认为世界上有魔法，现在没有魔法，是因为人们认为世界是科学的,2100.762,1707363819,4000cde6
1512239475148106496,人体，很奇妙吧！,2126.422,1707364193,27b83167
1512239655066593024,可是我在梦里是可以飞翔的,1994.485,1707364214,265b6271
1512362316396920064,好多次做梦都在飞，有时候觉得就算现实都能飞了,2001.879,1707378837,4220556d
1512364029216148480,其实有关联的,2134.299,1707379041,4220556d
1512480029035323904,鬼故事：进度条,1986.306,1707392869,65c077b4
1512511491256164608,就像那个著名的死囚实验，蒙上死囚的眼睛，在胳膊上滴水，但是告诉他是把手腕割破了，最后死囚死了,1998.61,1707396620,f49ebad4
1512758448813970688,……左和右的A和A以及左和右的B和B比较吗——相同,2073.468,1707426059,eb3ee6e6
1512924223243730432,说不同的吧图片保存下来吸取颜色画线就知道了,2080.35,1707445821,699e6f85
1514001847558388224,可我几乎记不得梦里的情形，甚至醒了后忘的很快,2013.071,1707574284,92e7c78e
1514629060230230784,共食性,1922.803,1707649054,c4510bcb
1515208208879558912,太乙金华宗旨,1820.396,1707718094,2562f491
1516831083335831808,曼德拉效应就是意识改变世界的例子,2115.96,1707911555,a0af2f4
1517339590636122880,一个人有个人意识，在群体中个体无意识,1856.843,1707972174,16f2bbca
1517340428742268160,基因表达的侵略和修改……,1922.122,1707972274,16f2bbca
1518340789556555008,这图不是著名的假图吗？,2076.051,1708091526,7bc7e17c
1518977214304181504,我用卫生纸遮住，亮度也是明显不同,2076.376,1708167394,7b4973e9
1519556650824935168,sOx的时候,1849.993,1708236468,bde99489
1519704264153583360,根本就不一样,1987.828,1708254065,c4176682
1519724956970561024,庄生晓梦迷蝴蝶,2000.801,1708256532,71375078
1520496850229345536,"我怎么彷佛听到哀乐的声音,,,",1958.693,1708348549,8d4759ff
1520618504934856704,你牛逼,1956.753,1708363051,5b4e526d
1520621387814055936,意识可以改变世界，方法、强度、时间,2113.674,1708363395,5b4e526d
1521535987929572352,乌合之众也说过这个事儿吧,1846.43,1708472424,2bc7f25d
1521537440450462976,一般来说治疗这种病的话求助巫医的多，以及，很多都是能量附体啥的就很能说明问题，总归是业力，负面能量集中在某几个人身上以之为祭品的话，守村人啥的就出现了,1900.246,1708472597,2bc7f25d
1521538643486181120,宗教里对梦境的解释更加合理而且能找到和现实显化的对应的特别多,1982.965,1708472740,2bc7f25d
1522429998416676096,我看过,2027.856,1708578998,1a2551f2
1522430086144580096,红叔，我是真的没有懂他的逻辑在哪里，因为确实讲了很多他的梦境，特别是二战的时候,2029.696,1708579008,1a2551f2
1522449276075153152,涂尔干的集体欢腾,1849.819,1708581296,2268529f
1522702111547525632,阿努纳奇,1914.388,1708611436,164ded48
1523066636838878720,《世界是一个巨大的人类补完计划》,1884.829,1708654891,ded02f3a
1524532962606070784,通过对比RGB发现，AB两点颜色是有明显差异的,2073.796,1708829691,22aa0f2b
1526036773640537600,人的动物性，也就是深层次潜意识占了肉体主导地位。人类受的教育是未了压制原始伤害性欲望，所以人性本恶？,1906.67,1709008959,5990b651
1526309394483435520,意识在我看来最大的作用是编码，而对我们行为做出决定的是潜意识，所以，我是意识在编码的时候形成的虚幻概念,1804.446,1709041458,f635abf2
1529108745760615680,中医精神病患烦躁的 是有身体热,2036.695,1709375167,b2446d3b
1529109335303665664,黑客的信息病毒会让硬件过载烧掉,2107.015,1709375237,b2446d3b
1530381264878675712,盗梦空间?,2050.537,1709526863,5ebf297f
1530381665493414912,"以前的日心说,地心说",2098.366,1709526911,5ebf297f
1534719463906337280,荣格就是星际宝宝,1822.664,1710044016,62081682
1539231689010641152,我们班级基本上看一眼就知道对方的情绪，而且，有时候我前桌甚至知道我在想什么,1801.193,1710581916,9798cac3
1539233523800655616,那是你要长高了,1999.187,1710582134,9798cac3
1543386100599866880,曼德拉效应,2122.645,1711077160,7b1896f7
1565315906044132608,佛学和道家比，差几个境界,1809.015,1713691397,a097799c
1573349828916924160,他有修炼,2032.259,1714649115,336113a1
1573350443558662912,太极,2102.099,1714649188,336113a1
1578361954559677440,有人尝试过AI解梦没？很有意思,2041.123,1715246607,d607362e
1590228868223436800,意识水平这词说的妙啊,2088.428,1716661253,32e70d68
1600658511925350656,我听懂了他在说什么。他说的没错,2052.81,1717904564,3080c9a7
1602239587080851712,看了东方的书 吕洞宾,1832.756,1718093042,69bea4b0
1624819953872344064,靠，颜色居然真的想通，具体看评论区,2075.46,1720784832,fe252aac
1649059446992731392,意识是不是种能量,2157.324,1723674405,5aaf2537
1657206902897253376,左右图不一样啊,2071.912,1724645657,bb2b695c
1786980775188154112,这点承认，多层意识观测的结果，总结的很好,2103.861,1740115908,5486f4a0
,,0.0,1775655591.4716349,
lb.c,,0.0,1775655591.4716349,
,,0.0,1775655591.4716349,
1510911112671956992,我们过于相信科学，认为他是真理了。这是否是一种固步自封？,2425.662,1707205840,b7253f15
1511043103258296832,免疫系统：啊对对对,2316.231,1707221574,2ab2c67e
1511044392453046528,从青城山下来的老中医让我感受到真实的炁,2355.993,1707221728,b35f19a4
1511116286984442880,不是抵抗力吗？,2322.185,1707230298,ff133554
1511235917728701440,←宗教神学等被认为与科学相对立的学科现在也被认为是人们对于无法用科学解释的现象的自我安慰,2429.827,1707244560,ad5cbc3e
1511272775527040768,好的中医实在太少 遇到是福气,2364.25,1707248953,dfbee101
1511487267166930432,针灸,2457.037,1707274523,7a0bddcc
1511488226815205888,最可怕的就是如今，已经脱离了所谓的封建迷信，可是我们脱离的真的是封建迷信吗，而且如今证明任何事情的时候一定要加一些有关科学的东西，这也是一种对科学的过度迷信吧,2424.626,1707274637,af3bc664
1511490249644360192,西医和中医还真不是有关联，这点我不认同，中医和西医文化上就是相反的，中医和西医不在一个维度上，一个年轻人发现了老者走过的路，你能硬说他们是有关联的吗，西方文化的弊端,2473.872,1707274878,af3bc664
1511491297306146304,在治疗过程之后，人开始认为自己会好起来？,2422.389,1707275003,85a4eac4
1511516174092251392,然而恰恰相反,2214.264,1707277969,aef8af5a
1511531146054523648,是的，上学的时候胃痉挛，当时生物老师，就用力掐我虎口，一点点的缓解了,2472.447,1707279754,2a157ba2
1511540666142896896,针灸：我TM来了,2449.592,1707280888,ac9066d7
1511560550700850688,是普洱的味我这,2209.157,1707283259,b98c9fb3
1511561083603974144,表象是化学的，本质是物理的。其实整体上化学是物理的宏观而已。,2394.803,1707283322,dc8b0e4a
1511562175272190720,是电脑制作的,2402.846,1707283453,b98c9fb3
1511562415010359808,电的载言的流音的体,2431.439,1707283481,b98c9fb3
1511616696140648192,有没有一种可能，人的思维就是高维生物思维在三维世界的投射,2233.578,1707289952,51f3e284
1511629591763218432,《金花的秘密》,2198.031,1707291489,50d5c8b
1511713660849069824,卧槽,2252.769,1707301511,9d05f18f
1511845184265346816,任何的任何，所有的所有，尽头都是易经。,2400.141,1707317190,2cb16c2f
1511848725457576960,每个个体意识都是高维意识的神经突触？,2239.216,1707317612,12d7ee3c
1512021031039366400,每一个字都看得懂，句意也知道但是深度不够就会产生一些别人一看就知道是错误的猜想,2435.828,1707338152,3b533936
1512219504078473472,S于新冠？,2246.511,1707361812,ad11dac3
1512243732911897088,个体影响主体，主体影响个体,2501.573,1707364701,4000cde6
1512397767090551040,中医里没有癌症这个概念并不是说不能这就能解释断肢者为什么还能感觉到到失去肢体的疼痛,2427.562,1707383063,5a4a6244
1512442956387476992,寡人二刷,2469.849,1707388450,85d43060
1512444733740298496,抵抗力，是个比较抽象的概念；你心情不好的时候，抵抗力就会差些……,2329.185,1707388662,ae0ac0c3
1512515443531734272,在圣经里有一些奇妙的描述，用身体必须人，用人必须身体。与这段类似,2500.145,1707397091,74b8ee47
1512549070609536000,针灸,2458.17,1707401100,9c484b9d
1512896328530001152,缓解没有用，不满意，要治愈。因为可能欺骗身体,2509.863,1707442496,1c12d50
1514036594607452672,不太正确，人的思维本身拥有更高维度，只是身体在目前空间最高只能是三维,2237.494,1707578426,4f1113dd
1514062225051420928,心理健康与身体健康确实关联很深,2304.737,1707581482,2e37a580
1515215889161593600,有听过得了癌症然后全世界旅游最后癌症反而痊愈的例子，也许就是脱离了致癌环境加上好的精神状态的结果,2221.041,1707719009,2562f491
1515795323803729664,这个真实体验，真的是这样,2292.632,1707788083,776bda24
1516057247812173568,经脉,2467.808,1707819307,82e8dd71
1516098734025386240,难道不是靠免疫系统吗,2217.268,1707824252,57df44d5
1516612670131155712,其实西医也有很玄的东西，比如免疫力，什么时候叫免疫力好，根本没有具体的概念,2352.269,1707885518,6697a20f
1516991386145065216,高维世界的VR游戏,2242.624,1707930665,48d70840
1517344831318743040,用人参、黄芪,2224.338,1707972799,16f2bbca
1517347802605385216,精神意识=软件信息，身体物质=下载3D打印,2410.515,1707973153,16f2bbca
1517582444402952449,卧槽，这就是天赋异禀,2209.346,1708001125,88fbb66
1518174427320574720,不是西医是现代医学,2493.541,1708071694,3c60f134
1519730201108750592,科学是方法，为何要不相信呢？,2430.059,1708257157,71375078
1520622084756373248,他修炼了,2190.139,1708363478,5b4e526d
1520623330330361344,自己！有个外国医生实验过，靠强烈的心理暗示治好了牛皮癣,2265.456,1708363626,5b4e526d
1520908359560115456,气伤则痛，形伤则肿。气比血先行六寸。,2463.567,1708397605,a0cafc8b
1520963744061128704,前面那个，火子哥直呼内行,2236.008,1708404207,80f2eb12
1520976130982018816,迷迷糊糊的是玄学 不解的神学 懂得科学,2164.245,1708405683,6c47009f
1521541107815769088,这算啥异端啊，打坐在基督教里又不是没有，很少有人修到那么深而已,2197.052,1708473034,2bc7f25d
1521544602920772096,万一西医本来继承的是黄帝外径那乐子就大了，岐伯万一就是那个希波克拉底岂不更可怕，很好奇当年恩基作为蛇族老大到底传了什么功法和理论下来,2474.618,1708473451,2bc7f25d
1523114759841384448,先生大义,2220.415,1708660628,db9cfae7
1523126538688596992,橙汁还是纯水,2313.98,1708662032,caf65355
1523127209450338816,地上对应马斯洛需求前两层，天对应后三层,2330.991,1708662112,caf65355
1525636257588286464,按摩！！！！,2448.508,1708961214,c53b682b
1528241822726842368,信念生物学,2263.622,1709271821,67438bf5
1529109935458407680,因为不到的时候没惊喜 你记不住 只有曹操到了 有惊喜 你记住了,2178.542,1709375309,b2446d3b
1529110732233364480,你意识紧张了 身体一系列物理化学反应 给你留下了太多应力,2273.522,1709375404,b2446d3b
1529112483883823616,但你的意识会干扰这种修复运动 天长日久 应力积累 你修复不了,2482.358,1709375612,b2446d3b
1534725077554193920,疗愈我们的，永远是自己的内在,2271.099,1710044686,62081682
1539356874623708928,睡的好，第二天精神抖擞心情自然就好，所以认为自己健康，重点在开心快乐,2335.221,1710596839,bfc60bba
1548194627050484736,那这个流行性病毒怎么解释呢,2357.649,1711650381,1d7ce053
1548737409313900288,针灸和点穴！,2457.962,1711715086,cc4815cd
1548993516074816768,针灸穴位？,2464.159,1711745616,6a29f185
1550050407584231168,把他理解成状态就行了，科学也是一种状态。,2376.561,1711871607,ccb411bd
1551006195068880640,我曾把气壁离体外，，还发出了影响世界的声音噗噗,2375.778,1711985546,f522bbb6
1555121621273371136,因为电的手疼,2473.939,1712476143,ea11837c
1565496225019493120,西医无法治疗检测不出原因的病症，但中医却能从不同角度解释并治愈,2218.107,1713712892,db9fdcf0
1571601289748546816,分形，局部是整体和自己的可变参数，万花筒,2504.482,1714440673,21037bc0
1573351739003034624,爽,2252.579,1714649343,336113a1
1573352303841283328,三魂七魄,2315.899,1714649410,336113a1
1573352830830809344,穴位,2374.619,1714649473,336113a1
1573353742068092672,任督二脉,2456.859,1714649581,336113a1
1578362787087190528,天魔入侵意识,2212.663,1715246706,d607362e
1579291454101486848,吸引力法则,2176.759,1715357412,ee107ec5
1580492236670840064,针灸,2507.608,1715500556,cfe44174
1582387350733290240,nonono，是玄学,2264.528,1715726471,19d5eff4
1590230282005697024,描述的很准确啊,2206.25,1716661422,32e70d68
1590232687867065344,这类人的意识程度较高,2296.406,1716661708,32e70d68
1590234558584909056,针灸的原理,2452.39,1716661931,32e70d68
1605835904344478464,足疗必须入医保,2518.927,1718521757,9969ad27
1626647873456418816,双系统是吧,2310.978,1721002737,8dd59655
1629547859357964288,在陕西上学时，跑遍各大医院一年都治不好的过敏，被一个小镇的中医14副中药治好了,2341.119,1721348442,29760c94
1650116862052451072,先天体质差,2285.144,1723800458,2562f491
1650261338385420800,阿赖耶识,2391.787,1723817681,a2dbbf2a
1682133631210146048,？？,2169.502,1727617155,46c0c30d
1682136044864119808,……这个所谓“先兆”用中医更好解释,2414.885,1727617442,46c0c30d
1784896564435635712,手术治不了疾病，只是切掉病坏的组织，最终战胜疾病还是靠自身免疫力,2269.278,1739867451,9cb0fde9
1786987271728803072,为什么那么多人总认为一切理所当然呢？你身体有问题，你第一想法是啥？,2446.361,1740116683,5486f4a0
1830415254694682880,这个就像很多人挠痒痒明明挠左手结果连带着身上一个地方也痒痒,2511.665,1745293702,16af4bf5
1862541813677282816,真相：活得百岁以上的人体内不是没有癌症，而是没有去过度处理，或者根本不知道。,2259.253,1749123486,fa202f09
1903035108337248768,嗯嗯，所以说科学一点是优于玄学的，所谓玄学，就是你没办法证明真，所谓科学是你要想办法证伪。恕我无才，看不出孰高孰低。,2433.468,1753950663,bd550466
,,0.0,1775655591.4716349,
lb.c,,0.0,1775655591.4716349,
,,0.0,1775655591.4716349,
1510952832432415488,经络,2577.363,1707210813,da322836
1510991273237134336,此处需要二舅,2787.883,1707215396,e61716b0
1511219917113070592,逐渐忘记标题,2540.273,1707242652,cd48e03d
1511241564939450880,也有观点认为量子坍缩是应为受到了外界的干扰，干扰源和意识没关系，比如一个光子,2647.722,1707245233,ad5cbc3e
1511250899723715072,质的变幻,2604.981,1707246346,99d607ef
1511251694502139648,有时候分不清是意识还是欲望或是意志,2699.741,1707246440,99d607ef
1511252858329573632,锻刀赛，奥德彪,2838.509,1707246579,99d607ef
1511489279375808768,集体潜意识是不是就是宗教里面的神,2696.952,1707274763,7a0bddcc
1511539839638453248,问题是双缝实验并不是意识干涉物质，只是对应的观测行为导致了结果不同，就像人眼观测万物只是万物把光反射进人眼而已,2598.026,1707280790,2b0a5cad
1511543098244037120,内观,2829.376,1707281178,2bd59f90
1511563184681708288,是承合,2523.182,1707283573,b98c9fb3
1511573785415964416,心理作用确实在起作用....现有科学体系认知下，确实离谱了,2616.921,1707284837,933259ff
1511574982160060416,看到这想起了我朋友总说的“有些东西的意思，只有在特定的语言下，才能不变形的完整表达出来，翻译成别的语言，就不是原本的东西了”，虽然他调侃的是网络河蟹,2683.356,1707284979,933259ff
1511633916526979840,进击的巨人-路,2675.093,1707292005,50d5c8b
1511780150743128320,催化剂是参与反应的,2548.702,1707309437,1eda1f81
1511852761502107648,这里可能指：被屠宰分割后的牛肉块的肌肉还能正常颤动,2847.467,1707318093,16cebda2
1512029021372691200,低于标准线的拉上去高于标准线的误导下去结局早已注定,2860.137,1707339105,3b533936
1512214670243791360,炼神返虚、,2769.67,1707361236,749823ac
1512214775856221440,炼虚合道,2782.265,1707361249,749823ac
1512247837205778176,或许养生主本来就是一个词，他有一个单独的意思,2728.225,1707365190,4000cde6
1512265698607546368,都对，文言文言简意赅,2710.272,1707367319,6df0c1d6
1512897040949031168,假说不能验证，就有点伪科学了,2559.982,1707442581,1c12d50
1512988025402061568,“名可名，非恒名”,2630.507,1707453427,bf7bf192
1514006800888858368,经脉,2527.311,1707574875,92e7c78e
1514008915740832768,催化剂很多种类的，有参与后还原型的，也有不参反应与只影响的,2559.507,1707575127,92e7c78e
1514065585376442880,不是推向玄学，而是曾经以为是玄学的现象有了能以科学理解的可能,2635.15,1707581882,2e37a580
1514637225634528256,庖丁·：舍不得刀,2834.589,1707650027,c4510bcb
1514643111123638016,维特斯根坦：语言的边界...,2698.257,1707650729,608c8027
1515917648968501760,玄之又玄众妙之门,2657.089,1707802665,38e0cfa7
1517587125145587968,要是长期催眠自己会怎么样,2725.298,1708001683,88fbb66
1517675852157326336,读金刚经,2672.59,1708012260,a9fcc626
1519780859342057216,感受到过，甚至知道是什么。但是害怕接触。,2665.365,1708263196,58acec7
1520469782808481536,道可道非常道,2629.481,1708345322,d762be28
1520627791895512064,我更赞同三个分开,2718.688,1708364158,5b4e526d
1521023430105978880,哈哈哈，前面的,2563.92,1708411322,b553b98a
1521547084388373504,克苏鲁了起来,2745.87,1708473746,2bc7f25d
1522708604589951232,是哪个意识在观测,2595.771,1708612210,164ded48
1523734953245245696,哈哈前面的，你是真信教科书上说的呀，参与反应本身就存在问题，能量一定会变的，也就是量,2552.856,1708734561,d8b5495b
1524372883437014528,人体有按钮，按下去就能触发某种联动,2562.916,1708810608,3e145f2f
1527738967150391040,性命双修,2796.143,1709211876,70a57111
1529115662369318912,都是要么一念正确的引起于正确的道路上让身体有序 要么就是无思像睡觉一样,2861.229,1709375991,b2446d3b
1530385645233783040,还有物理学,2572.795,1709527385,5ebf297f
1530387079006374400,练气,2743.662,1709527556,5ebf297f
1530388143193323264,"蚯蚓,壁虎断尾求生",2870.574,1709527683,5ebf297f
1532534714815294208,所有宗教的最高层都完整的说明了只是你不懂,2675.576,1709783574,a5469906
1534890321371221248,催化剂就是相信的力量,2561.12,1710064384,62081682
1547839603913129984,汉尼拔：庖丁解人？,2866.091,1711608059,2924f963
1565343465338884096,我悟了！随心所欲！想睡就睡，不行起床就不起床！工作爱谁干谁干，老子不爽，啥也不干,2865.521,1713694682,a097799c
1572567091251712256,养生=主；逍遥=游,2769.161,1714555805,372c8582
1590239059560099584,名可名，非恒名也,2630.965,1716662468,32e70d68
1590239493980714240,人的天赋差异,2665.61,1716662520,32e70d68
1590240603575560448,易经中的物极必反,2765.451,1716662652,32e70d68
1592060581706304768,啊，这个真没想到，有实证吗？,2560.711,1716879610,f9c33a0
1592061687744197376,大家好，我是新生代科玄家,2643.455,1716879742,f9c33a0
1594314014312289536,黄帝内经,2534.97,1717148240,10d4dc90
1616707099876686080,文惠君：解压短视频——庖丁解牛,2805.71,1719817704,67bcbd29
1626675886122125312,又回来了,2591.958,1721006076,5633d2a9
1631438955083855104,突然想起标题,2585.702,1721573878,21c7b3eb
1651791865642563072,有谁知道现在的背景音乐是什么吗？求求告诉我。,2643.134,1724000134,5f181478
1651794047494518272,AI识片酱,2699.113,1724000394,5f181478
1786991413704718848,分不清欲望意识的，修炼就是种方法,2714.281,1740117176,5486f4a0
1831179479373324544,早期解压小视频,2816.9,1745384804,b710be43
1831457109842711808,学音乐的人有体会，学音乐之前都是完整的听歌，学完以后现在都会无意中注意各个声部，很难完整的听了,2843.746,1745417900,dfe4b0fd
1862545145472995072,意识是其中一部分原因吧,2613.311,1749123883,fa202f09
2024269125094457856,我觉得是倒过来读,2729.341,1768402884,69b55d6
,,0.0,1775655591.4716349,
lb.c,,0.0,1775655591.4716349,
,,0.0,1775655591.4716349,
1510957622461777920,天魂,3128.676,1707211384,da322836
1511218571445973248,一个人不行的 量变才能引起质变,3198.341,1707242492,d42c8ad
1511230160643446528,阿卡西记录呗~,3238.541,1707243873,cd48e03d
1511530686627303424,NPC的集体AI啊,3237.649,1707279699,f170be36
1511568884010922240,是梦与愿望,3125.115,1707284252,b98c9fb3
1511570884618528512,是通灵的梦境,3206.23,1707284491,b98c9fb3
1511822907737834496,庄子：原来我时这么想的啊！,3134.221,1707314534,bda1f123
1512251072759342080,突然失去或者将情感带入了,3070.429,1707365576,4000cde6
1512252022500783360,灵光一闪，突然想到,3150.493,1707365689,4000cde6
1512252635288549376,其实是循序渐进，早有征兆，但大多数人无法察觉,3191.345,1707365762,4000cde6
1512253239452826112,那之前的猴子们为什么会开始蘸着海水吃呢,3230.319,1707365834,4000cde6
1512774213281604608,卧槽。混沌理论系统！！！！,3153.81,1707427939,8ed0c3de
1514016509931098624,你猜第一个发现螃蟹能吃的，到底怎么发现的？猴子又不傻,3209.326,1707576032,92e7c78e
1514073298105808384,迷因，或者说信息木马,3180.678,1707582802,2e37a580
1514583535271749888,第一只猴子受到启发后并做出的行动，是对猴子这个集体意识里编入了规则，从而改变了集体,3218.418,1707643627,c665640
1514639174123334656,自性,3026.532,1707650259,c4510bcb
1514640437590583296,更高的维度,3120.485,1707650410,81689b77
1514641035211329792,猴子阿卡西,3230.978,1707650481,c4510bcb
1514698547189152000,这里已经看不懂了。。。,2926.085,1707657337,9ffb6953
1514744780003978496,到这里就已经是我的认知极限了,2941.535,1707662849,9dd3ff7c
1514824981765295104,这BGM,2972.822,1707672409,e2780229
1515242570916536832,之前的是跟科学家学的,3233.369,1707722190,2562f491
1516890290877783552,火之意志,3111.925,1707918613,88702550
1518665084443254784,哎呦，不听了bgm太诡异,3049.544,1708130185,be292ef8
1518807268521512192,相信后人的智慧,3102.257,1708147135,f9adf723
1520316968576921600,应该是王浩，,3176.635,1708327105,3c73699e
1522419705653141504,形神俱秒，与道合真,3022.407,1708577771,be610f50
1523014509801892096,集体潜意识,3111.359,1708648677,1d21615c
1525945910948258816,传火,3093.569,1708998127,d2dd72c0
1526325358331251200,这里的理解就是形是个容器，而神就是被这个容器盛着的,2938.91,1709043361,f635abf2
1527744800521370112,薪火相传,3096.725,1709212572,70a57111
1527758035026471424,神能入石，神能飞形,2920.882,1709214149,62568114
1528889413248482048,传火黑魂,3116.323,1709349020,6f32af52
1530108341492489472,好困啊,3034.209,1709494328,5804464b
1534893210164506624,超体,2897.908,1710064729,62081682
1537580659072350720,想听妖怪篇,3181.802,1710385097,91e0a9c8
1544285120998244864,蝴蝶效应,3176.236,1711184332,384ddeeb
1544357386121272832,不会是共同意识吧,3095.67,1711192946,5783e517
1575480378784163840,信上帝,3134.598,1714903096,a388be22
1579708203527511552,问法官啊,3179.339,1715407092,36b4895d
1579948250130296320,精神,3090.485,1715435708,9b4ce596
1581621475461416704,这种背景音是什么，太喜欢了,3108.623,1715635172,de41b98e
1592064944445303808,你这CPU架构该优化了,2936.602,1716880130,f9c33a0
1592066053209484544,你也许不能创造自己，但至少可以改造自己，能不能创造也不一定,2998.077,1716880263,f9c33a0
1592067141253920768,我在乎的这一个失去了，我还不能难过？,3084.918,1716880392,f9c33a0
1596308833918038528,我还是会扶的,3164.151,1717386041,50e7d22
1606223054693128192,胖猫,3160.501,1718567909,daf8c946
1623418737971474432,昆山龙哥,3189.659,1720617794,db4ca287
1631442855685806336,大圣灵,3123.419,1721574343,21c7b3eb
1786995063336434432,如果潜意识是真的，那么人类身体的共生微观生物的集体潜意识是不是就是人类意识的温床？,3025.581,1740117611,5486f4a0
1806748969587135744,陀，你不是一个合格的科学家，但是，你是一个好心理医生！！！！,3076.512,1742472461,e9102dea
1916164431202230528,进击的巨人。,3222.153,1755515800,a8280c73
,,0.0,1775655591.4716349,
lb.c,,0.0,1775655591.4716349,
,,0.0,1775655591.4716349,
1510971530572945408,病毒也是,3260.161,1707213042,68adfe97
1510983347998903808,所以为什么说公众人物说话和行为是有影响力的。。,3271.184,1707214451,5344860d
1511047425832659456,虚空终端,3240.373,1707222090,8327211f
1511152281444385536,这个进度条够带劲,3267.0,1707234589,c82172ab
1511578410852420352,吃过,3323.709,1707285388,b98c9fb3
1511680385774603008,呜呜呜呜呜,3381.092,1707297544,350b71bd
1511864251613163520,好赞！！！已三连！！,3375.957,1707319463,a151a368
1511912731333112064,尼古拉特斯拉,3242.059,1707325242,e77b4efc
1512209128251316224,国之大事，唯戎唯祭,3343.927,1707360575,3d3ac38c
1512361484406102784,我说：看过这个视频的人都很快财富自由,3374.202,1707378738,c811e88f
1512905877231943168,如果可以，我请求我父亲的病症可以通过中医治好，不需要手术化疗,3385.38,1707443634,96c0ea62
1514017550168926720,这个叫榜样~,3263.867,1707576156,92e7c78e
1514052802664623104,巨人里也是这麽说的,3250.246,1707580358,8b405922
1514074494271267840,榜样,3250.657,1707582944,2e37a580
1514426217699705088,"随众生心,应所知量,循业发现",3338.047,1707624873,552666d8
1514467136347857152,传播学,3252.723,1707629751,fdae21aa
1514585089571321600,本质如up所讲，表观来看，是个体与其他体的互相影响,3257.288,1707643812,c665640
1514586357778151424,意识能向上编辑规则，从而让其他个体受到影响。,3375.288,1707643963,c665640
1515244400329096192,终于回到标题,3352.533,1707722408,2562f491
1515245365908168192,会，我赞美一个人，对方就会开心,3371.569,1707722523,2562f491
1515327875191339520,每个生物，即使不是生物也都有自己的编码程序，找到合适的接口，输入各种形式的命令就会产生各种光怪陆离的结果。。。,3381.143,1707732359,1ffbc1b5
1515820269367795712,言出法随,3371.896,1707791057,776bda24
1516768920881824512,我很有钱我会很有钱,3387.47,1707904145,70fd3c54
1516954469592933632,但是呢，很可惜，天地不仁以万物为刍狗，物质宇宙也不会因人的想法而转动,3336.001,1707926264,8384b083
1517633712840660224,真的已经三连了，你已经言出法随了,3390.09,1708007236,1733fcea
1518174832104131072,闭口禅开口定乾坤,3371.615,1708071743,8efd754e
1522714113464572160,阿卡西记录,3252.427,1708612867,164ded48
1522755371783948800,相信相信的力量,3370.14,1708617786,e361d6e7
1523774884663086848,不是八级大狂风吗？,3328.519,1708739321,66fc55c1
1525948176568456704,其实我也觉得我能影响天气,3349.825,1708998398,d2dd72c0
1526329365493732096,拉马努金,3246.818,1709043839,f635abf2
1527761067525454080,君子之德风，小人之德草,3264.903,1709214511,62568114
1528252348273969408,←前面发这个弹幕的，回旋镖在等着你,3334.468,1709273076,67438bf5
1528302863489519616,董仲舒的天人感应。。。,3335.263,1709279098,eb692ff6
1529666599341484032,岛上没有番薯，科学家带的,3240.346,1709441668,3c7337bc
1529668256988820992,首先得找到输入代码的入口,3366.077,1709441866,3c7337bc
1531277046981185792,原神，拯救世界,3377.201,1709633648,7039cd78
1532749734215975936,能影响天气？那不是萧敬腾吗？,3335.762,1709809206,a48a250c
1548578720279697920,关键小人物,3375.09,1711696169,c2ebb559
1561767342860648960,上传到云平台了，全人类的意识都在训练同一个AI模型,3240.735,1713268375,43544b2e
1579709736914476800,人定胜天,3362.094,1715407275,36b4895d
1592069102250627584,反正预知梦我确实做过,3243.288,1716880626,f9c33a0
1592069806364986880,罪己诏？,3318.523,1716880710,f9c33a0
1592070266757056768,所以萧雨神是怎么影响天气的？,3344.159,1716880765,f9c33a0
1606399670735766016,同样适用于所有宗教、政治,3277.292,1718588963,726a651a
1608730598024060416,终于绕回来了，哈哈づ♡ど,3350.983,1718866831,92bbae6d
1837860283956193536,刚开始说什么来着？咒语,3369.517,1746181218,eb39c167
1862551286277790976,媒体,3273.964,1749124615,fa202f09
1916166274984708352,等等，这不是董仲舒的天人感应吗？,3313.709,1755516020,a8280c73
1916166598281445376,这不是天人感应吗？,3285.004,1755516058,a8280c73
,,0.0,1775655591.4716349,
lb.c,,0.0,1775655591.4716349,
,,0.0,1775655591.4716349,
1510893569358271232,第一第一,1.699,1707203748,cde4d87e
1510899902287393024,因为翻译的过程信息会有误差,326.337,1707204503,18041a7d
1510909908177375488,大吹法螺，大敲法鼓,139.426,1707205696,6701cdaf
1510910844496804096,咒语：钵钵鸡 钵啊钵钵鸡 一元一串的钵钵鸡,264.042,1707205808,a2d527c6
1510919025335687680,角度新奇，有想法，尚,30.832,1707206783,68222e04
1510930940716041728,占座,18.899,1707208203,520a78cf
1510950755354440448,临兵斗者皆烈阵在前,56.422,1707210566,7ab67633
1510958798544962048,传播的都是怎么分红，知识垄断和解释权垄断是宗教发展的重要手段,322.894,1707211524,68222e04
1511034478041378304,如果宗教失去神秘性，被彻底解构，那会彻底沦为娱乐产品，甚至被遗忘,316.877,1707220546,9f3bfdff
1511181262969388544,好家伙，这时长老夫相当满意,4.106,1707238044,cd48e03d
1511182539002482176,阿达瓦卡达哇,80.78,1707238196,c5b1b916
1511222906066129664,更新了,2.219,1707243008,2d45ce45
1511226942186302720,八利三藏,254.169,1707243490,925a8e
1511242451145711872,是临兵斗者皆阵组前行,60.751,1707245338,56542bc
1511243862948012288,呃稍微做个思想实验就知道了吧，两人用同一个咒语博弈，宇宙会让谁的生效？,48.369,1707245507,61765872
1511247346108166144,保持神秘性,324.439,1707245922,9ba24f69
1511269600958901504,起源于远古的傩戏吧，只是语言到后面音调之类的变了,229.695,1707248575,9a4d5722
1511286993429352448,傩戏？,195.086,1707250648,40e8b606
1511371366191285504,一本老书，魔界英雄传,56.191,1707260706,d7472b31
1511371955406711296,宗教、民俗需要权威啊，和普通人分开,332.559,1707260777,a03619e9
1511443430792994816,读作频率,50.419,1707269297,f170be36
1511449130046897920,ai是语音是ai服务人。所以按这个逻辑理解 咒语就是人服务神，而不是神服务人。,39.02,1707269976,c9088b35
1511456406702981888,欢乐豆效应,18.499,1707270844,9a409ed0
1511458951899097600,唵蓝净法界，乾元亨利贞,57.505,1707271147,935d4258
1511460489002457856,嘛哩嘛哩哄,115.187,1707271331,f79d57f0
1511461124523224064,巴啦啦小魔仙沙拉沙罗全身变~,122.181,1707271406,f79d57f0
1511464619930060288,大威天龙，般若妈妈哄！,123.144,1707271823,2694a6a3
1511484128527372544,盂兰神功,201.216,1707274149,b5a2bfa6
1511493372387584768,酆都,186.259,1707275251,aef8af5a
1511501312163094528,六字大明咒,65.699,1707276197,3c847720
1511518557304159744,但是指定语言可以掌握解释权，你传播了但是不听我的，那有什么用,321.567,1707278253,5eea56d8
1511520194298916352,惠州人冒头,133.131,1707278448,f388d0d7
1511530496667056128,奇术师,38.359,1707279676,9f798b2
1511539736383475456,背景音乐很好听,238.293,1707280778,e98af137
1511542792294497792,电的载，言的流音的体！！！~,92.155,1707281142,b98c9fb3
1511568683934632192,太平歌词,176.762,1707284228,dccf1241
1511634527880466688,嗯，用山东话来读论语对吧？！,303.511,1707292078,d9096a03
1511682304282562304,细思极恐,65.85,1707297773,e7a6fc0
1511691840704061440,这根本不是悖论，宗教信仰可以共享，但宗教解释权不能，用这些与众生不同的语言是刻意为之,314.645,1707298910,10fe7ea0
1511767484339176448,你要弄清楚什么是咒 在从你的语来研究,107.255,1707307927,c04d39b0
1511770286520144384,但咒语往往需要支付代价,42.49,1707308261,3e66d107
1511813234556941056,普罗米修斯！！！,263.753,1707313381,a151a368
1511845043487872768,我们称为：指令【狗头】,102.28,1707317173,8872ac8b
1511858711323561472,一切都会好起来的,9.076,1707318802,f57b51b5
1511865453088102912,其实就是呼出控制台输入权限内的命令而已,68.929,1707319606,de100637
1511902250002346752,日落西山呐～～～～～ 日落西山黑了天,180.056,1707323993,fe023968
1511930684984525312,殄文,153.507,1707327382,4024beb
1511982163430892032,涟漪到一定程度要么忽视要么被摧毁,76.168,1707333519,3b533936
1512199663267418368,异世界舅舅？,279.895,1707359447,668f1692
1512239974622197504,说不定咒语就是神鬼的语言,29.139,1707364253,cfd7ca0d
1512317236235702272,老法师啦。,154.589,1707373463,ac63fe8e
1512342985545859840,往生咒的话历史不会超过两千年,99.669,1707376532,ec1e650d
1512350557044727040,就连网庙上吹的不靠神仙的道教也是不受箓不拜师无法入道,325.259,1707377435,ec1e650d
1512385944664624896,真语音系统？,300.179,1707381653,85182cf1
1512396870666703616,是的，在河南搭台唱戏，只要开始了，哪怕没人看了，也要唱结束，因为还有鬼神要看,200.4,1707382956,e490b69f
1512401437198811648,前排提醒，这视频不是讲神秘学和民俗，也不是讲符号学人类学的，纯纯的地摊文未解之谜系列,0.0,1707383500,ec1e650d
1512411536671438080,配的视频太烂，为什么不用倩女幽魂里的夺命梵音？？！,65.249,1707384704,df179fd2
1512412001694205696,古代佛经没有文字，都是口口相传。分组背诵互为备份，防止荒腔走板。,130.443,1707384760,218bc651
1512413195863024640,戏曲规矩：一旦开唱就必须唱完，就算没有人听，也会有鬼神在听。,187.237,1707384902,218bc651
1512470663531772416,商博良也不能翻译吗？,254.691,1707391753,2192b47c
1512575622239711744,汽车人变形出发!,34.061,1707404265,1c876ed5
1512675556465262080,爷爷，你关注的up主更新了,0.053,1707416178,e6b1cced
1512800259246878720,雅语？,188.839,1707431044,22a12544
1512835991520727552,加油加油加油,49.519,1707435303,e2e36116
1512878834314398720,急急如律令,116.139,1707440411,ac66a05
1513407398424177664,咒语是古代文明在集体潜意识上构造的系统操作语言 辅助你用神识力共振现实,50.326,1707503420,bb2b695c
1513519125832521216,我知道了，来念，大威天龙,271.527,1707516739,8471b486
1513825907696042240,世界的本质就是震动,35.041,1707553310,97783db7
1513854484185655040,吃葡萄不吐葡萄皮,140.116,1707556717,d2d434c9
1513867228041500928,咒语很管用的，楞严咒大悲咒超管用，,79.791,1707558236,92141b11
1513869470635296768,楞严咒很厉害,124.271,1707558504,92141b11
1513869954716362240,太极腔,181.873,1707558561,92141b11
1513870167694691072,符合太极转动的腔调,207.251,1707558587,92141b11
1513875250914631936,哈嘛噼,256.295,1707559193,697c73c5
1514040566067789056,失传的语言,231.848,1707578900,2e37a580
1514042597747022336,传播的不是教义，而是以神秘把控对神言宗教的释义权，进而掌控教徒思想,318.305,1707579142,2e37a580
1514082080827877632,有句话叫做末法时代，咒语可能就是可以震动那些魔法元素的发音。越大的法术就是需要越多的魔法元素加入,159.257,1707583849,1d9e85c9
1514199858108791040,背景这个场景和美女好美好精致,97.689,1707597889,543b1b52
1514355957059465728,言灵,83.299,1707616497,b1181568
1514357118193747456,包饺砸！,221.677,1707616636,b1181568
1515017413597801984,玛卡巴卡,5.733,1707695349,65bbde51
1515075022790625536,港片能作为参考？？？,193.326,1707702217,19d790a7
1515323257966851840,龙族,33.379,1707731809,2a0baa1e
1515352156562250752,天猫精灵。开空调,86.414,1707735254,651def2b
1515858433734178048,不是讲究天人感应吗？我认为因该注重感应。,283.302,1707795606,38b7cd34
1515967506836537344,代码也是咒文←_←,144.937,1707808609,a1427164
1516076378326696448,纳米机器人就是魔法元素,168.409,1707821587,78fb5fc8
1516259650881020928,我认为一定不会是种真正的语言，或者说一定没有规律,11.119,1707843435,c9cb581b
1516599242444146176,这些咒语可能是调整自己能量的一种技巧，但是前提是对自身能量有认知，现在已失传了,121.64,1707883918,be0efab2
1517403587184422144,我知道，同伴加压耗时3防夜袭，是神秘交谈,276.082,1707979803,e63ec77b
1517533032255605248,恐怖的时长,9.17,1707995234,d8d03db0
1518137113181289216,陀螺么,9.807,1708067246,7fb60ea5
1518947474113374464,不算什么新想法，我小学时就在很多科普科幻书籍中见过了,34.415,1708163849,8d99378e
1518975570909053440,这些是谜因或者说是模因,88.047,1708167198,8d99378e
1518988018554381824,索绪尔《普通语言学教程》,207.331,1708168682,8d99378e
1518990509333373696,有没有可能神不需要语言,334.629,1708168979,8d99378e
1519019224050573312,手机便是魔杖,65.464,1708172402,eb2d8318
1519077329471963392,斯人已逝,155.313,1708179329,5ae573e0
1519119575835716352,终于有人说这个了！,14.259,1708184365,852f32d4
1519176036183758848,咒语 密码？,158.411,1708191095,f8fa38dc
1519415599787310080,摩西摩西,333.508,1708219654,a5fd0f2a
1519616248227790080,外星语吗,248.364,1708243573,c67dfee9
1519674270610095104,6++++++,227.168,1708250490,3ed244f1
1519776711493963008,梵文,128.253,1708262702,cac1ea43
1520599627219771648,"Hey, Siri就是一句咒语",52.979,1708360801,62dea387
1520960370053912832,把这个换成语音识别就对味了 哈哈,285.435,1708403805,6c47009f
1521046991315212032,一人之下--巫妖  神格面具,189.927,1708414131,484718e1
1521313780892562432,计算机语言和程序验证,344.643,1708445935,73ad9a4c
1521828578877088256,什么亚空间,274.869,1708507303,3f564a18
1522141123278263296,讲好一个故事,84.475,1708544561,749148d6
1522245180462621696,有没可能是为了所谓神秘感，你不懂就觉得神奇而已，有可能经文只是说你吃了没之类的话,349.408,1708556966,c4f0a743
1522338742013231104,言出法随！,72.482,1708568119,d4df00e7
1522739676061328128,言出法随,96.474,1708615914,9242b9d5
1523493689731924992,南无阿弥陀佛,132.559,1708705800,ed3aa3fa
1523727651624210944,说不定就是外星人教了一半,313.746,1708733690,9accefd7
1524238675792495360,古语或者外语加上误读？,120.786,1708794609,eb9bb181
1524350810652467456,纳米机械可以实现的,73.747,1708807977,3e145f2f
1524871559263616000,这其实和人类的傲慢有关,322.405,1708870055,334b68cd
1524951088132848640,宇宙系统的cmd指令,36.891,1708879535,4506ee92
1525478414050475264,大家不要误会这里，只是为了解释咒语，是一种娱乐的方向。研究的并不是宗教的政治性,325.499,1708942397,b958d312
1525514254814519040,唱诗人,282.422,1708946670,b6955852
1525986563543289088,失落的史前科技？！,42.619,1709002974,ea787008
1525990164084938496,有没有一种可能翻译后会失真？知其意，却不能知其境,315.411,1709003403,ea787008
1526707221625564160,已经关闭了，神远古的时候为了调试留的GM接口而已,51.784,1709088883,ac9c7a53
1527043400309016064,真名,289.935,1709128958,f2719655
1527406274621540096,遇事不决，外星语言,254.434,1709172216,b5f326f3
1527518713752931072,阿瓦达啃大瓜！！！！,75.721,1709185620,acc807f1
1529578567409916928,惊！晴雅集？！,29.392,1709431174,43bd4e89
1529581902888364032,一种保持自我文化的方式而已,313.873,1709431571,662e91a1
1530203757764441344,神秘主义,333.339,1709505702,961f4073
1531427263931784704,菠萝菠萝蜜~~~,139.178,1709651556,d798ad0c
1531911304212702464,？？巴利三藏是原始佛教语言，记录不应该是原始佛经么？怎么会翻译不出来,245.83,1709709258,1b499427
1532035581700394752,梵文,233.951,1709724073,180c64e8
1533269809557922048,我们所有的念想都是咒语,70.357,1709871204,62081682
1542529958940243200,是的，有的看似是梗，其实有些力量在的,90.778,1710975100,32e70d68
1543111050709208832,桐人：system call,56.917,1711044372,1fa48e31
1544947092043549440,想起句话，科学的尽头是玄学,207.987,1711263245,3e3a2c80
1547095614930966784,其他语种的经文怎么呢,303.683,1711519369,e6a80cdd
1547958184134834176,这里还有个悖论，当一个种族发展了一个宗教。那么肯定是这个种族的宝贝,330.11,1711622195,e32b7191
1548159716230860800,这不是维护正统核心地位的需要吗？,316.706,1711646219,41484aff
1548278444176366080,怎么证明或者证伪,44.389,1711660373,aa9228fe
1548340582077118976,表音文字,253.179,1711667780,26c06ef
1548341319083226368,为了最终解释权,332.879,1711667868,26c06ef
1548698437929915648,拉莱耶语,233.375,1711710440,cc4815cd
1549523100742364416,伊卜拉沙~,235.001,1711808747,145aa409
1555920021157790720,我也会：“小爱同学，帮我开灯”,47.483,1712571320,a7828a4c
1578907644843075328,就是高维能量语，链接你和你的原神,77.328,1715311658,89a93e3c
1579045791392150016,是高哥特语和低哥特语的意思吗？,256.159,1715328126,efbe4fb1
1579600572553052928,一陀翔,19.0,1715394262,c2ffcf2b
1593186662605772544,想让咒语变成真，你必须从相反视角观测咒语的实施～,6.368,1717013850,d9f65bf6
1595352854670238464,古神语,279.125,1717272080,548c6421
1613232999364002560,以前人少,319.025,1719403559,e64c5464
1625946687002524416,宇宙的代码,40.819,1720919149,3d151d8e
1639155093452823296,小孩子灵性高,163.464,1722493714,3b877167
1657286574037113856,科仪 密咒,211.368,1724655155,257a1ebb
1671812029079470592,宇宙编程语言,348.506,1726386724,67547af9
1685437688540383232,还有宇宙语,256.42,1728011029,f2f5aee3
1693835141027384576,巫在古代是指可以沟通天地的人,173.132,1729012083,76537ad9
1710183110169744896,没错，只要戏台子搭起来，没人也要唱，因为有鬼神也再看,183.934,1730960913,9820c3cc
,,0.0,1775655591.4716349,
lb.c,,0.0,1775655591.4716349,
,,0.0,1775655591.4716349,
1510900560373553408,撞到真空容器壁之后能量引起了容器壁的形变和内能增加，也就是做了功,659.79,1707204582,b9f37c81
1510900651868260864,现象难道不是人规定出来的吗？,458.885,1707204593,b7253f15
1511025437420547840,这里bgm有人知道吗,518.722,1707219468,9039f3b4
1511030251256490240,这个有解释,449.298,1707220042,1555eca4
1511042247267934720,达摩是真实的历史人物啊，有记载的,360.85,1707221472,3d58d951
1511091314459339776,光音天,449.444,1707227322,4404adee
1511091935325041920,光音天,447.529,1707227396,4404adee
1511092919216725760,阿凡达团建,389.076,1707227513,165e8d50
1511105664078934784,真空中应该是没有物质媒介来共振,579.255,1707229032,ff133554
1511151090589253376,那么问题来了，神无所不能，为啥不啥语言都懂,402.783,1707234447,4653de3d
1511177058464783872,这个逻辑有问题，就算耶稣真的复活了，那后世的人都没见过又凭什么相信，那没见过的后人可以相信，没见过的前人就也可以相信,385.196,1707237543,a002bc65
1511180170973705728,阵法？,686.459,1707237914,6d8b995d
1511196360635076352,吊在板上的原因,581.869,1707239844,8e8a9411
1511282684226246912,相信神存在≠神真的存在。,394.928,1707250135,be6a4a57
1511337549380404736,相信相信的力量,406.35,1707256675,d23c6e91
1511344816028825856,这个应该是心理学。,421.01,1707257541,86ff93e9
1511444496154427392,啊，竟然有文献？,539.327,1707269424,57b0d9a5
1511492257423854848,是催眠学，不是心理学，在很多时候是超心理学的概念,516.282,1707275118,2a863fc8
1511508387635012608,现象不是人规定的，是人发现归纳总结的，无法复现没找到规律的就是神秘,468.904,1707277041,3e818a27
1511522047493633792,"祝由术算不算,听说确实有一定效果",428.512,1707278669,f0e5ceae
1511531083693425920,共振就是功放,624.337,1707279746,3291c759
1511536718556469248,可以理解为神灵C语言,509.384,1707280418,25a3a2fb
1511545975553024768,遇事不决，量子力学,497.303,1707281521,18d3d9b6
1511604753430393344,好像臭名昭著的水知道答案也提过类似的理论吧,656.368,1707288528,c0dcfb2c
1511628251397654528,耶稣也是真实的历史人物啊,364.559,1707291329,be83c184
1511695680824204032,曼陀罗,630.593,1707299368,2b4097c
1511698937155826944,声音不是消耗了能量才出现的？,477.243,1707299756,e274e0d6
1511868531464402176,灵能科技会引发亚空间天灾,434.039,1707319973,de100637
1511906428947239424,这种事是完全有可能的 但是距离神学 十亿八千万光年,522.151,1707324491,fe023968
1511907011250652928,真空不空 朋友,583.404,1707324560,fe023968
1511986773247507200,别迷信了，就算法翻译成同样的语言也是近似意和本意肯定有区别的，声音也分很多种，人与人听到也会有差别，这方面确实大家都不懂就看谁在那装，相信科学，拒绝迷信,411.888,1707334069,3b533936
1511992122906106624,只要别傲慢就很难迷信,487.448,1707334706,3b533936
1512399397458329600,逸散成熵了,482.04,1707383257,e490b69f
1512416070420826624,全国无论南北，都有一种去除喉咙鱼刺的祝由术。无法用现代理论解释，但真管用。,424.813,1707385245,218bc651
1512417522790590464,压点效应会产生电磁波，另一块同规格压电材料能够接收同频电磁辐射。,532.909,1707385418,218bc651
1512553623576776704,这太扯了,499.588,1707401642,3ff15c6
1512961307039537152,听音识曲,557.452,1707450242,3b054801
1513120392393488640,曼陀罗 荷鲁斯,627.43,1707469206,cb704783
1513607207155996928,祝由术,431.192,1707527239,4c09d4ff
1513712709210978816,千里传音,544.654,1707539816,51e24fc0
1514046186527756800,金花,637.486,1707579570,2e37a580
1514414867174400768,扯什么？的布罗伊物质波也是这个差不多的情景,506.264,1707623520,2610031c
1514810229593054464,有时候挺好使的,424.53,1707670651,7abc00a5
1515079558796536832,是语言就能承载,442.446,1707702757,19d790a7
1515889347617151232,言出法随,688.232,1707799292,38e0cfa7
1516074366621033728,有体验，比如快睡着半梦半醒间有时就会听到别人的说话声,510.885,1707821348,87b7cc89
1516142762431414528,巫医:我用的巫药是地塞米松,371.827,1707829501,7885fa40
1517231888501551872,能量在引起介质震动时就损耗了,667.08,1707959335,b02b4760
1519097112141709824,脉轮,632.163,1708181687,b79fb829
1519149031283219968,六字大明咒的“唵”字声波成像出来的就是一个坛城的模样,702.861,1708187876,b4116d28
1520413688194932736,只看结果，不看过程,434.976,1708338635,18f90f29
1521193655723901440,打电话不也是这样吗,543.23,1708431614,1afc700e
1521515294374641152,很多佛世界是以音声形式存在的就是这个意思，佛说法的音声响彻三千大千世界乃至无量无边世界却互不干扰，个人推测原理也是如此甚至更高端,646.222,1708469957,2bc7f25d
1521869830855307520,九龙化骨水,428.984,1708512221,5e5b832e
1522614177301480704,我都不知道我是從哪裡開始聽不懂的,680.949,1708600954,e5b3855e
1523056658296037376,虚拟世界么？,434.293,1708653702,11aee060
1523111823023342080,这也是因为有电场啊,525.467,1708660278,caf65355
1523399379279849984,真空量子涨落产生虚粒子，这些虚粒子可以震动传递声音,509.3,1708694557,e0aa4922
1523733545385058304,就像音乐会影响人的情绪或行为,589.669,1708734393,c0cf273f
1523896536491566336,神说要有钱，于是真的有了钱,407.087,1708753823,a623f050
1523921070451773184,直接操作底层代码的意思？,460.701,1708756748,bc3c5dc4
1524083323922976512,听不懂，但是爱听,547.719,1708776090,3238262a
1524151221777249792,我想到了催眠！,451.94,1708784184,31a50c5b
1524872064241377536,找个海妖，她们有语言插件,395.524,1708870115,4df1c005
1525795062360167424,如果是相同结构的设备，很有可能只是因为固有频率相同,579.875,1708980145,38db071e
1525895530184793856,魔术？,376.219,1708992122,2846fd25
1526905709101803520,源代码,625.148,1709112544,53713d10
1527805746459515904,可以用同一条鱼用火烧软 放水中喝下去就可以了 没试过 可以试试,428.36,1709219837,c3660b3b
1528746137987852032,抵抗重力我笑死,447.8,1709331941,b18ca3c3
1529391240104563712,真空没有空气啊，能量没法传递呗。,474.731,1709408843,acab398a
1529393029109376512,图案与物质形成未必有关联，结,685.81,1709409056,acab398a
1530561309647992576,原神，启动,440.699,1709548326,7039cd78
1530563428618802176,原神，拯救世界,685.059,1709548578,7039cd78
1535763481922828288,你好。地球人,502.126,1710168473,369f2308
1538300396295406080,当你相信神存在的时候，你无法分辨神不存在,400.555,1710470897,380fb161
1543391465777099264,太阳：那我走？,403.631,1711077800,e185455b
1543744512340334080,雷达？,682.265,1711119886,3ab4cc58
1545168316992144640,别着急反驳～人家都有资料的，又不是信口胡说。先看看中不？,522.289,1711289617,2a2f81cb
1547835726564081664,大型演唱会,392.023,1711607597,ef69e866
1548724242135296000,这不是共振，这是系统的耦合运动，不要望文生义,587.954,1711713516,5e86f2be
1550077398274505728,披着科幻外衣的外星非洲,415.033,1711874825,594a703a
1551541533415911424,画符？,697.612,1712049363,f686d65e
1551666175614980608,电子设备的声音和人体的一样吗,654.95,1712064222,af883166
1559681438692134144,频率,462.398,1713019716,1d73ca06
1565534952362303744,分形几何,688.766,1713717509,5db64ff1
1578153244038174464,非局域耦合机械振子的同步及奇异态,589.095,1715221727,4350c6ed
1582038471336594176,史前超级治愈机器人，通过语音交流借用,417.043,1715684882,97213204
1587104621032583424,突然串戏到了浮世叁千问233,549.603,1716288814,482d75e4
1589353646557061120,看到这个我立马想到了麦田圈的图案,681.825,1716556919,5931d69a
1605616503556794112,==没人说达摩是神吧？佛教从来说佛是开悟的人而已,401.019,1718495602,926fe657
1616096372220716544,那就是每个读音都与某种波共振，或组织成固定的波形组合，这样的波形组合就产生某种能量，达到一定强度就能影响能量场,475.339,1719744900,13b5d3c3
1616896630853157376,转化成内能了啊,473.553,1719840298,22286d56
1622573075915028992,逗猫棒,585.05,1720516983,72808daf
1623704623200179200,真空不真，即使太空，也是相对真空，不是绝对,499.219,1720651874,4c99fc82
1639981537342845184,总裁那里看过这段,603.241,1722592233,95e48e44
1655747505583124480,麦田怪圈,690.774,1724471683,b7d61015
1657054149197909760,所以皇帝学天人的音乐就是为了拯救当年的人,705.618,1724627447,bb2b695c
1684301329097158656,节拍器,580.965,1727875564,fea2e132
1707933810337497600,神“说”：要有“光”,450.231,1730692776,c87e78db
1786962726779324416,首先发出声音的东西你必须得给它一个定位，或是锚点，一切从它出发才有对错，或许这就是人类限制？,712.141,1740113757,5486f4a0
,,0.0,1775655591.4716349,
lb.c,,0.0,1775655591.4716349,
,,0.0,1775655591.4716349,
1510908556394966784,芭芭拉：治疗就交给我吧,914.772,1707205535,66b8a922
1510931899072224768,就算时空不连续，我们感受到的也是连续的。,1022.773,1707208318,de0d96f7
1510932180552081408,比如：眨眼补帧。视频一顿一顿的，可是在我们看来，就是连续的。,1024.733,1707208351,de0d96f7
1510932571318612736,卡顿，对于连续来说，通过对比，才有卡顿。,1026.053,1707208398,de0d96f7
1510939667150138880,细说深入,977.537,1707209244,6840d8d4
1511037968390157824,图穷匕见,773.855,1707220962,f2194801
1511107728758915584,这是波纹攻击,919.726,1707229278,ff133554
1511108334592237824,开始看不懂了,1019.318,1707229350,ff133554
1511115165905922560,我喜欢,775.271,1707230165,21836113
1511154999126838016,那如果光可以被力吸引或者退离呢。。。,810.518,1707234913,4653de3d
1511215457519212800,这个招数电影里的神婆经常用,949.238,1707242121,833e8924
1511244701272300544,法术：言出法随,847.578,1707245607,ddd5415e
1511440245227354368,时间是否存在都是个问题，讨论这个,865.197,1707268917,cb122b68
1511450399830701568,魔术大师,951.539,1707270128,c35938f7
1511467769114449152,万事不决，量子力学,1006.523,1707272198,5d76bd6e
1511492002686982912,其实是魔术而已,992.258,1707275087,1253f646
1511543661714979840,如果魔术能救一个濒死的人就好了,1003.873,1707281246,f0e5ceae
1511544817807974400,我还以为我屏幕上有蚂蚁！！！,960.27,1707281383,275bd317
1511551857225513984,？,956.623,1707282223,18d3d9b6
1511686273318952960,遇事不决 量子力学,999.821,1707298246,afd6932a
1511694476094334976,图穷匕见+1,789.081,1707299224,e7d94bb0
1511739552522725888,这不会是芭芭拉的原型吧,919.964,1707304598,68b8b69b
1511765376005291776,所以关键是理解共振的本质吗，共振为什么存在,720.256,1707307676,d3926e93
1511837427696720384,我的老师跟我们讲过很多这种，老老师懂的很多，都给我们讲，现在可能没老师知道了,969.57,1707316265,928db7c7
1511839115250015744,不是魔术，我那个老老师说，超自然跟化学物理学有关，不是假的，只是我们现在不懂,996.13,1707316466,928db7c7
1511872289778621440,"光不会被引力吸引,而是沿着空间最短的路径传播而已.所以黑洞是扰动空间而非拉扯光子",823.721,1707320421,de100637
1511937045143108608,因为观测了,1052.265,1707328140,54505dd5
1512001545351270912,众所周知宏观效应会有一个概率趋势这不就连起来了？不想卡bug也不是不可以,1026.596,1707335830,3b533936
1512232402234451712,有没有可能芭芭拉学过医学，打着巫医的旗号在实施专业手术？,996.828,1707363350,668f1692
1512476769406749184,噗，再见,981.123,1707392481,2192b47c
1512608267246103808,就象我们看动画片那样，动画片也不是连续的，只是我们觉得是连续的。,1031.334,1707408156,aaba05d6
1514049108397391616,这类魔术手法被揭秘过,954.314,1707579918,2e37a580
1514763847821686528,科学的尽头是神学,1067.514,1707665122,ec0293b2
1515115708605221120,不，相对论证明时空是变量,782.777,1707707067,9ba94f75
1515382011794174720,路西法,799.388,1707738813,8b55cc44
1516202209334213888,遇事不决量子力学,989.899,1707836588,8e9d9c30
1516399092161618688,有没有一种可能，一切只是场物质流动产生的变化,857.976,1707860058,e4ab6b8a
1516472943654308608,直到魔法揭秘开始播放,997.288,1707868862,dc228f33
1516934833941766144,主要就是，声音的能量太少了，除非是有放大器，或者类似引动雪崩一样的引子,846.614,1707923923,8384b083
1516941263289824512,说其他我还不一定熟，这个芭芭拉帕奇塔不久前我还看过揭秘,875.114,1707924690,8384b083
1519459610443232512,芭芭拉 冲鸭,875.621,1708224900,bdcd674a
1519521141822387200,法器？,863.309,1708232235,85109700
1519734356447349760,我记得有书说 唵 代表世间万物,745.784,1708257652,6e104b80
1520925161463963648,造神嘛，哪都一样,977.215,1708399607,39380461
1521520242915206656,黄帝外经到底什么内容啊,953.712,1708470547,2bc7f25d
1522305516666245888,芭芭拉冲呀！,901.502,1708564159,cfd4b043
1522600013229157888,你这个芭芭拉回复效果有点强,901.821,1708599265,afb33c7e
1523116779063697664,这就是芭芭拉原型吗,894.658,1708660869,caf65355
1523117225723492096,研究出来可是能“水”一篇论文的啊，怎么会有学者不感兴趣呢,921.75,1708660922,caf65355
1523826720631923968,所有的一切都是能量的互相干涉,868.615,1708745500,3c7337bc
1524834345603342592,遇事不决，量子力学,990.708,1708865619,2ecd090a
1525447203026720512,来困了..............,1051.074,1708938677,733e5dc3
1526071318246951680,那倒立行走是不是会活的久一点,839.812,1709013077,aec86728
1526213258074652160,就喜欢这句！,722.968,1709029998,a48a250c
1526215241627702272,芭芭拉冲鸭,932.186,1709030234,3fc86396
1528921959411564288,时空之王，命运道标,858.034,1709352900,f7ab0be
1529095836045338112,那是你念唵这类时 你的肌肉呼吸机都在随着你念这个字时有规律运动 按摩内脏,787.375,1709373628,b2446d3b
1529096324883104000,将无序混乱 通过振动变的重新有序，规律,845.558,1709373686,b2446d3b
1530200422705674496,我更倾向于时间是一把尺子 本来不存在只是为了让人类理解而造出来的工具 ,1065.539,1709505305,a5220fbb
1534711957620495616,因为思维是线性的,1034.803,1710043122,62081682
1543746423835697152,这么离谱？,910.195,1711120114,3ab4cc58
1546005639908824320,算了吧,907.089,1711389433,990cb761
1549518129745755904,苗医没病拿水,995.939,1711808155,ceb9f1ab
1551541810399105024,咒语就是用声音画符,730.627,1712049396,f686d65e
1551542719128959232,衰变，老化,838.951,1712049505,f686d65e
1562180038324307456,科学没有尽头。,1077.795,1713317572,59236c22
1577511418495228928,咒令：我，秦始皇，打钱！！！,886.446,1715145215,d59fe5b0
1578778053835180544,芭芭拉：演唱，开始！,890.933,1715296210,b897fdc1
1594020501347522304,黑客帝国,944.659,1717113251,10d4dc90
1615813523726791168,我每次睡不着就看他视频，一听就困，比安眠药管用,1041.055,1719711182,29578a32
1622577590823022080,幻影移形,1038.551,1720517521,72808daf
1639987416305571072,回调芭芭拉！,906.754,1722592934,95e48e44
1655797195032993536,湖北某个道教县的某个局长，就是被这种方式治疗的癌症，还拍了视频,957.966,1724477607,f85c634d
1682123295757073152,遇事不决，量子力学,986.771,1727615923,46c0c30d
1682123743473752832,缩地术！,1036.086,1727615976,46c0c30d
1693841864656055296,憨豆先生也干过类似的事,948.417,1729012885,76537ad9
1727377496854866432,读书时巴不得有这能力省下通勤,1036.921,1733010644,9d6fe986
1801466163009000448,高手啊,966.308,1741842701,705a891
1812420769691477504,怪不得蒙德城有个芭芭拉,992.077,1743148592,94749c01
1825597102567617536, 那光的散射呢？,816.808,1744719333,1a6d2728
1825599134908975616,电影中环节在他眼前上演，不敢想象他当时得震惊到什么程度,957.706,1744719575,1a6d2728
,,0.0,1775655591.4716349,
lb.c,,0.0,1775655591.4716349,
,,0.0,1775655591.4716349,
1510937110897690880,如果说是量子隧穿的话，概率极低，忽略不计。不如直接把射向他人的子弹，无伤遂穿到脑后。,1232.142,1707208939,de0d96f7
1510938654141682944,这难度，比空间传送还难,1249.191,1707209123,de0d96f7
1510941287778876160,言出法随？,1238.539,1707209437,520a78cf
1510960014297565440,有道理,1356.308,1707211669,73dbef55
1510973142066364672,我小时候经常混淆绿色和蓝色,1337.774,1707213234,2eb64d21
1511086203624329984,有合理解释了,1302.605,1707226712,903d032f
1511164230840225536,集体潜意识,1433.111,1707236014,4b967118
1511215250052352256,狼孩的故事如果是真的，那么鸿蒙讲座的故事岂不是真的？传道是真的,1431.28,1707242096,b789a2e2
1511218110945282304,所以自旋到底是什么意思,1100.438,1707242437,ad5cbc3e
1511255395841472512,思想烙印.  ,1347.877,1707246882,b694ac7c
1511404765434047488,这不是道家学说，这是道教学说,1156.319,1707264688,925a8e
1511431593041043200,阿赖耶识,1436.598,1707267886,cdf28e6f
1511460786487543808,本来就没有时间，,1087.225,1707271366,af3bc664
1511478139933912064,有道理,1368.836,1707273435,7a0bddcc
1511516709016718080,阿赖耶,1437.162,1707278033,3e818a27
1511533126998994176,观测物质世界必会对物质世界造成扰动，也就是互动，所以在微观世界，所有观测均是与物质互动后的结果,1368.97,1707279990,2b0a5cad
1511534374871452416,陀一定是博士后，逻辑，章节环环相扣,1206.486,1707280138,62081682
1511536152619183104,这就是地球ol的规矩呀,1351.549,1707280350,baaac14b
1511592607808412416,我们的世界是虚拟的,1141.448,1707287080,6e468b55
1511730073613624064,意识冰山，水面上的冰山看似独立，下面却连成一片？,1434.891,1707303468,ed61d4d3
1511912129274695168,其实可以吃 你喜欢的话（用过的容易产生细菌 吃进去会生病）,1339.593,1707325170,d67e1d47
1512134764138867200,这点认同，在学校考试的时候，明明我自己不紧张，题感觉也不难，但就是脑子空白，不会思考，感觉自己的意识被别人影响了,1430.906,1707351710,95936744
1512240897428290560,五蕴,1348.701,1707364363,f7efa00d
1512262604377145344,假设空间本就在你只是在这空间里放了个烟花，接着烟花充斥整个空间并不断蔓延,1169.81,1707366950,6031d481
1512505554680108288,有些所谓的证明只是为了让事情变的合理,1411.255,1707395912,f49ebad4
1513928600649548288,懂了，太上老君是量子（bushi,1170.598,1707565552,1a1281fd
1514382712004454144,神学不为用，科技为用,1247.087,1707619687,26b4c7d7
1514692285949028608,这个突然出现，也许是奇点以外的更高维世界对它产生了什么影响,1165.973,1707656591,2562f491
1514708046239426560,因为人本身就在系统中,1295.196,1707658470,2562f491
1514710233921327104,绿色也可以叫green,1337.739,1707658730,2562f491
1514711110069364736,确实,1434.603,1707658835,2562f491
1516133256528101376,石头人是吧,1438.144,1707828368,eef05dc0
1519363206387544576,时间和空间是连续的吗,1312.594,1708213408,89704736
1519643780385783040,地球不就在自旋吗,1103.687,1708246855,9c248688
1521295412676657408,？？？,1192.427,1708443745,1892977d
1521523478031927808,所以各大正教都重视语言的作用，圣经里丈夫可以否掉妻子的发愿，佛教和道教都说言语能召来福祸就是这意思,1231.27,1708470932,2bc7f25d
1522116546367880448,这可以假设并不是不教，而是教不了，或者不知道怎么把这种共振甚至说同频的展示给我们，甚至这个可以理解为天赋说的夸张点也就是超能力般是独有的，可以传承但不一定遇到差不多能遇到一个对师傅会咒语一样有天赋的,1267.781,1708541632,f4485a9e
1522694772203129600,所以世界就是像素组成的，根本不连续,1123.286,1708610561,164ded48
1522697891523916800,集体潜意识,1437.666,1708610933,164ded48
1525303812967995136,混元行意,1136.666,1708921583,48beeaa6
1526282993864606208,矩阵,1348.66,1709038311,1596239a
1526913926909220608,真言咒,1234.346,1709113524,53713d10
1529101675288482560,一段振动同样是有序的 会改变无序 同样消除混乱的应力,1321.582,1709374324,b2446d3b
1529103192561254400,认知定义牢笼,1374.684,1709374505,b2446d3b
1535828119645251840,净土宗,1225.742,1710176179,a125d774
1539225571467521536,真空中各方向的力是相同的，但是空间被扭曲之后就会出现“引力”,1127.443,1710581186,9798cac3
1544269461069150720,薛定谔的猫,1332.189,1711182465,384ddeeb
1548355340456971520,为什么打死狼,1382.359,1711669540,26c06ef
1549858698313306624,一语成谶,1237.96,1711848754,6bfe7442
1550314692902376192,像不像一个游戏的世界，从仅有一个世界到加载各种内容的样子？,1156.541,1711903113,7991c86e
1554004188055479296,少数的听到一半，发现已经一句话都听不懂了的视频，世界真神奇,1123.397,1712342935,9cd415f0
1558134519037870080,AI开机了,1178.136,1712835309,569fb314
1579252691224311808,五蕴,1355.02,1715352791,36dd6ae7
1579800639058708992,假装自己能听懂。这是咒语的一部分。,1109.409,1715418111,1d5a13e1
1592047346571685888,普通人的意识、记忆太靠不住了,1339.163,1716878033,f9c33a0
1616905396319193856,《白发魔女传》,1392.275,1719841343,22286d56
1628290035444993792,其实是不确定原理,1291.341,1721198498,e9ae1482
1641605769663529728,言灵,1230.33,1722785857,885fe8e9
1650106204409803520,信则有，不信则无，是不是也是共振，相信才可以和对方同一频率才能感受到，不相信频率不对就什么都不会发生，所以同一个方法，有的人灵，有的人不灵,1249.341,1723799188,2562f491
1661697840449405952,开控制台了,1234.173,1725181019,766e2ccb
1688364293735441664,假的？这是有记录的，还被写入了教育心理学的,1406.421,1728359907,2852ec86
1801377511042126592,时间是人道的概念,1104.052,1741832133,bd550466
1801378425123447040,人类对游戏的开发与创造，像不像天道对人类社会的创造,1212.996,1741832242,bd550466
1806733657709799424,张祥前的《统一场理论》能解释这些现像吗？,1287.425,1742470635,e9102dea
1827140962385317888,你看名字也知道，原始既是原初开始,1133.215,1744903376,1e8ae9f6
1902998389101029120,来自于经验和集体定义,1348.111,1753946285,2f11bf61
,,0.0,1775655591.4716349,
lb.c,,0.0,1775655591.4716349,
,,0.0,1775655591.4716349,
1510906544102140160,这是否能证明一定程度上证明灵魂的存在？,1624.165,1707205295,b7253f15
1510910449561168640,这部分应该是荣格的集体潜意识理论,1440.31,1707205761,1492c5f6
1510914819380157184,是不是给乌龟养大我们也能长命百岁了,1482.1,1707206282,66b8a922
1510920275179427072,比如心里说谁，谁就会打喷嚏,1749.222,1707206932,f57edb10
1510935521063628032,少了云端的算力支持,1472.716,1707208750,fc3b5a83
1510938085855267072,我用在感应外卖员是否到门口了，突然身体本能去开门,1748.476,1707209055,fc3b5a83
1510939849174349568,最新研究，意识，滞后于行为。行为是明星，意识是行为的经纪人。先做，后记录，再修改，更新下一次的行为模式，然后无限循环,1611.618,1707209265,de0d96f7
1510940204163147520,观测者效应，只能说仅供参考,1639.328,1707209308,de0d96f7
1510941203993114112,开智,1688.672,1707209427,1175e65c
1510943420246570240,这是真实的,1483.775,1707209691,fb5a2a45
1510944543003220992,开悟,1713.61,1707209825,7414f425
1510961183887348992,因无所住而生其心,1706.063,1707211809,cf105ce1
1511035621878063616,乌龟那个没法验证，因为乌龟不是哺乳类不会养小孩,1485.194,1707220682,e81cc6
1511063764844415488,高维观测者,1482.859,1707224037,3d58d951
1511111395234618368,但是谁也不敢保证动物没有意识啊？,1506.329,1707229715,ff133554
1511209499552427264,全世界觉得世界是天堂，那么世界就会变成天堂？,1481.001,1707241410,be61b0c1
1511216834996027392,双胞胎？,1610.797,1707242285,b789a2e2
1511223146534047744,古希腊掌管某某的神（doge,1550.905,1707243037,ad5cbc3e
1511223961420548352,如数家珍,1623.444,1707243134,ad5cbc3e
1511228030968900864,应该有吧，比如幸存者偏差；你只记住了说曹操就到的情况，或者父母回家的时间是规律的，你的生物钟告诉了你，使你有所防备,1746.417,1707243619,ad5cbc3e
1511477452092956160,亚空间四小贩,1570.169,1707273353,7c4f903
1511495235413645056,共业,1629.976,1707275473,e6bdc74d
1511497316744741120,上帝,1497.298,1707275721,922862d0
1511508691051051264,阿赖耶识,1441.43,1707277077,aef8af5a
1511568011436567296,阿赖耶识,1692.985,1707284148,d2e363e1
1511621789049190912,凉宫春日的忧郁,1540.488,1707290559,c396cf1d
1511623568927411456,灵能者？,1602.063,1707290771,efbe4fb1
1511631995141424640,那么反过来是不是父母到家前会觉得你在看电视,1750.205,1707291776,c0dcfb2c
1511640842572549632,余光再广也广不到背后,1785.868,1707292830,be83c184
1511687451415241984,xia我一跳,1542.529,1707298387,b82e8d5b
1511708301216445696,提到荣格的集体潜意识，那就不得不提到他在中国看到的《太乙金华宗旨》，后来又翻译回来的的《金花的秘密了》,1735.111,1707300872,9d05f18f
1511795647848672768,悟道,1725.188,1707311285,22b0b17c
1511835804467800832,因为个人意识 改变不了 集体意识,1538.777,1707316072,12d7ee3c
1511842276740092928,【黑门】个体高度独立，目标高度一致,1574.604,1707316843,12d7ee3c
1511847891394797056,喧闹的教室里突然所有人都不说话了。。。。,1765.309,1707317513,32e883ab
1511851208367988480,这不就是佛学么,1697.612,1707317908,9a409ed0
1512144308310928896,答案很显然是能,1505.483,1707352848,a7dc3a93
1512507446907027200,未来人KFK说的2048年之后,1636.84,1707396138,f49ebad4
1512542422654299648,“小我，大我，无我”,1702.041,1707400307,9c484b9d
1513849460013352192,目光这个确实神奇，我从小就可以感知到后面有人看我,1790.395,1707556118,f3c434db
1514406144062621440,人生如梦 梦就是我 我就是梦,1687.096,1707622480,552666d8
1514627335700539648,膀光,1780.411,1707648848,c4510bcb
1515381706549783040,gumayusi,1584.18,1707738776,faace91f
1516918028389108480,神圣的卡拉链接这我们,1465.03,1707921920,999e69a0
1517597278641419520,是每个意识单位都储存了集体意识 是一个同系统中可以共享的系统,1572.941,1708002893,63d7d7da
1517666500956532480,阿赖耶识,1570.555,1708011145,a9fcc626
1518446959336199936,超心理學?,1652.517,1708104183,4d77aa7c
1518686839769391872,王阳明的心外无物？,1704.751,1708132779,b80c6dd6
1519156000530225152,本自具足,1738.358,1708188707,b4116d28
1519202762028528640,还有睡觉突然自然醒，下一秒家里人会上厕所，或者谁在外面开始吵，都有提前性,1742.498,1708194281,b4b0d916
1519465296652840704,我被监控了,1455.932,1708225578,bdcd674a
1519800696000798208,erf,1760.395,1708265561,3f86f535
1520216088720532736,人能常清静天地悉皆归,1715.183,1708315079,a950714f
1520302050620088832,阿赖耶？,1443.431,1708325327,3c73699e
1520317563220260352,我和老爸闻出饺子馅咸不咸 都没尝,1758.613,1708327176,4cbb01a9
1520611966702639104,量子层面的怎么检测？,1511.223,1708362272,5b4e526d
1520612472183090176,科学的尽头是神学,1557.242,1708362332,5b4e526d
1520613854860544000,我对信息的传播方式更感兴趣,1661.023,1708362497,5b4e526d
1520614712394699264,干掉意识，请潜意识接管,1729.544,1708362599,5b4e526d
1520616434609354240,潜意识也应该有一个特定的通道,1775.277,1708362804,5b4e526d
1521527782797361408,不然你以为各大教派的教祖们都是怎么拉人头的,1516.589,1708471446,2bc7f25d
1523572044858465792,光音天,1618.639,1708715141,64dba629
1523572161124859904,光音天,1628.666,1708715154,64dba629
1523572275033640192,光音天,1634.063,1708715168,64dba629
1523572371754514432,光音天,1573.019,1708715179,64dba629
1523747023587911168,吾心自足，不假外求,1711.148,1708736000,c0cf273f
1523816576254704128,人能常清静，天地悉皆归,1699.89,1708744291,82bd86f4
1526257160668196096,宇宙这破地方对我们来说太大了，对别人来说太小了，原子不到,1551.06,1709035231,812c45be
1526916016251444480,云空间,1477.227,1709113773,53713d10
1528515952529233920,背后看我我完全能感觉到,1791.179,1709304500,e10a7d61
1529106510876402176,不是的 心无或者空时 你的身体自愈能力因为没有意识干扰 而从混乱变的重新有序,1770.288,1709374900,b2446d3b
1530376323233619712,念力,1529.842,1709526274,5ebf297f
1534718542484718592,果然还是佛学最接近宇宙真相,1723.379,1710043907,62081682
1536894454429364736,格式塔,1458.951,1710303296,82c0412c
1544845675316129792,近朱者赤近墨者黑,1611.934,1711251155,8a1c28a0
1546345570111973120,神识传音,1624.429,1711429956,4c9bc43a
1547691396486664192,生物电,1787.056,1711590391,2f361cc9
1547828874304575488,感谢尊者,1716.918,1711606780,2924f963
1548014426916315392,量子纠缠,1441.439,1711628900,166ca231
1548417538671826432,有没有一种可能 因为是狼孩天天被展览 被折磨死的喃？,1459.171,1711676954,fa755f5a
1548563003577111552,阿根廷：这我们很懂,1732.447,1711694295,c2ebb559
1548730885837164800,亚空间竟遥遥领先,1563.0,1711714308,cc4815cd
1549298721945368064,战锤P都给我出来,1606.423,1711781999,b1be4194
1550142669161201920,所以一堆人许同一个愿望有可能成功？？！,1666.191,1711882606,426ba631
1550770763064439552,荣格是看太乙金华才写出这个东西的~道家核心,1735.942,1711957480,dd2809d
1555063178428207616,结婚十年后，就变成大智之人,1706.235,1712469176,d60f4f19
1558138007037515776,大圣灵,1585.527,1712835724,569fb314
1565316480193916928,阳明心学，不符合物质世界统治,1755.958,1713691465,a097799c
1578482733217387008,也许宇宙就是一台计算机,1495.132,1715261005,6a93eb7d
1579057566506747136,亚空间灵能,1573.999,1715329530,efbe4fb1
1579058387558354176,放个屏蔽灵能的设备就感应不到了,1631.979,1715329628,efbe4fb1
1579254921771946496,佛陀,1546.46,1715353057,36dd6ae7
1579256023708093184,心有灵犀一点通,1608.875,1715353188,36dd6ae7
1592049700339921920,看我用闪电光速拳打破这一切,1571.994,1716878313,f9c33a0
1612321553985591552,《黑科技》,1629.812,1719294906,a219ff4e
1625968406040107520,古希腊掌管意识,1554.605,1720921738,3d151d8e
1649055077350368768,给你个眼神，你理解一下,1636.409,1723673884,5aaf2537
1652352658549466368,灵觉,1641.621,1724066986,a16cb467
1661107407721556480,脑波可以散发，我之前在一次小区跑步的时候，想起了一首歌，但是我只开始发出一个音节，走在前面的人突然开始唱那个歌词了。,1604.769,1725110633,5d2d3a9
1682127693300132352,一直观测不累吗,1483.673,1727616447,46c0c30d
1701599915598113024,什么？个人意识？人从出生就在被环境塑造所谓个人意识大多只是环境结合以及自身思考的结果,1504.402,1729937717,dedb02ff
1701603790564615424,说的有理,1704.659,1729938178,dedb02ff
1783338091067602176,被重力束缚的灵魂,1524.8,1739681666,2c44889a
1783338729121912064,量子纠缠,1596.358,1739681742,2c44889a
1783339428169745152,元气弹,1675.578,1739681826,2c44889a
1786974265653554176,影响别人心理学上可以轻易做到,1504.76,1740115132,5486f4a0
1786975214421919232,心理学上一个人可以轻易做到影响别人，那么扩大一下，理论上可以影响世界，甚至物质不是不可以的！,1526.38,1740115245,5486f4a0
1786976220400488960,一个北海岸的猴子学会了用棍子，南海岸的猴子不久也会了用棍子,1592.42,1740115365,5486f4a0
1916143344204589824,进击的巨人是吧？,1622.518,1755513286,a8280c73
,,0.0,1775655591.4716349,
lb.c,,0.0,1775655591.4716349,
,,0.0,1775655591.4716349,
1510907383742748672,跑得很快，求生意识很强,1859.8,1707205395,b7253f15
1510918903147094528,他修炼了《太乙金华宗旨》,2023.924,1707206769,7de28024
1510991378388436224,借鉴了太乙金华宗旨,1837.888,1707215408,294d453
1511005315775364096,哈哈哈,1963.285,1707217070,927717c4
1511014668888519424,上帝之手,1918.028,1707218185,ca822b25
1511166440768539136,这个棋盘不对,2072.106,1707236277,4653de3d
1511371598396001024,有没有可能是来自DNA,1950.402,1707260734,7fac09c3
1511483614431370496,牛逼,2021.509,1707274087,7a0bddcc
1511485013181729024,如今的奇怪现象就是没有没有了封建迷信，而破除封建迷信的虽然不是科学，但是科学却已经快成为过去的封建迷信了，我们想看到一件事的源头的时候，就会可以加上所谓的科学,2130.976,1707274254,af3bc664
1511504705279391232,金花的秘密,1815.389,1707276602,a98acdbb
1511512530986694912,人活着就是为了结婚生子买楼买车,1866.718,1707277534,aef8af5a
1511559259358233600,是的,2055.246,1707283105,b98c9fb3
1511559430016283904,不是的,2075.589,1707283125,b98c9fb3
1511559759764321792,言的流,2114.893,1707283165,b98c9fb3
1511559948726130432,演的流音的体,2137.413,1707283187,b98c9fb3
1511560084688445696,言的流音的体,2153.621,1707283203,b98c9fb3
1511565634423857408,分不清~,1884.517,1707283865,933259ff
1511602383002993408,《周公解梦》,2037.176,1707288246,6ff793a8
1511624784738764544,某些时候也是知识水平决定的，夏虫不可语冰,2085.835,1707290916,50d5c8b
1511646783602726912,夏虫不可语冰是认知层面上的,2089.501,1707293539,be83c184
1511686028237673472,金花的秘密+1,1819.319,1707298217,a061f1a1
1512226107229853696,我认为，由于身体硬件相差不大，当思想到某一个峰值的时候，有可能会触发身体的某种开关，而引发现象,1877.869,1707362599,4000cde6
1512227452569843712,基因,1912.019,1707362760,4000cde6
1512227704295081216,基因希望存活、和延续的意志,1890.303,1707362790,4000cde6
1512236336088623360,或许曾经真的有魔法，因为人们认为世界上有魔法，现在没有魔法，是因为人们认为世界是科学的,2100.762,1707363819,4000cde6
1512239475148106496,人体，很奇妙吧！,2126.422,1707364193,27b83167
1512239655066593024,可是我在梦里是可以飞翔的,1994.485,1707364214,265b6271
1512362316396920064,好多次做梦都在飞，有时候觉得就算现实都能飞了,2001.879,1707378837,4220556d
1512364029216148480,其实有关联的,2134.299,1707379041,4220556d
1512480029035323904,鬼故事：进度条,1986.306,1707392869,65c077b4
1512511491256164608,就像那个著名的死囚实验，蒙上死囚的眼睛，在胳膊上滴水，但是告诉他是把手腕割破了，最后死囚死了,1998.61,1707396620,f49ebad4
1512758448813970688,……左和右的A和A以及左和右的B和B比较吗——相同,2073.468,1707426059,eb3ee6e6
1512924223243730432,说不同的吧图片保存下来吸取颜色画线就知道了,2080.35,1707445821,699e6f85
1514001847558388224,可我几乎记不得梦里的情形，甚至醒了后忘的很快,2013.071,1707574284,92e7c78e
1514629060230230784,共食性,1922.803,1707649054,c4510bcb
1515208208879558912,太乙金华宗旨,1820.396,1707718094,2562f491
1516831083335831808,曼德拉效应就是意识改变世界的例子,2115.96,1707911555,a0af2f4
1517339590636122880,一个人有个人意识，在群体中个体无意识,1856.843,1707972174,16f2bbca
1517340428742268160,基因表达的侵略和修改……,1922.122,1707972274,16f2bbca
1518340789556555008,这图不是著名的假图吗？,2076.051,1708091526,7bc7e17c
1518977214304181504,我用卫生纸遮住，亮度也是明显不同,2076.376,1708167394,7b4973e9
1519556650824935168,sOx的时候,1849.993,1708236468,bde99489
1519704264153583360,根本就不一样,1987.828,1708254065,c4176682
1519724956970561024,庄生晓梦迷蝴蝶,2000.801,1708256532,71375078
1520496850229345536,"我怎么彷佛听到哀乐的声音,,,",1958.693,1708348549,8d4759ff
1520618504934856704,你牛逼,1956.753,1708363051,5b4e526d
1520621387814055936,意识可以改变世界，方法、强度、时间,2113.674,1708363395,5b4e526d
1521535987929572352,乌合之众也说过这个事儿吧,1846.43,1708472424,2bc7f25d
1521537440450462976,一般来说治疗这种病的话求助巫医的多，以及，很多都是能量附体啥的就很能说明问题，总归是业力，负面能量集中在某几个人身上以之为祭品的话，守村人啥的就出现了,1900.246,1708472597,2bc7f25d
1521538643486181120,宗教里对梦境的解释更加合理而且能找到和现实显化的对应的特别多,1982.965,1708472740,2bc7f25d
1522429998416676096,我看过,2027.856,1708578998,1a2551f2
1522430086144580096,红叔，我是真的没有懂他的逻辑在哪里，因为确实讲了很多他的梦境，特别是二战的时候,2029.696,1708579008,1a2551f2
1522449276075153152,涂尔干的集体欢腾,1849.819,1708581296,2268529f
1522702111547525632,阿努纳奇,1914.388,1708611436,164ded48
1523066636838878720,《世界是一个巨大的人类补完计划》,1884.829,1708654891,ded02f3a
1524532962606070784,通过对比RGB发现，AB两点颜色是有明显差异的,2073.796,1708829691,22aa0f2b
1526036773640537600,人的动物性，也就是深层次潜意识占了肉体主导地位。人类受的教育是未了压制原始伤害性欲望，所以人性本恶？,1906.67,1709008959,5990b651
1526309394483435520,意识在我看来最大的作用是编码，而对我们行为做出决定的是潜意识，所以，我是意识在编码的时候形成的虚幻概念,1804.446,1709041458,f635abf2
1529108745760615680,中医精神病患烦躁的 是有身体热,2036.695,1709375167,b2446d3b
1529109335303665664,黑客的信息病毒会让硬件过载烧掉,2107.015,1709375237,b2446d3b
1530381264878675712,盗梦空间?,2050.537,1709526863,5ebf297f
1530381665493414912,"以前的日心说,地心说",2098.366,1709526911,5ebf297f
1534719463906337280,荣格就是星际宝宝,1822.664,1710044016,62081682
1539231689010641152,我们班级基本上看一眼就知道对方的情绪，而且，有时候我前桌甚至知道我在想什么,1801.193,1710581916,9798cac3
1539233523800655616,那是你要长高了,1999.187,1710582134,9798cac3
1543386100599866880,曼德拉效应,2122.645,1711077160,7b1896f7
1565315906044132608,佛学和道家比，差几个境界,1809.015,1713691397,a097799c
1573349828916924160,他有修炼,2032.259,1714649115,336113a1
1573350443558662912,太极,2102.099,1714649188,336113a1
1578361954559677440,有人尝试过AI解梦没？很有意思,2041.123,1715246607,d607362e
1590228868223436800,意识水平这词说的妙啊,2088.428,1716661253,32e70d68
1600658511925350656,我听懂了他在说什么。他说的没错,2052.81,1717904564,3080c9a7
1602239587080851712,看了东方的书 吕洞宾,1832.756,1718093042,69bea4b0
1624819953872344064,靠，颜色居然真的想通，具体看评论区,2075.46,1720784832,fe252aac
1649059446992731392,意识是不是种能量,2157.324,1723674405,5aaf2537
1657206902897253376,左右图不一样啊,2071.912,1724645657,bb2b695c
1786980775188154112,这点承认，多层意识观测的结果，总结的很好,2103.861,1740115908,5486f4a0
,,0.0,1775655591.4716349,
lb.c,,0.0,1775655591.4716349,
,,0.0,1775655591.4716349,
1510911112671956992,我们过于相信科学，认为他是真理了。这是否是一种固步自封？,2425.662,1707205840,b7253f15
1511043103258296832,免疫系统：啊对对对,2316.231,1707221574,2ab2c67e
1511044392453046528,从青城山下来的老中医让我感受到真实的炁,2355.993,1707221728,b35f19a4
1511116286984442880,不是抵抗力吗？,2322.185,1707230298,ff133554
1511235917728701440,←宗教神学等被认为与科学相对立的学科现在也被认为是人们对于无法用科学解释的现象的自我安慰,2429.827,1707244560,ad5cbc3e
1511272775527040768,好的中医实在太少 遇到是福气,2364.25,1707248953,dfbee101
1511487267166930432,针灸,2457.037,1707274523,7a0bddcc
1511488226815205888,最可怕的就是如今，已经脱离了所谓的封建迷信，可是我们脱离的真的是封建迷信吗，而且如今证明任何事情的时候一定要加一些有关科学的东西，这也是一种对科学的过度迷信吧,2424.626,1707274637,af3bc664
1511490249644360192,西医和中医还真不是有关联，这点我不认同，中医和西医文化上就是相反的，中医和西医不在一个维度上，一个年轻人发现了老者走过的路，你能硬说他们是有关联的吗，西方文化的弊端,2473.872,1707274878,af3bc664
1511491297306146304,在治疗过程之后，人开始认为自己会好起来？,2422.389,1707275003,85a4eac4
1511516174092251392,然而恰恰相反,2214.264,1707277969,aef8af5a
1511531146054523648,是的，上学的时候胃痉挛，当时生物老师，就用力掐我虎口，一点点的缓解了,2472.447,1707279754,2a157ba2
1511540666142896896,针灸：我TM来了,2449.592,1707280888,ac9066d7
1511560550700850688,是普洱的味我这,2209.157,1707283259,b98c9fb3
1511561083603974144,表象是化学的，本质是物理的。其实整体上化学是物理的宏观而已。,2394.803,1707283322,dc8b0e4a
1511562175272190720,是电脑制作的,2402.846,1707283453,b98c9fb3
1511562415010359808,电的载言的流音的体,2431.439,1707283481,b98c9fb3
1511616696140648192,有没有一种可能，人的思维就是高维生物思维在三维世界的投射,2233.578,1707289952,51f3e284
1511629591763218432,《金花的秘密》,2198.031,1707291489,50d5c8b
1511713660849069824,卧槽,2252.769,1707301511,9d05f18f
1511845184265346816,任何的任何，所有的所有，尽头都是易经。,2400.141,1707317190,2cb16c2f
1511848725457576960,每个个体意识都是高维意识的神经突触？,2239.216,1707317612,12d7ee3c
1512021031039366400,每一个字都看得懂，句意也知道但是深度不够就会产生一些别人一看就知道是错误的猜想,2435.828,1707338152,3b533936
1512219504078473472,S于新冠？,2246.511,1707361812,ad11dac3
1512243732911897088,个体影响主体，主体影响个体,2501.573,1707364701,4000cde6
1512397767090551040,中医里没有癌症这个概念并不是说不能这就能解释断肢者为什么还能感觉到到失去肢体的疼痛,2427.562,1707383063,5a4a6244
1512442956387476992,寡人二刷,2469.849,1707388450,85d43060
1512444733740298496,抵抗力，是个比较抽象的概念；你心情不好的时候，抵抗力就会差些……,2329.185,1707388662,ae0ac0c3
1512515443531734272,在圣经里有一些奇妙的描述，用身体必须人，用人必须身体。与这段类似,2500.145,1707397091,74b8ee47
1512549070609536000,针灸,2458.17,1707401100,9c484b9d
1512896328530001152,缓解没有用，不满意，要治愈。因为可能欺骗身体,2509.863,1707442496,1c12d50
1514036594607452672,不太正确，人的思维本身拥有更高维度，只是身体在目前空间最高只能是三维,2237.494,1707578426,4f1113dd
1514062225051420928,心理健康与身体健康确实关联很深,2304.737,1707581482,2e37a580
1515215889161593600,有听过得了癌症然后全世界旅游最后癌症反而痊愈的例子，也许就是脱离了致癌环境加上好的精神状态的结果,2221.041,1707719009,2562f491
1515795323803729664,这个真实体验，真的是这样,2292.632,1707788083,776bda24
1516057247812173568,经脉,2467.808,1707819307,82e8dd71
1516098734025386240,难道不是靠免疫系统吗,2217.268,1707824252,57df44d5
1516612670131155712,其实西医也有很玄的东西，比如免疫力，什么时候叫免疫力好，根本没有具体的概念,2352.269,1707885518,6697a20f
1516991386145065216,高维世界的VR游戏,2242.624,1707930665,48d70840
1517344831318743040,用人参、黄芪,2224.338,1707972799,16f2bbca
1517347802605385216,精神意识=软件信息，身体物质=下载3D打印,2410.515,1707973153,16f2bbca
1517582444402952449,卧槽，这就是天赋异禀,2209.346,1708001125,88fbb66
1518174427320574720,不是西医是现代医学,2493.541,1708071694,3c60f134
1519730201108750592,科学是方法，为何要不相信呢？,2430.059,1708257157,71375078
1520622084756373248,他修炼了,2190.139,1708363478,5b4e526d
1520623330330361344,自己！有个外国医生实验过，靠强烈的心理暗示治好了牛皮癣,2265.456,1708363626,5b4e526d
1520908359560115456,气伤则痛，形伤则肿。气比血先行六寸。,2463.567,1708397605,a0cafc8b
1520963744061128704,前面那个，火子哥直呼内行,2236.008,1708404207,80f2eb12
1520976130982018816,迷迷糊糊的是玄学 不解的神学 懂得科学,2164.245,1708405683,6c47009f
1521541107815769088,这算啥异端啊，打坐在基督教里又不是没有，很少有人修到那么深而已,2197.052,1708473034,2bc7f25d
1521544602920772096,万一西医本来继承的是黄帝外径那乐子就大了，岐伯万一就是那个希波克拉底岂不更可怕，很好奇当年恩基作为蛇族老大到底传了什么功法和理论下来,2474.618,1708473451,2bc7f25d
1523114759841384448,先生大义,2220.415,1708660628,db9cfae7
1523126538688596992,橙汁还是纯水,2313.98,1708662032,caf65355
1523127209450338816,地上对应马斯洛需求前两层，天对应后三层,2330.991,1708662112,caf65355
1525636257588286464,按摩！！！！,2448.508,1708961214,c53b682b
1528241822726842368,信念生物学,2263.622,1709271821,67438bf5
1529109935458407680,因为不到的时候没惊喜 你记不住 只有曹操到了 有惊喜 你记住了,2178.542,1709375309,b2446d3b
1529110732233364480,你意识紧张了 身体一系列物理化学反应 给你留下了太多应力,2273.522,1709375404,b2446d3b
1529112483883823616,但你的意识会干扰这种修复运动 天长日久 应力积累 你修复不了,2482.358,1709375612,b2446d3b
1534725077554193920,疗愈我们的，永远是自己的内在,2271.099,1710044686,62081682
1539356874623708928,睡的好，第二天精神抖擞心情自然就好，所以认为自己健康，重点在开心快乐,2335.221,1710596839,bfc60bba
1548194627050484736,那这个流行性病毒怎么解释呢,2357.649,1711650381,1d7ce053
1548737409313900288,针灸和点穴！,2457.962,1711715086,cc4815cd
1548993516074816768,针灸穴位？,2464.159,1711745616,6a29f185
1550050407584231168,把他理解成状态就行了，科学也是一种状态。,2376.561,1711871607,ccb411bd
1551006195068880640,我曾把气壁离体外，，还发出了影响世界的声音噗噗,2375.778,1711985546,f522bbb6
1555121621273371136,因为电的手疼,2473.939,1712476143,ea11837c
1565496225019493120,西医无法治疗检测不出原因的病症，但中医却能从不同角度解释并治愈,2218.107,1713712892,db9fdcf0
1571601289748546816,分形，局部是整体和自己的可变参数，万花筒,2504.482,1714440673,21037bc0
1573351739003034624,爽,2252.579,1714649343,336113a1
1573352303841283328,三魂七魄,2315.899,1714649410,336113a1
1573352830830809344,穴位,2374.619,1714649473,336113a1
1573353742068092672,任督二脉,2456.859,1714649581,336113a1
1578362787087190528,天魔入侵意识,2212.663,1715246706,d607362e
1579291454101486848,吸引力法则,2176.759,1715357412,ee107ec5
1580492236670840064,针灸,2507.608,1715500556,cfe44174
1582387350733290240,nonono，是玄学,2264.528,1715726471,19d5eff4
1590230282005697024,描述的很准确啊,2206.25,1716661422,32e70d68
1590232687867065344,这类人的意识程度较高,2296.406,1716661708,32e70d68
1590234558584909056,针灸的原理,2452.39,1716661931,32e70d68
1605835904344478464,足疗必须入医保,2518.927,1718521757,9969ad27
1626647873456418816,双系统是吧,2310.978,1721002737,8dd59655
1629547859357964288,在陕西上学时，跑遍各大医院一年都治不好的过敏，被一个小镇的中医14副中药治好了,2341.119,1721348442,29760c94
1650116862052451072,先天体质差,2285.144,1723800458,2562f491
1650261338385420800,阿赖耶识,2391.787,1723817681,a2dbbf2a
1682133631210146048,？？,2169.502,1727617155,46c0c30d
1682136044864119808,……这个所谓“先兆”用中医更好解释,2414.885,1727617442,46c0c30d
1784896564435635712,手术治不了疾病，只是切掉病坏的组织，最终战胜疾病还是靠自身免疫力,2269.278,1739867451,9cb0fde9
1786987271728803072,为什么那么多人总认为一切理所当然呢？你身体有问题，你第一想法是啥？,2446.361,1740116683,5486f4a0
1830415254694682880,这个就像很多人挠痒痒明明挠左手结果连带着身上一个地方也痒痒,2511.665,1745293702,16af4bf5
1862541813677282816,真相：活得百岁以上的人体内不是没有癌症，而是没有去过度处理，或者根本不知道。,2259.253,1749123486,fa202f09
1903035108337248768,嗯嗯，所以说科学一点是优于玄学的，所谓玄学，就是你没办法证明真，所谓科学是你要想办法证伪。恕我无才，看不出孰高孰低。,2433.468,1753950663,bd550466
,,0.0,1775655591.4716349,
lb.c,,0.0,1775655591.4716349,
,,0.0,1775655591.4716349,
1510952832432415488,经络,2577.363,1707210813,da322836
1510991273237134336,此处需要二舅,2787.883,1707215396,e61716b0
1511219917113070592,逐渐忘记标题,2540.273,1707242652,cd48e03d
1511241564939450880,也有观点认为量子坍缩是应为受到了外界的干扰，干扰源和意识没关系，比如一个光子,2647.722,1707245233,ad5cbc3e
1511250899723715072,质的变幻,2604.981,1707246346,99d607ef
1511251694502139648,有时候分不清是意识还是欲望或是意志,2699.741,1707246440,99d607ef
1511252858329573632,锻刀赛，奥德彪,2838.509,1707246579,99d607ef
1511489279375808768,集体潜意识是不是就是宗教里面的神,2696.952,1707274763,7a0bddcc
1511539839638453248,问题是双缝实验并不是意识干涉物质，只是对应的观测行为导致了结果不同，就像人眼观测万物只是万物把光反射进人眼而已,2598.026,1707280790,2b0a5cad
1511543098244037120,内观,2829.376,1707281178,2bd59f90
1511563184681708288,是承合,2523.182,1707283573,b98c9fb3
1511573785415964416,心理作用确实在起作用....现有科学体系认知下，确实离谱了,2616.921,1707284837,933259ff
1511574982160060416,看到这想起了我朋友总说的“有些东西的意思，只有在特定的语言下，才能不变形的完整表达出来，翻译成别的语言，就不是原本的东西了”，虽然他调侃的是网络河蟹,2683.356,1707284979,933259ff
1511633916526979840,进击的巨人-路,2675.093,1707292005,50d5c8b
1511780150743128320,催化剂是参与反应的,2548.702,1707309437,1eda1f81
1511852761502107648,这里可能指：被屠宰分割后的牛肉块的肌肉还能正常颤动,2847.467,1707318093,16cebda2
1512029021372691200,低于标准线的拉上去高于标准线的误导下去结局早已注定,2860.137,1707339105,3b533936
1512214670243791360,炼神返虚、,2769.67,1707361236,749823ac
1512214775856221440,炼虚合道,2782.265,1707361249,749823ac
1512247837205778176,或许养生主本来就是一个词，他有一个单独的意思,2728.225,1707365190,4000cde6
1512265698607546368,都对，文言文言简意赅,2710.272,1707367319,6df0c1d6
1512897040949031168,假说不能验证，就有点伪科学了,2559.982,1707442581,1c12d50
1512988025402061568,“名可名，非恒名”,2630.507,1707453427,bf7bf192
1514006800888858368,经脉,2527.311,1707574875,92e7c78e
1514008915740832768,催化剂很多种类的，有参与后还原型的，也有不参反应与只影响的,2559.507,1707575127,92e7c78e
1514065585376442880,不是推向玄学，而是曾经以为是玄学的现象有了能以科学理解的可能,2635.15,1707581882,2e37a580
1514637225634528256,庖丁·：舍不得刀,2834.589,1707650027,c4510bcb
1514643111123638016,维特斯根坦：语言的边界...,2698.257,1707650729,608c8027
1515917648968501760,玄之又玄众妙之门,2657.089,1707802665,38e0cfa7
1517587125145587968,要是长期催眠自己会怎么样,2725.298,1708001683,88fbb66
1517675852157326336,读金刚经,2672.59,1708012260,a9fcc626
1519780859342057216,感受到过，甚至知道是什么。但是害怕接触。,2665.365,1708263196,58acec7
1520469782808481536,道可道非常道,2629.481,1708345322,d762be28
1520627791895512064,我更赞同三个分开,2718.688,1708364158,5b4e526d
1521023430105978880,哈哈哈，前面的,2563.92,1708411322,b553b98a
1521547084388373504,克苏鲁了起来,2745.87,1708473746,2bc7f25d
1522708604589951232,是哪个意识在观测,2595.771,1708612210,164ded48
1523734953245245696,哈哈前面的，你是真信教科书上说的呀，参与反应本身就存在问题，能量一定会变的，也就是量,2552.856,1708734561,d8b5495b
1524372883437014528,人体有按钮，按下去就能触发某种联动,2562.916,1708810608,3e145f2f
1527738967150391040,性命双修,2796.143,1709211876,70a57111
1529115662369318912,都是要么一念正确的引起于正确的道路上让身体有序 要么就是无思像睡觉一样,2861.229,1709375991,b2446d3b
1530385645233783040,还有物理学,2572.795,1709527385,5ebf297f
1530387079006374400,练气,2743.662,1709527556,5ebf297f
1530388143193323264,"蚯蚓,壁虎断尾求生",2870.574,1709527683,5ebf297f
1532534714815294208,所有宗教的最高层都完整的说明了只是你不懂,2675.576,1709783574,a5469906
1534890321371221248,催化剂就是相信的力量,2561.12,1710064384,62081682
1547839603913129984,汉尼拔：庖丁解人？,2866.091,1711608059,2924f963
1565343465338884096,我悟了！随心所欲！想睡就睡，不行起床就不起床！工作爱谁干谁干，老子不爽，啥也不干,2865.521,1713694682,a097799c
1572567091251712256,养生=主；逍遥=游,2769.161,1714555805,372c8582
1590239059560099584,名可名，非恒名也,2630.965,1716662468,32e70d68
1590239493980714240,人的天赋差异,2665.61,1716662520,32e70d68
1590240603575560448,易经中的物极必反,2765.451,1716662652,32e70d68
1592060581706304768,啊，这个真没想到，有实证吗？,2560.711,1716879610,f9c33a0
1592061687744197376,大家好，我是新生代科玄家,2643.455,1716879742,f9c33a0
1594314014312289536,黄帝内经,2534.97,1717148240,10d4dc90
1616707099876686080,文惠君：解压短视频——庖丁解牛,2805.71,1719817704,67bcbd29
1626675886122125312,又回来了,2591.958,1721006076,5633d2a9
1631438955083855104,突然想起标题,2585.702,1721573878,21c7b3eb
1651791865642563072,有谁知道现在的背景音乐是什么吗？求求告诉我。,2643.134,1724000134,5f181478
1651794047494518272,AI识片酱,2699.113,1724000394,5f181478
1786991413704718848,分不清欲望意识的，修炼就是种方法,2714.281,1740117176,5486f4a0
1831179479373324544,早期解压小视频,2816.9,1745384804,b710be43
1831457109842711808,学音乐的人有体会，学音乐之前都是完整的听歌，学完以后现在都会无意中注意各个声部，很难完整的听了,2843.746,1745417900,dfe4b0fd
1862545145472995072,意识是其中一部分原因吧,2613.311,1749123883,fa202f09
2024269125094457856,我觉得是倒过来读,2729.341,1768402884,69b55d6
,,0.0,1775655591.4716349,
lb.c,,0.0,1775655591.4716349,
,,0.0,1775655591.4716349,
1510957622461777920,天魂,3128.676,1707211384,da322836
1511218571445973248,一个人不行的 量变才能引起质变,3198.341,1707242492,d42c8ad
1511230160643446528,阿卡西记录呗~,3238.541,1707243873,cd48e03d
1511530686627303424,NPC的集体AI啊,3237.649,1707279699,f170be36
1511568884010922240,是梦与愿望,3125.115,1707284252,b98c9fb3
1511570884618528512,是通灵的梦境,3206.23,1707284491,b98c9fb3
1511822907737834496,庄子：原来我时这么想的啊！,3134.221,1707314534,bda1f123
1512251072759342080,突然失去或者将情感带入了,3070.429,1707365576,4000cde6
1512252022500783360,灵光一闪，突然想到,3150.493,1707365689,4000cde6
1512252635288549376,其实是循序渐进，早有征兆，但大多数人无法察觉,3191.345,1707365762,4000cde6
1512253239452826112,那之前的猴子们为什么会开始蘸着海水吃呢,3230.319,1707365834,4000cde6
1512774213281604608,卧槽。混沌理论系统！！！！,3153.81,1707427939,8ed0c3de
1514016509931098624,你猜第一个发现螃蟹能吃的，到底怎么发现的？猴子又不傻,3209.326,1707576032,92e7c78e
1514073298105808384,迷因，或者说信息木马,3180.678,1707582802,2e37a580
1514583535271749888,第一只猴子受到启发后并做出的行动，是对猴子这个集体意识里编入了规则，从而改变了集体,3218.418,1707643627,c665640
1514639174123334656,自性,3026.532,1707650259,c4510bcb
1514640437590583296,更高的维度,3120.485,1707650410,81689b77
1514641035211329792,猴子阿卡西,3230.978,1707650481,c4510bcb
1514698547189152000,这里已经看不懂了。。。,2926.085,1707657337,9ffb6953
1514744780003978496,到这里就已经是我的认知极限了,2941.535,1707662849,9dd3ff7c
1514824981765295104,这BGM,2972.822,1707672409,e2780229
1515242570916536832,之前的是跟科学家学的,3233.369,1707722190,2562f491
1516890290877783552,火之意志,3111.925,1707918613,88702550
1518665084443254784,哎呦，不听了bgm太诡异,3049.544,1708130185,be292ef8
1518807268521512192,相信后人的智慧,3102.257,1708147135,f9adf723
1520316968576921600,应该是王浩，,3176.635,1708327105,3c73699e
1522419705653141504,形神俱秒，与道合真,3022.407,1708577771,be610f50
1523014509801892096,集体潜意识,3111.359,1708648677,1d21615c
1525945910948258816,传火,3093.569,1708998127,d2dd72c0
1526325358331251200,这里的理解就是形是个容器，而神就是被这个容器盛着的,2938.91,1709043361,f635abf2
1527744800521370112,薪火相传,3096.725,1709212572,70a57111
1527758035026471424,神能入石，神能飞形,2920.882,1709214149,62568114
1528889413248482048,传火黑魂,3116.323,1709349020,6f32af52
1530108341492489472,好困啊,3034.209,1709494328,5804464b
1534893210164506624,超体,2897.908,1710064729,62081682
1537580659072350720,想听妖怪篇,3181.802,1710385097,91e0a9c8
1544285120998244864,蝴蝶效应,3176.236,1711184332,384ddeeb
1544357386121272832,不会是共同意识吧,3095.67,1711192946,5783e517
1575480378784163840,信上帝,3134.598,1714903096,a388be22
1579708203527511552,问法官啊,3179.339,1715407092,36b4895d
1579948250130296320,精神,3090.485,1715435708,9b4ce596
1581621475461416704,这种背景音是什么，太喜欢了,3108.623,1715635172,de41b98e
1592064944445303808,你这CPU架构该优化了,2936.602,1716880130,f9c33a0
1592066053209484544,你也许不能创造自己，但至少可以改造自己，能不能创造也不一定,2998.077,1716880263,f9c33a0
1592067141253920768,我在乎的这一个失去了，我还不能难过？,3084.918,1716880392,f9c33a0
1596308833918038528,我还是会扶的,3164.151,1717386041,50e7d22
1606223054693128192,胖猫,3160.501,1718567909,daf8c946
1623418737971474432,昆山龙哥,3189.659,1720617794,db4ca287
1631442855685806336,大圣灵,3123.419,1721574343,21c7b3eb
1786995063336434432,如果潜意识是真的，那么人类身体的共生微观生物的集体潜意识是不是就是人类意识的温床？,3025.581,1740117611,5486f4a0
1806748969587135744,陀，你不是一个合格的科学家，但是，你是一个好心理医生！！！！,3076.512,1742472461,e9102dea
1916164431202230528,进击的巨人。,3222.153,1755515800,a8280c73
,,0.0,1775655591.4716349,
lb.c,,0.0,1775655591.4716349,
,,0.0,1775655591.4716349,
1510971530572945408,病毒也是,3260.161,1707213042,68adfe97
1510983347998903808,所以为什么说公众人物说话和行为是有影响力的。。,3271.184,1707214451,5344860d
1511047425832659456,虚空终端,3240.373,1707222090,8327211f
1511152281444385536,这个进度条够带劲,3267.0,1707234589,c82172ab
1511578410852420352,吃过,3323.709,1707285388,b98c9fb3
1511680385774603008,呜呜呜呜呜,3381.092,1707297544,350b71bd
1511864251613163520,好赞！！！已三连！！,3375.957,1707319463,a151a368
1511912731333112064,尼古拉特斯拉,3242.059,1707325242,e77b4efc
1512209128251316224,国之大事，唯戎唯祭,3343.927,1707360575,3d3ac38c
1512361484406102784,我说：看过这个视频的人都很快财富自由,3374.202,1707378738,c811e88f
1512905877231943168,如果可以，我请求我父亲的病症可以通过中医治好，不需要手术化疗,3385.38,1707443634,96c0ea62
1514017550168926720,这个叫榜样~,3263.867,1707576156,92e7c78e
1514052802664623104,巨人里也是这麽说的,3250.246,1707580358,8b405922
1514074494271267840,榜样,3250.657,1707582944,2e37a580
1514426217699705088,"随众生心,应所知量,循业发现",3338.047,1707624873,552666d8
1514467136347857152,传播学,3252.723,1707629751,fdae21aa
1514585089571321600,本质如up所讲，表观来看，是个体与其他体的互相影响,3257.288,1707643812,c665640
1514586357778151424,意识能向上编辑规则，从而让其他个体受到影响。,3375.288,1707643963,c665640
1515244400329096192,终于回到标题,3352.533,1707722408,2562f491
1515245365908168192,会，我赞美一个人，对方就会开心,3371.569,1707722523,2562f491
1515327875191339520,每个生物，即使不是生物也都有自己的编码程序，找到合适的接口，输入各种形式的命令就会产生各种光怪陆离的结果。。。,3381.143,1707732359,1ffbc1b5
1515820269367795712,言出法随,3371.896,1707791057,776bda24
1516768920881824512,我很有钱我会很有钱,3387.47,1707904145,70fd3c54
1516954469592933632,但是呢，很可惜，天地不仁以万物为刍狗，物质宇宙也不会因人的想法而转动,3336.001,1707926264,8384b083
1517633712840660224,真的已经三连了，你已经言出法随了,3390.09,1708007236,1733fcea
1518174832104131072,闭口禅开口定乾坤,3371.615,1708071743,8efd754e
1522714113464572160,阿卡西记录,3252.427,1708612867,164ded48
1522755371783948800,相信相信的力量,3370.14,1708617786,e361d6e7
1523774884663086848,不是八级大狂风吗？,3328.519,1708739321,66fc55c1
1525948176568456704,其实我也觉得我能影响天气,3349.825,1708998398,d2dd72c0
1526329365493732096,拉马努金,3246.818,1709043839,f635abf2
1527761067525454080,君子之德风，小人之德草,3264.903,1709214511,62568114
1528252348273969408,←前面发这个弹幕的，回旋镖在等着你,3334.468,1709273076,67438bf5
1528302863489519616,董仲舒的天人感应。。。,3335.263,1709279098,eb692ff6
1529666599341484032,岛上没有番薯，科学家带的,3240.346,1709441668,3c7337bc
1529668256988820992,首先得找到输入代码的入口,3366.077,1709441866,3c7337bc
1531277046981185792,原神，拯救世界,3377.201,1709633648,7039cd78
1532749734215975936,能影响天气？那不是萧敬腾吗？,3335.762,1709809206,a48a250c
1548578720279697920,关键小人物,3375.09,1711696169,c2ebb559
1561767342860648960,上传到云平台了，全人类的意识都在训练同一个AI模型,3240.735,1713268375,43544b2e
1579709736914476800,人定胜天,3362.094,1715407275,36b4895d
1592069102250627584,反正预知梦我确实做过,3243.288,1716880626,f9c33a0
1592069806364986880,罪己诏？,3318.523,1716880710,f9c33a0
1592070266757056768,所以萧雨神是怎么影响天气的？,3344.159,1716880765,f9c33a0
1606399670735766016,同样适用于所有宗教、政治,3277.292,1718588963,726a651a
1608730598024060416,终于绕回来了，哈哈づ♡ど,3350.983,1718866831,92bbae6d
1837860283956193536,刚开始说什么来着？咒语,3369.517,1746181218,eb39c167
1862551286277790976,媒体,3273.964,1749124615,fa202f09
1916166274984708352,等等，这不是董仲舒的天人感应吗？,3313.709,1755516020,a8280c73
1916166598281445376,这不是天人感应吗？,3285.004,1755516058,a8280c73
,,0.0,1775655591.4716349,
lb.c,,0.0,1775655591.4716349,
,,0.0,1775655591.4716349,
1510893569358271232,第一第一,1.699,1707203748,cde4d87e
1510899902287393024,因为翻译的过程信息会有误差,326.337,1707204503,18041a7d
1510909908177375488,大吹法螺，大敲法鼓,139.426,1707205696,6701cdaf
1510910844496804096,咒语：钵钵鸡 钵啊钵钵鸡 一元一串的钵钵鸡,264.042,1707205808,a2d527c6
1510919025335687680,角度新奇，有想法，尚,30.832,1707206783,68222e04
1510930940716041728,占座,18.899,1707208203,520a78cf
1510950755354440448,临兵斗者皆烈阵在前,56.422,1707210566,7ab67633
1510958798544962048,传播的都是怎么分红，知识垄断和解释权垄断是宗教发展的重要手段,322.894,1707211524,68222e04
1511034478041378304,如果宗教失去神秘性，被彻底解构，那会彻底沦为娱乐产品，甚至被遗忘,316.877,1707220546,9f3bfdff
1511181262969388544,好家伙，这时长老夫相当满意,4.106,1707238044,cd48e03d
1511182539002482176,阿达瓦卡达哇,80.78,1707238196,c5b1b916
1511222906066129664,更新了,2.219,1707243008,2d45ce45
1511226942186302720,八利三藏,254.169,1707243490,925a8e
1511242451145711872,是临兵斗者皆阵组前行,60.751,1707245338,56542bc
1511243862948012288,呃稍微做个思想实验就知道了吧，两人用同一个咒语博弈，宇宙会让谁的生效？,48.369,1707245507,61765872
1511247346108166144,保持神秘性,324.439,1707245922,9ba24f69
1511269600958901504,起源于远古的傩戏吧，只是语言到后面音调之类的变了,229.695,1707248575,9a4d5722
1511286993429352448,傩戏？,195.086,1707250648,40e8b606
1511371366191285504,一本老书，魔界英雄传,56.191,1707260706,d7472b31
1511371955406711296,宗教、民俗需要权威啊，和普通人分开,332.559,1707260777,a03619e9
1511443430792994816,读作频率,50.419,1707269297,f170be36
1511449130046897920,ai是语音是ai服务人。所以按这个逻辑理解 咒语就是人服务神，而不是神服务人。,39.02,1707269976,c9088b35
1511456406702981888,欢乐豆效应,18.499,1707270844,9a409ed0
1511458951899097600,唵蓝净法界，乾元亨利贞,57.505,1707271147,935d4258
1511460489002457856,嘛哩嘛哩哄,115.187,1707271331,f79d57f0
1511461124523224064,巴啦啦小魔仙沙拉沙罗全身变~,122.181,1707271406,f79d57f0
1511464619930060288,大威天龙，般若妈妈哄！,123.144,1707271823,2694a6a3
1511484128527372544,盂兰神功,201.216,1707274149,b5a2bfa6
1511493372387584768,酆都,186.259,1707275251,aef8af5a
1511501312163094528,六字大明咒,65.699,1707276197,3c847720
1511518557304159744,但是指定语言可以掌握解释权，你传播了但是不听我的，那有什么用,321.567,1707278253,5eea56d8
1511520194298916352,惠州人冒头,133.131,1707278448,f388d0d7
1511530496667056128,奇术师,38.359,1707279676,9f798b2
1511539736383475456,背景音乐很好听,238.293,1707280778,e98af137
1511542792294497792,电的载，言的流音的体！！！~,92.155,1707281142,b98c9fb3
1511568683934632192,太平歌词,176.762,1707284228,dccf1241
1511634527880466688,嗯，用山东话来读论语对吧？！,303.511,1707292078,d9096a03
1511682304282562304,细思极恐,65.85,1707297773,e7a6fc0
1511691840704061440,这根本不是悖论，宗教信仰可以共享，但宗教解释权不能，用这些与众生不同的语言是刻意为之,314.645,1707298910,10fe7ea0
1511767484339176448,你要弄清楚什么是咒 在从你的语来研究,107.255,1707307927,c04d39b0
1511770286520144384,但咒语往往需要支付代价,42.49,1707308261,3e66d107
1511813234556941056,普罗米修斯！！！,263.753,1707313381,a151a368
1511845043487872768,我们称为：指令【狗头】,102.28,1707317173,8872ac8b
1511858711323561472,一切都会好起来的,9.076,1707318802,f57b51b5
1511865453088102912,其实就是呼出控制台输入权限内的命令而已,68.929,1707319606,de100637
1511902250002346752,日落西山呐～～～～～ 日落西山黑了天,180.056,1707323993,fe023968
1511930684984525312,殄文,153.507,1707327382,4024beb
1511982163430892032,涟漪到一定程度要么忽视要么被摧毁,76.168,1707333519,3b533936
1512199663267418368,异世界舅舅？,279.895,1707359447,668f1692
1512239974622197504,说不定咒语就是神鬼的语言,29.139,1707364253,cfd7ca0d
1512317236235702272,老法师啦。,154.589,1707373463,ac63fe8e
1512342985545859840,往生咒的话历史不会超过两千年,99.669,1707376532,ec1e650d
1512350557044727040,就连网庙上吹的不靠神仙的道教也是不受箓不拜师无法入道,325.259,1707377435,ec1e650d
1512385944664624896,真语音系统？,300.179,1707381653,85182cf1
1512396870666703616,是的，在河南搭台唱戏，只要开始了，哪怕没人看了，也要唱结束，因为还有鬼神要看,200.4,1707382956,e490b69f
1512401437198811648,前排提醒，这视频不是讲神秘学和民俗，也不是讲符号学人类学的，纯纯的地摊文未解之谜系列,0.0,1707383500,ec1e650d
1512411536671438080,配的视频太烂，为什么不用倩女幽魂里的夺命梵音？？！,65.249,1707384704,df179fd2
1512412001694205696,古代佛经没有文字，都是口口相传。分组背诵互为备份，防止荒腔走板。,130.443,1707384760,218bc651
1512413195863024640,戏曲规矩：一旦开唱就必须唱完，就算没有人听，也会有鬼神在听。,187.237,1707384902,218bc651
1512470663531772416,商博良也不能翻译吗？,254.691,1707391753,2192b47c
1512575622239711744,汽车人变形出发!,34.061,1707404265,1c876ed5
1512675556465262080,爷爷，你关注的up主更新了,0.053,1707416178,e6b1cced
1512800259246878720,雅语？,188.839,1707431044,22a12544
1512835991520727552,加油加油加油,49.519,1707435303,e2e36116
1512878834314398720,急急如律令,116.139,1707440411,ac66a05
1513407398424177664,咒语是古代文明在集体潜意识上构造的系统操作语言 辅助你用神识力共振现实,50.326,1707503420,bb2b695c
1513519125832521216,我知道了，来念，大威天龙,271.527,1707516739,8471b486
1513825907696042240,世界的本质就是震动,35.041,1707553310,97783db7
1513854484185655040,吃葡萄不吐葡萄皮,140.116,1707556717,d2d434c9
1513867228041500928,咒语很管用的，楞严咒大悲咒超管用，,79.791,1707558236,92141b11
1513869470635296768,楞严咒很厉害,124.271,1707558504,92141b11
1513869954716362240,太极腔,181.873,1707558561,92141b11
1513870167694691072,符合太极转动的腔调,207.251,1707558587,92141b11
1513875250914631936,哈嘛噼,256.295,1707559193,697c73c5
1514040566067789056,失传的语言,231.848,1707578900,2e37a580
1514042597747022336,传播的不是教义，而是以神秘把控对神言宗教的释义权，进而掌控教徒思想,318.305,1707579142,2e37a580
1514082080827877632,有句话叫做末法时代，咒语可能就是可以震动那些魔法元素的发音。越大的法术就是需要越多的魔法元素加入,159.257,1707583849,1d9e85c9
1514199858108791040,背景这个场景和美女好美好精致,97.689,1707597889,543b1b52
1514355957059465728,言灵,83.299,1707616497,b1181568
1514357118193747456,包饺砸！,221.677,1707616636,b1181568
1515017413597801984,玛卡巴卡,5.733,1707695349,65bbde51
1515075022790625536,港片能作为参考？？？,193.326,1707702217,19d790a7
1515323257966851840,龙族,33.379,1707731809,2a0baa1e
1515352156562250752,天猫精灵。开空调,86.414,1707735254,651def2b
1515858433734178048,不是讲究天人感应吗？我认为因该注重感应。,283.302,1707795606,38b7cd34
1515967506836537344,代码也是咒文←_←,144.937,1707808609,a1427164
1516076378326696448,纳米机器人就是魔法元素,168.409,1707821587,78fb5fc8
1516259650881020928,我认为一定不会是种真正的语言，或者说一定没有规律,11.119,1707843435,c9cb581b
1516599242444146176,这些咒语可能是调整自己能量的一种技巧，但是前提是对自身能量有认知，现在已失传了,121.64,1707883918,be0efab2
1517403587184422144,我知道，同伴加压耗时3防夜袭，是神秘交谈,276.082,1707979803,e63ec77b
1517533032255605248,恐怖的时长,9.17,1707995234,d8d03db0
1518137113181289216,陀螺么,9.807,1708067246,7fb60ea5
1518947474113374464,不算什么新想法，我小学时就在很多科普科幻书籍中见过了,34.415,1708163849,8d99378e
1518975570909053440,这些是谜因或者说是模因,88.047,1708167198,8d99378e
1518988018554381824,索绪尔《普通语言学教程》,207.331,1708168682,8d99378e
1518990509333373696,有没有可能神不需要语言,334.629,1708168979,8d99378e
1519019224050573312,手机便是魔杖,65.464,1708172402,eb2d8318
1519077329471963392,斯人已逝,155.313,1708179329,5ae573e0
1519119575835716352,终于有人说这个了！,14.259,1708184365,852f32d4
1519176036183758848,咒语 密码？,158.411,1708191095,f8fa38dc
1519415599787310080,摩西摩西,333.508,1708219654,a5fd0f2a
1519616248227790080,外星语吗,248.364,1708243573,c67dfee9
1519674270610095104,6++++++,227.168,1708250490,3ed244f1
1519776711493963008,梵文,128.253,1708262702,cac1ea43
1520599627219771648,"Hey, Siri就是一句咒语",52.979,1708360801,62dea387
1520960370053912832,把这个换成语音识别就对味了 哈哈,285.435,1708403805,6c47009f
1521046991315212032,一人之下--巫妖  神格面具,189.927,1708414131,484718e1
1521313780892562432,计算机语言和程序验证,344.643,1708445935,73ad9a4c
1521828578877088256,什么亚空间,274.869,1708507303,3f564a18
1522141123278263296,讲好一个故事,84.475,1708544561,749148d6
1522245180462621696,有没可能是为了所谓神秘感，你不懂就觉得神奇而已，有可能经文只是说你吃了没之类的话,349.408,1708556966,c4f0a743
1522338742013231104,言出法随！,72.482,1708568119,d4df00e7
1522739676061328128,言出法随,96.474,1708615914,9242b9d5
1523493689731924992,南无阿弥陀佛,132.559,1708705800,ed3aa3fa
1523727651624210944,说不定就是外星人教了一半,313.746,1708733690,9accefd7
1524238675792495360,古语或者外语加上误读？,120.786,1708794609,eb9bb181
1524350810652467456,纳米机械可以实现的,73.747,1708807977,3e145f2f
1524871559263616000,这其实和人类的傲慢有关,322.405,1708870055,334b68cd
1524951088132848640,宇宙系统的cmd指令,36.891,1708879535,4506ee92
1525478414050475264,大家不要误会这里，只是为了解释咒语，是一种娱乐的方向。研究的并不是宗教的政治性,325.499,1708942397,b958d312
1525514254814519040,唱诗人,282.422,1708946670,b6955852
1525986563543289088,失落的史前科技？！,42.619,1709002974,ea787008
1525990164084938496,有没有一种可能翻译后会失真？知其意，却不能知其境,315.411,1709003403,ea787008
1526707221625564160,已经关闭了，神远古的时候为了调试留的GM接口而已,51.784,1709088883,ac9c7a53
1527043400309016064,真名,289.935,1709128958,f2719655
1527406274621540096,遇事不决，外星语言,254.434,1709172216,b5f326f3
1527518713752931072,阿瓦达啃大瓜！！！！,75.721,1709185620,acc807f1
1529578567409916928,惊！晴雅集？！,29.392,1709431174,43bd4e89
1529581902888364032,一种保持自我文化的方式而已,313.873,1709431571,662e91a1
1530203757764441344,神秘主义,333.339,1709505702,961f4073
1531427263931784704,菠萝菠萝蜜~~~,139.178,1709651556,d798ad0c
1531911304212702464,？？巴利三藏是原始佛教语言，记录不应该是原始佛经么？怎么会翻译不出来,245.83,1709709258,1b499427
1532035581700394752,梵文,233.951,1709724073,180c64e8
1533269809557922048,我们所有的念想都是咒语,70.357,1709871204,62081682
1542529958940243200,是的，有的看似是梗，其实有些力量在的,90.778,1710975100,32e70d68
1543111050709208832,桐人：system call,56.917,1711044372,1fa48e31
1544947092043549440,想起句话，科学的尽头是玄学,207.987,1711263245,3e3a2c80
1547095614930966784,其他语种的经文怎么呢,303.683,1711519369,e6a80cdd
1547958184134834176,这里还有个悖论，当一个种族发展了一个宗教。那么肯定是这个种族的宝贝,330.11,1711622195,e32b7191
1548159716230860800,这不是维护正统核心地位的需要吗？,316.706,1711646219,41484aff
1548278444176366080,怎么证明或者证伪,44.389,1711660373,aa9228fe
1548340582077118976,表音文字,253.179,1711667780,26c06ef
1548341319083226368,为了最终解释权,332.879,1711667868,26c06ef
1548698437929915648,拉莱耶语,233.375,1711710440,cc4815cd
1549523100742364416,伊卜拉沙~,235.001,1711808747,145aa409
1555920021157790720,我也会：“小爱同学，帮我开灯”,47.483,1712571320,a7828a4c
1578907644843075328,就是高维能量语，链接你和你的原神,77.328,1715311658,89a93e3c
1579045791392150016,是高哥特语和低哥特语的意思吗？,256.159,1715328126,efbe4fb1
1579600572553052928,一陀翔,19.0,1715394262,c2ffcf2b
1593186662605772544,想让咒语变成真，你必须从相反视角观测咒语的实施～,6.368,1717013850,d9f65bf6
1595352854670238464,古神语,279.125,1717272080,548c6421
1613232999364002560,以前人少,319.025,1719403559,e64c5464
1625946687002524416,宇宙的代码,40.819,1720919149,3d151d8e
1639155093452823296,小孩子灵性高,163.464,1722493714,3b877167
1657286574037113856,科仪 密咒,211.368,1724655155,257a1ebb
1671812029079470592,宇宙编程语言,348.506,1726386724,67547af9
1685437688540383232,还有宇宙语,256.42,1728011029,f2f5aee3
1693835141027384576,巫在古代是指可以沟通天地的人,173.132,1729012083,76537ad9
1710183110169744896,没错，只要戏台子搭起来，没人也要唱，因为有鬼神也再看,183.934,1730960913,9820c3cc
,,0.0,1775655591.4716349,
lb.c,,0.0,1775655591.4716349,
,,0.0,1775655591.4716349,
1510900560373553408,撞到真空容器壁之后能量引起了容器壁的形变和内能增加，也就是做了功,659.79,1707204582,b9f37c81
1510900651868260864,现象难道不是人规定出来的吗？,458.885,1707204593,b7253f15
1511025437420547840,这里bgm有人知道吗,518.722,1707219468,9039f3b4
1511030251256490240,这个有解释,449.298,1707220042,1555eca4
1511042247267934720,达摩是真实的历史人物啊，有记载的,360.85,1707221472,3d58d951
1511091314459339776,光音天,449.444,1707227322,4404adee
1511091935325041920,光音天,447.529,1707227396,4404adee
1511092919216725760,阿凡达团建,389.076,1707227513,165e8d50
1511105664078934784,真空中应该是没有物质媒介来共振,579.255,1707229032,ff133554
1511151090589253376,那么问题来了，神无所不能，为啥不啥语言都懂,402.783,1707234447,4653de3d
1511177058464783872,这个逻辑有问题，就算耶稣真的复活了，那后世的人都没见过又凭什么相信，那没见过的后人可以相信，没见过的前人就也可以相信,385.196,1707237543,a002bc65
1511180170973705728,阵法？,686.459,1707237914,6d8b995d
1511196360635076352,吊在板上的原因,581.869,1707239844,8e8a9411
1511282684226246912,相信神存在≠神真的存在。,394.928,1707250135,be6a4a57
1511337549380404736,相信相信的力量,406.35,1707256675,d23c6e91
1511344816028825856,这个应该是心理学。,421.01,1707257541,86ff93e9
1511444496154427392,啊，竟然有文献？,539.327,1707269424,57b0d9a5
1511492257423854848,是催眠学，不是心理学，在很多时候是超心理学的概念,516.282,1707275118,2a863fc8
1511508387635012608,现象不是人规定的，是人发现归纳总结的，无法复现没找到规律的就是神秘,468.904,1707277041,3e818a27
1511522047493633792,"祝由术算不算,听说确实有一定效果",428.512,1707278669,f0e5ceae
1511531083693425920,共振就是功放,624.337,1707279746,3291c759
1511536718556469248,可以理解为神灵C语言,509.384,1707280418,25a3a2fb
1511545975553024768,遇事不决，量子力学,497.303,1707281521,18d3d9b6
1511604753430393344,好像臭名昭著的水知道答案也提过类似的理论吧,656.368,1707288528,c0dcfb2c
1511628251397654528,耶稣也是真实的历史人物啊,364.559,1707291329,be83c184
1511695680824204032,曼陀罗,630.593,1707299368,2b4097c
1511698937155826944,声音不是消耗了能量才出现的？,477.243,1707299756,e274e0d6
1511868531464402176,灵能科技会引发亚空间天灾,434.039,1707319973,de100637
1511906428947239424,这种事是完全有可能的 但是距离神学 十亿八千万光年,522.151,1707324491,fe023968
1511907011250652928,真空不空 朋友,583.404,1707324560,fe023968
1511986773247507200,别迷信了，就算法翻译成同样的语言也是近似意和本意肯定有区别的，声音也分很多种，人与人听到也会有差别，这方面确实大家都不懂就看谁在那装，相信科学，拒绝迷信,411.888,1707334069,3b533936
1511992122906106624,只要别傲慢就很难迷信,487.448,1707334706,3b533936
1512399397458329600,逸散成熵了,482.04,1707383257,e490b69f
1512416070420826624,全国无论南北，都有一种去除喉咙鱼刺的祝由术。无法用现代理论解释，但真管用。,424.813,1707385245,218bc651
1512417522790590464,压点效应会产生电磁波，另一块同规格压电材料能够接收同频电磁辐射。,532.909,1707385418,218bc651
1512553623576776704,这太扯了,499.588,1707401642,3ff15c6
1512961307039537152,听音识曲,557.452,1707450242,3b054801
1513120392393488640,曼陀罗 荷鲁斯,627.43,1707469206,cb704783
1513607207155996928,祝由术,431.192,1707527239,4c09d4ff
1513712709210978816,千里传音,544.654,1707539816,51e24fc0
1514046186527756800,金花,637.486,1707579570,2e37a580
1514414867174400768,扯什么？的布罗伊物质波也是这个差不多的情景,506.264,1707623520,2610031c
1514810229593054464,有时候挺好使的,424.53,1707670651,7abc00a5
1515079558796536832,是语言就能承载,442.446,1707702757,19d790a7
1515889347617151232,言出法随,688.232,1707799292,38e0cfa7
1516074366621033728,有体验，比如快睡着半梦半醒间有时就会听到别人的说话声,510.885,1707821348,87b7cc89
1516142762431414528,巫医:我用的巫药是地塞米松,371.827,1707829501,7885fa40
1517231888501551872,能量在引起介质震动时就损耗了,667.08,1707959335,b02b4760
1519097112141709824,脉轮,632.163,1708181687,b79fb829
1519149031283219968,六字大明咒的“唵”字声波成像出来的就是一个坛城的模样,702.861,1708187876,b4116d28
1520413688194932736,只看结果，不看过程,434.976,1708338635,18f90f29
1521193655723901440,打电话不也是这样吗,543.23,1708431614,1afc700e
1521515294374641152,很多佛世界是以音声形式存在的就是这个意思，佛说法的音声响彻三千大千世界乃至无量无边世界却互不干扰，个人推测原理也是如此甚至更高端,646.222,1708469957,2bc7f25d
1521869830855307520,九龙化骨水,428.984,1708512221,5e5b832e
1522614177301480704,我都不知道我是從哪裡開始聽不懂的,680.949,1708600954,e5b3855e
1523056658296037376,虚拟世界么？,434.293,1708653702,11aee060
1523111823023342080,这也是因为有电场啊,525.467,1708660278,caf65355
1523399379279849984,真空量子涨落产生虚粒子，这些虚粒子可以震动传递声音,509.3,1708694557,e0aa4922
1523733545385058304,就像音乐会影响人的情绪或行为,589.669,1708734393,c0cf273f
1523896536491566336,神说要有钱，于是真的有了钱,407.087,1708753823,a623f050
1523921070451773184,直接操作底层代码的意思？,460.701,1708756748,bc3c5dc4
1524083323922976512,听不懂，但是爱听,547.719,1708776090,3238262a
1524151221777249792,我想到了催眠！,451.94,1708784184,31a50c5b
1524872064241377536,找个海妖，她们有语言插件,395.524,1708870115,4df1c005
1525795062360167424,如果是相同结构的设备，很有可能只是因为固有频率相同,579.875,1708980145,38db071e
1525895530184793856,魔术？,376.219,1708992122,2846fd25
1526905709101803520,源代码,625.148,1709112544,53713d10
1527805746459515904,可以用同一条鱼用火烧软 放水中喝下去就可以了 没试过 可以试试,428.36,1709219837,c3660b3b
1528746137987852032,抵抗重力我笑死,447.8,1709331941,b18ca3c3
1529391240104563712,真空没有空气啊，能量没法传递呗。,474.731,1709408843,acab398a
1529393029109376512,图案与物质形成未必有关联，结,685.81,1709409056,acab398a
1530561309647992576,原神，启动,440.699,1709548326,7039cd78
1530563428618802176,原神，拯救世界,685.059,1709548578,7039cd78
1535763481922828288,你好。地球人,502.126,1710168473,369f2308
1538300396295406080,当你相信神存在的时候，你无法分辨神不存在,400.555,1710470897,380fb161
1543391465777099264,太阳：那我走？,403.631,1711077800,e185455b
1543744512340334080,雷达？,682.265,1711119886,3ab4cc58
1545168316992144640,别着急反驳～人家都有资料的，又不是信口胡说。先看看中不？,522.289,1711289617,2a2f81cb
1547835726564081664,大型演唱会,392.023,1711607597,ef69e866
1548724242135296000,这不是共振，这是系统的耦合运动，不要望文生义,587.954,1711713516,5e86f2be
1550077398274505728,披着科幻外衣的外星非洲,415.033,1711874825,594a703a
1551541533415911424,画符？,697.612,1712049363,f686d65e
1551666175614980608,电子设备的声音和人体的一样吗,654.95,1712064222,af883166
1559681438692134144,频率,462.398,1713019716,1d73ca06
1565534952362303744,分形几何,688.766,1713717509,5db64ff1
1578153244038174464,非局域耦合机械振子的同步及奇异态,589.095,1715221727,4350c6ed
1582038471336594176,史前超级治愈机器人，通过语音交流借用,417.043,1715684882,97213204
1587104621032583424,突然串戏到了浮世叁千问233,549.603,1716288814,482d75e4
1589353646557061120,看到这个我立马想到了麦田圈的图案,681.825,1716556919,5931d69a
1605616503556794112,==没人说达摩是神吧？佛教从来说佛是开悟的人而已,401.019,1718495602,926fe657
1616096372220716544,那就是每个读音都与某种波共振，或组织成固定的波形组合，这样的波形组合就产生某种能量，达到一定强度就能影响能量场,475.339,1719744900,13b5d3c3
1616896630853157376,转化成内能了啊,473.553,1719840298,22286d56
1622573075915028992,逗猫棒,585.05,1720516983,72808daf
1623704623200179200,真空不真，即使太空，也是相对真空，不是绝对,499.219,1720651874,4c99fc82
1639981537342845184,总裁那里看过这段,603.241,1722592233,95e48e44
1655747505583124480,麦田怪圈,690.774,1724471683,b7d61015
1657054149197909760,所以皇帝学天人的音乐就是为了拯救当年的人,705.618,1724627447,bb2b695c
1684301329097158656,节拍器,580.965,1727875564,fea2e132
1707933810337497600,神“说”：要有“光”,450.231,1730692776,c87e78db
1786962726779324416,首先发出声音的东西你必须得给它一个定位，或是锚点，一切从它出发才有对错，或许这就是人类限制？,712.141,1740113757,5486f4a0
,,0.0,1775655591.4716349,
lb.c,,0.0,1775655591.4716349,
,,0.0,1775655591.4716349,
1510908556394966784,芭芭拉：治疗就交给我吧,914.772,1707205535,66b8a922
1510931899072224768,就算时空不连续，我们感受到的也是连续的。,1022.773,1707208318,de0d96f7
1510932180552081408,比如：眨眼补帧。视频一顿一顿的，可是在我们看来，就是连续的。,1024.733,1707208351,de0d96f7
1510932571318612736,卡顿，对于连续来说，通过对比，才有卡顿。,1026.053,1707208398,de0d96f7
1510939667150138880,细说深入,977.537,1707209244,6840d8d4
1511037968390157824,图穷匕见,773.855,1707220962,f2194801
1511107728758915584,这是波纹攻击,919.726,1707229278,ff133554
1511108334592237824,开始看不懂了,1019.318,1707229350,ff133554
1511115165905922560,我喜欢,775.271,1707230165,21836113
1511154999126838016,那如果光可以被力吸引或者退离呢。。。,810.518,1707234913,4653de3d
1511215457519212800,这个招数电影里的神婆经常用,949.238,1707242121,833e8924
1511244701272300544,法术：言出法随,847.578,1707245607,ddd5415e
1511440245227354368,时间是否存在都是个问题，讨论这个,865.197,1707268917,cb122b68
1511450399830701568,魔术大师,951.539,1707270128,c35938f7
1511467769114449152,万事不决，量子力学,1006.523,1707272198,5d76bd6e
1511492002686982912,其实是魔术而已,992.258,1707275087,1253f646
1511543661714979840,如果魔术能救一个濒死的人就好了,1003.873,1707281246,f0e5ceae
1511544817807974400,我还以为我屏幕上有蚂蚁！！！,960.27,1707281383,275bd317
1511551857225513984,？,956.623,1707282223,18d3d9b6
1511686273318952960,遇事不决 量子力学,999.821,1707298246,afd6932a
1511694476094334976,图穷匕见+1,789.081,1707299224,e7d94bb0
1511739552522725888,这不会是芭芭拉的原型吧,919.964,1707304598,68b8b69b
1511765376005291776,所以关键是理解共振的本质吗，共振为什么存在,720.256,1707307676,d3926e93
1511837427696720384,我的老师跟我们讲过很多这种，老老师懂的很多，都给我们讲，现在可能没老师知道了,969.57,1707316265,928db7c7
1511839115250015744,不是魔术，我那个老老师说，超自然跟化学物理学有关，不是假的，只是我们现在不懂,996.13,1707316466,928db7c7
1511872289778621440,"光不会被引力吸引,而是沿着空间最短的路径传播而已.所以黑洞是扰动空间而非拉扯光子",823.721,1707320421,de100637
1511937045143108608,因为观测了,1052.265,1707328140,54505dd5
1512001545351270912,众所周知宏观效应会有一个概率趋势这不就连起来了？不想卡bug也不是不可以,1026.596,1707335830,3b533936
1512232402234451712,有没有可能芭芭拉学过医学，打着巫医的旗号在实施专业手术？,996.828,1707363350,668f1692
1512476769406749184,噗，再见,981.123,1707392481,2192b47c
1512608267246103808,就象我们看动画片那样，动画片也不是连续的，只是我们觉得是连续的。,1031.334,1707408156,aaba05d6
1514049108397391616,这类魔术手法被揭秘过,954.314,1707579918,2e37a580
1514763847821686528,科学的尽头是神学,1067.514,1707665122,ec0293b2
1515115708605221120,不，相对论证明时空是变量,782.777,1707707067,9ba94f75
1515382011794174720,路西法,799.388,1707738813,8b55cc44
1516202209334213888,遇事不决量子力学,989.899,1707836588,8e9d9c30
1516399092161618688,有没有一种可能，一切只是场物质流动产生的变化,857.976,1707860058,e4ab6b8a
1516472943654308608,直到魔法揭秘开始播放,997.288,1707868862,dc228f33
1516934833941766144,主要就是，声音的能量太少了，除非是有放大器，或者类似引动雪崩一样的引子,846.614,1707923923,8384b083
1516941263289824512,说其他我还不一定熟，这个芭芭拉帕奇塔不久前我还看过揭秘,875.114,1707924690,8384b083
1519459610443232512,芭芭拉 冲鸭,875.621,1708224900,bdcd674a
1519521141822387200,法器？,863.309,1708232235,85109700
1519734356447349760,我记得有书说 唵 代表世间万物,745.784,1708257652,6e104b80
1520925161463963648,造神嘛，哪都一样,977.215,1708399607,39380461
1521520242915206656,黄帝外经到底什么内容啊,953.712,1708470547,2bc7f25d
1522305516666245888,芭芭拉冲呀！,901.502,1708564159,cfd4b043
1522600013229157888,你这个芭芭拉回复效果有点强,901.821,1708599265,afb33c7e
1523116779063697664,这就是芭芭拉原型吗,894.658,1708660869,caf65355
1523117225723492096,研究出来可是能“水”一篇论文的啊，怎么会有学者不感兴趣呢,921.75,1708660922,caf65355
1523826720631923968,所有的一切都是能量的互相干涉,868.615,1708745500,3c7337bc
1524834345603342592,遇事不决，量子力学,990.708,1708865619,2ecd090a
1525447203026720512,来困了..............,1051.074,1708938677,733e5dc3
1526071318246951680,那倒立行走是不是会活的久一点,839.812,1709013077,aec86728
1526213258074652160,就喜欢这句！,722.968,1709029998,a48a250c
1526215241627702272,芭芭拉冲鸭,932.186,1709030234,3fc86396
1528921959411564288,时空之王，命运道标,858.034,1709352900,f7ab0be
1529095836045338112,那是你念唵这类时 你的肌肉呼吸机都在随着你念这个字时有规律运动 按摩内脏,787.375,1709373628,b2446d3b
1529096324883104000,将无序混乱 通过振动变的重新有序，规律,845.558,1709373686,b2446d3b
1530200422705674496,我更倾向于时间是一把尺子 本来不存在只是为了让人类理解而造出来的工具 ,1065.539,1709505305,a5220fbb
1534711957620495616,因为思维是线性的,1034.803,1710043122,62081682
1543746423835697152,这么离谱？,910.195,1711120114,3ab4cc58
1546005639908824320,算了吧,907.089,1711389433,990cb761
1549518129745755904,苗医没病拿水,995.939,1711808155,ceb9f1ab
1551541810399105024,咒语就是用声音画符,730.627,1712049396,f686d65e
1551542719128959232,衰变，老化,838.951,1712049505,f686d65e
1562180038324307456,科学没有尽头。,1077.795,1713317572,59236c22
1577511418495228928,咒令：我，秦始皇，打钱！！！,886.446,1715145215,d59fe5b0
1578778053835180544,芭芭拉：演唱，开始！,890.933,1715296210,b897fdc1
1594020501347522304,黑客帝国,944.659,1717113251,10d4dc90
1615813523726791168,我每次睡不着就看他视频，一听就困，比安眠药管用,1041.055,1719711182,29578a32
1622577590823022080,幻影移形,1038.551,1720517521,72808daf
1639987416305571072,回调芭芭拉！,906.754,1722592934,95e48e44
1655797195032993536,湖北某个道教县的某个局长，就是被这种方式治疗的癌症，还拍了视频,957.966,1724477607,f85c634d
1682123295757073152,遇事不决，量子力学,986.771,1727615923,46c0c30d
1682123743473752832,缩地术！,1036.086,1727615976,46c0c30d
1693841864656055296,憨豆先生也干过类似的事,948.417,1729012885,76537ad9
1727377496854866432,读书时巴不得有这能力省下通勤,1036.921,1733010644,9d6fe986
1801466163009000448,高手啊,966.308,1741842701,705a891
1812420769691477504,怪不得蒙德城有个芭芭拉,992.077,1743148592,94749c01
1825597102567617536, 那光的散射呢？,816.808,1744719333,1a6d2728
1825599134908975616,电影中环节在他眼前上演，不敢想象他当时得震惊到什么程度,957.706,1744719575,1a6d2728
,,0.0,1775655591.4716349,
lb.c,,0.0,1775655591.4716349,
,,0.0,1775655591.4716349,
1510937110897690880,如果说是量子隧穿的话，概率极低，忽略不计。不如直接把射向他人的子弹，无伤遂穿到脑后。,1232.142,1707208939,de0d96f7
1510938654141682944,这难度，比空间传送还难,1249.191,1707209123,de0d96f7
1510941287778876160,言出法随？,1238.539,1707209437,520a78cf
1510960014297565440,有道理,1356.308,1707211669,73dbef55
1510973142066364672,我小时候经常混淆绿色和蓝色,1337.774,1707213234,2eb64d21
1511086203624329984,有合理解释了,1302.605,1707226712,903d032f
1511164230840225536,集体潜意识,1433.111,1707236014,4b967118
1511215250052352256,狼孩的故事如果是真的，那么鸿蒙讲座的故事岂不是真的？传道是真的,1431.28,1707242096,b789a2e2
1511218110945282304,所以自旋到底是什么意思,1100.438,1707242437,ad5cbc3e
1511255395841472512,思想烙印.  ,1347.877,1707246882,b694ac7c
1511404765434047488,这不是道家学说，这是道教学说,1156.319,1707264688,925a8e
1511431593041043200,阿赖耶识,1436.598,1707267886,cdf28e6f
1511460786487543808,本来就没有时间，,1087.225,1707271366,af3bc664
1511478139933912064,有道理,1368.836,1707273435,7a0bddcc
1511516709016718080,阿赖耶,1437.162,1707278033,3e818a27
1511533126998994176,观测物质世界必会对物质世界造成扰动，也就是互动，所以在微观世界，所有观测均是与物质互动后的结果,1368.97,1707279990,2b0a5cad
1511534374871452416,陀一定是博士后，逻辑，章节环环相扣,1206.486,1707280138,62081682
1511536152619183104,这就是地球ol的规矩呀,1351.549,1707280350,baaac14b
1511592607808412416,我们的世界是虚拟的,1141.448,1707287080,6e468b55
1511730073613624064,意识冰山，水面上的冰山看似独立，下面却连成一片？,1434.891,1707303468,ed61d4d3
1511912129274695168,其实可以吃 你喜欢的话（用过的容易产生细菌 吃进去会生病）,1339.593,1707325170,d67e1d47
1512134764138867200,这点认同，在学校考试的时候，明明我自己不紧张，题感觉也不难，但就是脑子空白，不会思考，感觉自己的意识被别人影响了,1430.906,1707351710,95936744
1512240897428290560,五蕴,1348.701,1707364363,f7efa00d
1512262604377145344,假设空间本就在你只是在这空间里放了个烟花，接着烟花充斥整个空间并不断蔓延,1169.81,1707366950,6031d481
1512505554680108288,有些所谓的证明只是为了让事情变的合理,1411.255,1707395912,f49ebad4
1513928600649548288,懂了，太上老君是量子（bushi,1170.598,1707565552,1a1281fd
1514382712004454144,神学不为用，科技为用,1247.087,1707619687,26b4c7d7
1514692285949028608,这个突然出现，也许是奇点以外的更高维世界对它产生了什么影响,1165.973,1707656591,2562f491
1514708046239426560,因为人本身就在系统中,1295.196,1707658470,2562f491
1514710233921327104,绿色也可以叫green,1337.739,1707658730,2562f491
1514711110069364736,确实,1434.603,1707658835,2562f491
1516133256528101376,石头人是吧,1438.144,1707828368,eef05dc0
1519363206387544576,时间和空间是连续的吗,1312.594,1708213408,89704736
1519643780385783040,地球不就在自旋吗,1103.687,1708246855,9c248688
1521295412676657408,？？？,1192.427,1708443745,1892977d
1521523478031927808,所以各大正教都重视语言的作用，圣经里丈夫可以否掉妻子的发愿，佛教和道教都说言语能召来福祸就是这意思,1231.27,1708470932,2bc7f25d
1522116546367880448,这可以假设并不是不教，而是教不了，或者不知道怎么把这种共振甚至说同频的展示给我们，甚至这个可以理解为天赋说的夸张点也就是超能力般是独有的，可以传承但不一定遇到差不多能遇到一个对师傅会咒语一样有天赋的,1267.781,1708541632,f4485a9e
1522694772203129600,所以世界就是像素组成的，根本不连续,1123.286,1708610561,164ded48
1522697891523916800,集体潜意识,1437.666,1708610933,164ded48
1525303812967995136,混元行意,1136.666,1708921583,48beeaa6
1526282993864606208,矩阵,1348.66,1709038311,1596239a
1526913926909220608,真言咒,1234.346,1709113524,53713d10
1529101675288482560,一段振动同样是有序的 会改变无序 同样消除混乱的应力,1321.582,1709374324,b2446d3b
1529103192561254400,认知定义牢笼,1374.684,1709374505,b2446d3b
1535828119645251840,净土宗,1225.742,1710176179,a125d774
1539225571467521536,真空中各方向的力是相同的，但是空间被扭曲之后就会出现“引力”,1127.443,1710581186,9798cac3
1544269461069150720,薛定谔的猫,1332.189,1711182465,384ddeeb
1548355340456971520,为什么打死狼,1382.359,1711669540,26c06ef
1549858698313306624,一语成谶,1237.96,1711848754,6bfe7442
1550314692902376192,像不像一个游戏的世界，从仅有一个世界到加载各种内容的样子？,1156.541,1711903113,7991c86e
1554004188055479296,少数的听到一半，发现已经一句话都听不懂了的视频，世界真神奇,1123.397,1712342935,9cd415f0
1558134519037870080,AI开机了,1178.136,1712835309,569fb314
1579252691224311808,五蕴,1355.02,1715352791,36dd6ae7
1579800639058708992,假装自己能听懂。这是咒语的一部分。,1109.409,1715418111,1d5a13e1
1592047346571685888,普通人的意识、记忆太靠不住了,1339.163,1716878033,f9c33a0
1616905396319193856,《白发魔女传》,1392.275,1719841343,22286d56
1628290035444993792,其实是不确定原理,1291.341,1721198498,e9ae1482
1641605769663529728,言灵,1230.33,1722785857,885fe8e9
1650106204409803520,信则有，不信则无，是不是也是共振，相信才可以和对方同一频率才能感受到，不相信频率不对就什么都不会发生，所以同一个方法，有的人灵，有的人不灵,1249.341,1723799188,2562f491
1661697840449405952,开控制台了,1234.173,1725181019,766e2ccb
1688364293735441664,假的？这是有记录的，还被写入了教育心理学的,1406.421,1728359907,2852ec86
1801377511042126592,时间是人道的概念,1104.052,1741832133,bd550466
1801378425123447040,人类对游戏的开发与创造，像不像天道对人类社会的创造,1212.996,1741832242,bd550466
1806733657709799424,张祥前的《统一场理论》能解释这些现像吗？,1287.425,1742470635,e9102dea
1827140962385317888,你看名字也知道，原始既是原初开始,1133.215,1744903376,1e8ae9f6
1902998389101029120,来自于经验和集体定义,1348.111,1753946285,2f11bf61
,,0.0,1775655591.4716349,
lb.c,,0.0,1775655591.4716349,
,,0.0,1775655591.4716349,
1510906544102140160,这是否能证明一定程度上证明灵魂的存在？,1624.165,1707205295,b7253f15
1510910449561168640,这部分应该是荣格的集体潜意识理论,1440.31,1707205761,1492c5f6
1510914819380157184,是不是给乌龟养大我们也能长命百岁了,1482.1,1707206282,66b8a922
1510920275179427072,比如心里说谁，谁就会打喷嚏,1749.222,1707206932,f57edb10
1510935521063628032,少了云端的算力支持,1472.716,1707208750,fc3b5a83
1510938085855267072,我用在感应外卖员是否到门口了，突然身体本能去开门,1748.476,1707209055,fc3b5a83
1510939849174349568,最新研究，意识，滞后于行为。行为是明星，意识是行为的经纪人。先做，后记录，再修改，更新下一次的行为模式，然后无限循环,1611.618,1707209265,de0d96f7
1510940204163147520,观测者效应，只能说仅供参考,1639.328,1707209308,de0d96f7
1510941203993114112,开智,1688.672,1707209427,1175e65c
1510943420246570240,这是真实的,1483.775,1707209691,fb5a2a45
1510944543003220992,开悟,1713.61,1707209825,7414f425
1510961183887348992,因无所住而生其心,1706.063,1707211809,cf105ce1
1511035621878063616,乌龟那个没法验证，因为乌龟不是哺乳类不会养小孩,1485.194,1707220682,e81cc6
1511063764844415488,高维观测者,1482.859,1707224037,3d58d951
1511111395234618368,但是谁也不敢保证动物没有意识啊？,1506.329,1707229715,ff133554
1511209499552427264,全世界觉得世界是天堂，那么世界就会变成天堂？,1481.001,1707241410,be61b0c1
1511216834996027392,双胞胎？,1610.797,1707242285,b789a2e2
1511223146534047744,古希腊掌管某某的神（doge,1550.905,1707243037,ad5cbc3e
1511223961420548352,如数家珍,1623.444,1707243134,ad5cbc3e
1511228030968900864,应该有吧，比如幸存者偏差；你只记住了说曹操就到的情况，或者父母回家的时间是规律的，你的生物钟告诉了你，使你有所防备,1746.417,1707243619,ad5cbc3e
1511477452092956160,亚空间四小贩,1570.169,1707273353,7c4f903
1511495235413645056,共业,1629.976,1707275473,e6bdc74d
1511497316744741120,上帝,1497.298,1707275721,922862d0
1511508691051051264,阿赖耶识,1441.43,1707277077,aef8af5a
1511568011436567296,阿赖耶识,1692.985,1707284148,d2e363e1
1511621789049190912,凉宫春日的忧郁,1540.488,1707290559,c396cf1d
1511623568927411456,灵能者？,1602.063,1707290771,efbe4fb1
1511631995141424640,那么反过来是不是父母到家前会觉得你在看电视,1750.205,1707291776,c0dcfb2c
1511640842572549632,余光再广也广不到背后,1785.868,1707292830,be83c184
1511687451415241984,xia我一跳,1542.529,1707298387,b82e8d5b
1511708301216445696,提到荣格的集体潜意识，那就不得不提到他在中国看到的《太乙金华宗旨》，后来又翻译回来的的《金花的秘密了》,1735.111,1707300872,9d05f18f
1511795647848672768,悟道,1725.188,1707311285,22b0b17c
1511835804467800832,因为个人意识 改变不了 集体意识,1538.777,1707316072,12d7ee3c
1511842276740092928,【黑门】个体高度独立，目标高度一致,1574.604,1707316843,12d7ee3c
1511847891394797056,喧闹的教室里突然所有人都不说话了。。。。,1765.309,1707317513,32e883ab
1511851208367988480,这不就是佛学么,1697.612,1707317908,9a409ed0
1512144308310928896,答案很显然是能,1505.483,1707352848,a7dc3a93
1512507446907027200,未来人KFK说的2048年之后,1636.84,1707396138,f49ebad4
1512542422654299648,“小我，大我，无我”,1702.041,1707400307,9c484b9d
1513849460013352192,目光这个确实神奇，我从小就可以感知到后面有人看我,1790.395,1707556118,f3c434db
1514406144062621440,人生如梦 梦就是我 我就是梦,1687.096,1707622480,552666d8
1514627335700539648,膀光,1780.411,1707648848,c4510bcb
1515381706549783040,gumayusi,1584.18,1707738776,faace91f
1516918028389108480,神圣的卡拉链接这我们,1465.03,1707921920,999e69a0
1517597278641419520,是每个意识单位都储存了集体意识 是一个同系统中可以共享的系统,1572.941,1708002893,63d7d7da
1517666500956532480,阿赖耶识,1570.555,1708011145,a9fcc626
1518446959336199936,超心理學?,1652.517,1708104183,4d77aa7c
1518686839769391872,王阳明的心外无物？,1704.751,1708132779,b80c6dd6
1519156000530225152,本自具足,1738.358,1708188707,b4116d28
1519202762028528640,还有睡觉突然自然醒，下一秒家里人会上厕所，或者谁在外面开始吵，都有提前性,1742.498,1708194281,b4b0d916
1519465296652840704,我被监控了,1455.932,1708225578,bdcd674a
1519800696000798208,erf,1760.395,1708265561,3f86f535
1520216088720532736,人能常清静天地悉皆归,1715.183,1708315079,a950714f
1520302050620088832,阿赖耶？,1443.431,1708325327,3c73699e
1520317563220260352,我和老爸闻出饺子馅咸不咸 都没尝,1758.613,1708327176,4cbb01a9
1520611966702639104,量子层面的怎么检测？,1511.223,1708362272,5b4e526d
1520612472183090176,科学的尽头是神学,1557.242,1708362332,5b4e526d
1520613854860544000,我对信息的传播方式更感兴趣,1661.023,1708362497,5b4e526d
1520614712394699264,干掉意识，请潜意识接管,1729.544,1708362599,5b4e526d
1520616434609354240,潜意识也应该有一个特定的通道,1775.277,1708362804,5b4e526d
1521527782797361408,不然你以为各大教派的教祖们都是怎么拉人头的,1516.589,1708471446,2bc7f25d
1523572044858465792,光音天,1618.639,1708715141,64dba629
1523572161124859904,光音天,1628.666,1708715154,64dba629
1523572275033640192,光音天,1634.063,1708715168,64dba629
1523572371754514432,光音天,1573.019,1708715179,64dba629
1523747023587911168,吾心自足，不假外求,1711.148,1708736000,c0cf273f
1523816576254704128,人能常清静，天地悉皆归,1699.89,1708744291,82bd86f4
1526257160668196096,宇宙这破地方对我们来说太大了，对别人来说太小了，原子不到,1551.06,1709035231,812c45be
1526916016251444480,云空间,1477.227,1709113773,53713d10
1528515952529233920,背后看我我完全能感觉到,1791.179,1709304500,e10a7d61
1529106510876402176,不是的 心无或者空时 你的身体自愈能力因为没有意识干扰 而从混乱变的重新有序,1770.288,1709374900,b2446d3b
1530376323233619712,念力,1529.842,1709526274,5ebf297f
1534718542484718592,果然还是佛学最接近宇宙真相,1723.379,1710043907,62081682
1536894454429364736,格式塔,1458.951,1710303296,82c0412c
1544845675316129792,近朱者赤近墨者黑,1611.934,1711251155,8a1c28a0
1546345570111973120,神识传音,1624.429,1711429956,4c9bc43a
1547691396486664192,生物电,1787.056,1711590391,2f361cc9
1547828874304575488,感谢尊者,1716.918,1711606780,2924f963
1548014426916315392,量子纠缠,1441.439,1711628900,166ca231
1548417538671826432,有没有一种可能 因为是狼孩天天被展览 被折磨死的喃？,1459.171,1711676954,fa755f5a
1548563003577111552,阿根廷：这我们很懂,1732.447,1711694295,c2ebb559
1548730885837164800,亚空间竟遥遥领先,1563.0,1711714308,cc4815cd
1549298721945368064,战锤P都给我出来,1606.423,1711781999,b1be4194
1550142669161201920,所以一堆人许同一个愿望有可能成功？？！,1666.191,1711882606,426ba631
1550770763064439552,荣格是看太乙金华才写出这个东西的~道家核心,1735.942,1711957480,dd2809d
1555063178428207616,结婚十年后，就变成大智之人,1706.235,1712469176,d60f4f19
1558138007037515776,大圣灵,1585.527,1712835724,569fb314
1565316480193916928,阳明心学，不符合物质世界统治,1755.958,1713691465,a097799c
1578482733217387008,也许宇宙就是一台计算机,1495.132,1715261005,6a93eb7d
1579057566506747136,亚空间灵能,1573.999,1715329530,efbe4fb1
1579058387558354176,放个屏蔽灵能的设备就感应不到了,1631.979,1715329628,efbe4fb1
1579254921771946496,佛陀,1546.46,1715353057,36dd6ae7
1579256023708093184,心有灵犀一点通,1608.875,1715353188,36dd6ae7
1592049700339921920,看我用闪电光速拳打破这一切,1571.994,1716878313,f9c33a0
1612321553985591552,《黑科技》,1629.812,1719294906,a219ff4e
1625968406040107520,古希腊掌管意识,1554.605,1720921738,3d151d8e
1649055077350368768,给你个眼神，你理解一下,1636.409,1723673884,5aaf2537
1652352658549466368,灵觉,1641.621,1724066986,a16cb467
1661107407721556480,脑波可以散发，我之前在一次小区跑步的时候，想起了一首歌，但是我只开始发出一个音节，走在前面的人突然开始唱那个歌词了。,1604.769,1725110633,5d2d3a9
1682127693300132352,一直观测不累吗,1483.673,1727616447,46c0c30d
1701599915598113024,什么？个人意识？人从出生就在被环境塑造所谓个人意识大多只是环境结合以及自身思考的结果,1504.402,1729937717,dedb02ff
1701603790564615424,说的有理,1704.659,1729938178,dedb02ff
1783338091067602176,被重力束缚的灵魂,1524.8,1739681666,2c44889a
1783338729121912064,量子纠缠,1596.358,1739681742,2c44889a
1783339428169745152,元气弹,1675.578,1739681826,2c44889a
1786974265653554176,影响别人心理学上可以轻易做到,1504.76,1740115132,5486f4a0
1786975214421919232,心理学上一个人可以轻易做到影响别人，那么扩大一下，理论上可以影响世界，甚至物质不是不可以的！,1526.38,1740115245,5486f4a0
1786976220400488960,一个北海岸的猴子学会了用棍子，南海岸的猴子不久也会了用棍子,1592.42,1740115365,5486f4a0
1916143344204589824,进击的巨人是吧？,1622.518,1755513286,a8280c73
,,0.0,1775655591.4716349,
lb.c,,0.0,1775655591.4716349,
,,0.0,1775655591.4716349,
1510907383742748672,跑得很快，求生意识很强,1859.8,1707205395,b7253f15
1510918903147094528,他修炼了《太乙金华宗旨》,2023.924,1707206769,7de28024
1510991378388436224,借鉴了太乙金华宗旨,1837.888,1707215408,294d453
1511005315775364096,哈哈哈,1963.285,1707217070,927717c4
1511014668888519424,上帝之手,1918.028,1707218185,ca822b25
1511166440768539136,这个棋盘不对,2072.106,1707236277,4653de3d
1511371598396001024,有没有可能是来自DNA,1950.402,1707260734,7fac09c3
1511483614431370496,牛逼,2021.509,1707274087,7a0bddcc
1511485013181729024,如今的奇怪现象就是没有没有了封建迷信，而破除封建迷信的虽然不是科学，但是科学却已经快成为过去的封建迷信了，我们想看到一件事的源头的时候，就会可以加上所谓的科学,2130.976,1707274254,af3bc664
1511504705279391232,金花的秘密,1815.389,1707276602,a98acdbb
1511512530986694912,人活着就是为了结婚生子买楼买车,1866.718,1707277534,aef8af5a
1511559259358233600,是的,2055.246,1707283105,b98c9fb3
1511559430016283904,不是的,2075.589,1707283125,b98c9fb3
1511559759764321792,言的流,2114.893,1707283165,b98c9fb3
1511559948726130432,演的流音的体,2137.413,1707283187,b98c9fb3
1511560084688445696,言的流音的体,2153.621,1707283203,b98c9fb3
1511565634423857408,分不清~,1884.517,1707283865,933259ff
1511602383002993408,《周公解梦》,2037.176,1707288246,6ff793a8
1511624784738764544,某些时候也是知识水平决定的，夏虫不可语冰,2085.835,1707290916,50d5c8b
1511646783602726912,夏虫不可语冰是认知层面上的,2089.501,1707293539,be83c184
1511686028237673472,金花的秘密+1,1819.319,1707298217,a061f1a1
1512226107229853696,我认为，由于身体硬件相差不大，当思想到某一个峰值的时候，有可能会触发身体的某种开关，而引发现象,1877.869,1707362599,4000cde6
1512227452569843712,基因,1912.019,1707362760,4000cde6
1512227704295081216,基因希望存活、和延续的意志,1890.303,1707362790,4000cde6
1512236336088623360,或许曾经真的有魔法，因为人们认为世界上有魔法，现在没有魔法，是因为人们认为世界是科学的,2100.762,1707363819,4000cde6
1512239475148106496,人体，很奇妙吧！,2126.422,1707364193,27b83167
1512239655066593024,可是我在梦里是可以飞翔的,1994.485,1707364214,265b6271
1512362316396920064,好多次做梦都在飞，有时候觉得就算现实都能飞了,2001.879,1707378837,4220556d
1512364029216148480,其实有关联的,2134.299,1707379041,4220556d
1512480029035323904,鬼故事：进度条,1986.306,1707392869,65c077b4
1512511491256164608,就像那个著名的死囚实验，蒙上死囚的眼睛，在胳膊上滴水，但是告诉他是把手腕割破了，最后死囚死了,1998.61,1707396620,f49ebad4
1512758448813970688,……左和右的A和A以及左和右的B和B比较吗——相同,2073.468,1707426059,eb3ee6e6
1512924223243730432,说不同的吧图片保存下来吸取颜色画线就知道了,2080.35,1707445821,699e6f85
1514001847558388224,可我几乎记不得梦里的情形，甚至醒了后忘的很快,2013.071,1707574284,92e7c78e
1514629060230230784,共食性,1922.803,1707649054,c4510bcb
1515208208879558912,太乙金华宗旨,1820.396,1707718094,2562f491
1516831083335831808,曼德拉效应就是意识改变世界的例子,2115.96,1707911555,a0af2f4
1517339590636122880,一个人有个人意识，在群体中个体无意识,1856.843,1707972174,16f2bbca
1517340428742268160,基因表达的侵略和修改……,1922.122,1707972274,16f2bbca
1518340789556555008,这图不是著名的假图吗？,2076.051,1708091526,7bc7e17c
1518977214304181504,我用卫生纸遮住，亮度也是明显不同,2076.376,1708167394,7b4973e9
1519556650824935168,sOx的时候,1849.993,1708236468,bde99489
1519704264153583360,根本就不一样,1987.828,1708254065,c4176682
1519724956970561024,庄生晓梦迷蝴蝶,2000.801,1708256532,71375078
1520496850229345536,"我怎么彷佛听到哀乐的声音,,,",1958.693,1708348549,8d4759ff
1520618504934856704,你牛逼,1956.753,1708363051,5b4e526d
1520621387814055936,意识可以改变世界，方法、强度、时间,2113.674,1708363395,5b4e526d
1521535987929572352,乌合之众也说过这个事儿吧,1846.43,1708472424,2bc7f25d
1521537440450462976,一般来说治疗这种病的话求助巫医的多，以及，很多都是能量附体啥的就很能说明问题，总归是业力，负面能量集中在某几个人身上以之为祭品的话，守村人啥的就出现了,1900.246,1708472597,2bc7f25d
1521538643486181120,宗教里对梦境的解释更加合理而且能找到和现实显化的对应的特别多,1982.965,1708472740,2bc7f25d
1522429998416676096,我看过,2027.856,1708578998,1a2551f2
1522430086144580096,红叔，我是真的没有懂他的逻辑在哪里，因为确实讲了很多他的梦境，特别是二战的时候,2029.696,1708579008,1a2551f2
1522449276075153152,涂尔干的集体欢腾,1849.819,1708581296,2268529f
1522702111547525632,阿努纳奇,1914.388,1708611436,164ded48
1523066636838878720,《世界是一个巨大的人类补完计划》,1884.829,1708654891,ded02f3a
1524532962606070784,通过对比RGB发现，AB两点颜色是有明显差异的,2073.796,1708829691,22aa0f2b
1526036773640537600,人的动物性，也就是深层次潜意识占了肉体主导地位。人类受的教育是未了压制原始伤害性欲望，所以人性本恶？,1906.67,1709008959,5990b651
1526309394483435520,意识在我看来最大的作用是编码，而对我们行为做出决定的是潜意识，所以，我是意识在编码的时候形成的虚幻概念,1804.446,1709041458,f635abf2
1529108745760615680,中医精神病患烦躁的 是有身体热,2036.695,1709375167,b2446d3b
1529109335303665664,黑客的信息病毒会让硬件过载烧掉,2107.015,1709375237,b2446d3b
1530381264878675712,盗梦空间?,2050.537,1709526863,5ebf297f
1530381665493414912,"以前的日心说,地心说",2098.366,1709526911,5ebf297f
1534719463906337280,荣格就是星际宝宝,1822.664,1710044016,62081682
1539231689010641152,我们班级基本上看一眼就知道对方的情绪，而且，有时候我前桌甚至知道我在想什么,1801.193,1710581916,9798cac3
1539233523800655616,那是你要长高了,1999.187,1710582134,9798cac3
1543386100599866880,曼德拉效应,2122.645,1711077160,7b1896f7
1565315906044132608,佛学和道家比，差几个境界,1809.015,1713691397,a097799c
1573349828916924160,他有修炼,2032.259,1714649115,336113a1
1573350443558662912,太极,2102.099,1714649188,336113a1
1578361954559677440,有人尝试过AI解梦没？很有意思,2041.123,1715246607,d607362e
1590228868223436800,意识水平这词说的妙啊,2088.428,1716661253,32e70d68
1600658511925350656,我听懂了他在说什么。他说的没错,2052.81,1717904564,3080c9a7
1602239587080851712,看了东方的书 吕洞宾,1832.756,1718093042,69bea4b0
1624819953872344064,靠，颜色居然真的想通，具体看评论区,2075.46,1720784832,fe252aac
1649059446992731392,意识是不是种能量,2157.324,1723674405,5aaf2537
1657206902897253376,左右图不一样啊,2071.912,1724645657,bb2b695c
1786980775188154112,这点承认，多层意识观测的结果，总结的很好,2103.861,1740115908,5486f4a0
,,0.0,1775655591.4716349,
lb.c,,0.0,1775655591.4716349,
,,0.0,1775655591.4716349,
1510911112671956992,我们过于相信科学，认为他是真理了。这是否是一种固步自封？,2425.662,1707205840,b7253f15
1511043103258296832,免疫系统：啊对对对,2316.231,1707221574,2ab2c67e
1511044392453046528,从青城山下来的老中医让我感受到真实的炁,2355.993,1707221728,b35f19a4
1511116286984442880,不是抵抗力吗？,2322.185,1707230298,ff133554
1511235917728701440,←宗教神学等被认为与科学相对立的学科现在也被认为是人们对于无法用科学解释的现象的自我安慰,2429.827,1707244560,ad5cbc3e
1511272775527040768,好的中医实在太少 遇到是福气,2364.25,1707248953,dfbee101
1511487267166930432,针灸,2457.037,1707274523,7a0bddcc
1511488226815205888,最可怕的就是如今，已经脱离了所谓的封建迷信，可是我们脱离的真的是封建迷信吗，而且如今证明任何事情的时候一定要加一些有关科学的东西，这也是一种对科学的过度迷信吧,2424.626,1707274637,af3bc664
1511490249644360192,西医和中医还真不是有关联，这点我不认同，中医和西医文化上就是相反的，中医和西医不在一个维度上，一个年轻人发现了老者走过的路，你能硬说他们是有关联的吗，西方文化的弊端,2473.872,1707274878,af3bc664
1511491297306146304,在治疗过程之后，人开始认为自己会好起来？,2422.389,1707275003,85a4eac4
1511516174092251392,然而恰恰相反,2214.264,1707277969,aef8af5a
1511531146054523648,是的，上学的时候胃痉挛，当时生物老师，就用力掐我虎口，一点点的缓解了,2472.447,1707279754,2a157ba2
1511540666142896896,针灸：我TM来了,2449.592,1707280888,ac9066d7
1511560550700850688,是普洱的味我这,2209.157,1707283259,b98c9fb3
1511561083603974144,表象是化学的，本质是物理的。其实整体上化学是物理的宏观而已。,2394.803,1707283322,dc8b0e4a
1511562175272190720,是电脑制作的,2402.846,1707283453,b98c9fb3
1511562415010359808,电的载言的流音的体,2431.439,1707283481,b98c9fb3
1511616696140648192,有没有一种可能，人的思维就是高维生物思维在三维世界的投射,2233.578,1707289952,51f3e284
1511629591763218432,《金花的秘密》,2198.031,1707291489,50d5c8b
1511713660849069824,卧槽,2252.769,1707301511,9d05f18f
1511845184265346816,任何的任何，所有的所有，尽头都是易经。,2400.141,1707317190,2cb16c2f
1511848725457576960,每个个体意识都是高维意识的神经突触？,2239.216,1707317612,12d7ee3c
1512021031039366400,每一个字都看得懂，句意也知道但是深度不够就会产生一些别人一看就知道是错误的猜想,2435.828,1707338152,3b533936
1512219504078473472,S于新冠？,2246.511,1707361812,ad11dac3
1512243732911897088,个体影响主体，主体影响个体,2501.573,1707364701,4000cde6
1512397767090551040,中医里没有癌症这个概念并不是说不能这就能解释断肢者为什么还能感觉到到失去肢体的疼痛,2427.562,1707383063,5a4a6244
1512442956387476992,寡人二刷,2469.849,1707388450,85d43060
1512444733740298496,抵抗力，是个比较抽象的概念；你心情不好的时候，抵抗力就会差些……,2329.185,1707388662,ae0ac0c3
1512515443531734272,在圣经里有一些奇妙的描述，用身体必须人，用人必须身体。与这段类似,2500.145,1707397091,74b8ee47
1512549070609536000,针灸,2458.17,1707401100,9c484b9d
1512896328530001152,缓解没有用，不满意，要治愈。因为可能欺骗身体,2509.863,1707442496,1c12d50
1514036594607452672,不太正确，人的思维本身拥有更高维度，只是身体在目前空间最高只能是三维,2237.494,1707578426,4f1113dd
1514062225051420928,心理健康与身体健康确实关联很深,2304.737,1707581482,2e37a580
1515215889161593600,有听过得了癌症然后全世界旅游最后癌症反而痊愈的例子，也许就是脱离了致癌环境加上好的精神状态的结果,2221.041,1707719009,2562f491
1515795323803729664,这个真实体验，真的是这样,2292.632,1707788083,776bda24
1516057247812173568,经脉,2467.808,1707819307,82e8dd71
1516098734025386240,难道不是靠免疫系统吗,2217.268,1707824252,57df44d5
1516612670131155712,其实西医也有很玄的东西，比如免疫力，什么时候叫免疫力好，根本没有具体的概念,2352.269,1707885518,6697a20f
1516991386145065216,高维世界的VR游戏,2242.624,1707930665,48d70840
1517344831318743040,用人参、黄芪,2224.338,1707972799,16f2bbca
1517347802605385216,精神意识=软件信息，身体物质=下载3D打印,2410.515,1707973153,16f2bbca
1517582444402952449,卧槽，这就是天赋异禀,2209.346,1708001125,88fbb66
1518174427320574720,不是西医是现代医学,2493.541,1708071694,3c60f134
1519730201108750592,科学是方法，为何要不相信呢？,2430.059,1708257157,71375078
1520622084756373248,他修炼了,2190.139,1708363478,5b4e526d
1520623330330361344,自己！有个外国医生实验过，靠强烈的心理暗示治好了牛皮癣,2265.456,1708363626,5b4e526d
1520908359560115456,气伤则痛，形伤则肿。气比血先行六寸。,2463.567,1708397605,a0cafc8b
1520963744061128704,前面那个，火子哥直呼内行,2236.008,1708404207,80f2eb12
1520976130982018816,迷迷糊糊的是玄学 不解的神学 懂得科学,2164.245,1708405683,6c47009f
1521541107815769088,这算啥异端啊，打坐在基督教里又不是没有，很少有人修到那么深而已,2197.052,1708473034,2bc7f25d
1521544602920772096,万一西医本来继承的是黄帝外径那乐子就大了，岐伯万一就是那个希波克拉底岂不更可怕，很好奇当年恩基作为蛇族老大到底传了什么功法和理论下来,2474.618,1708473451,2bc7f25d
1523114759841384448,先生大义,2220.415,1708660628,db9cfae7
1523126538688596992,橙汁还是纯水,2313.98,1708662032,caf65355
1523127209450338816,地上对应马斯洛需求前两层，天对应后三层,2330.991,1708662112,caf65355
1525636257588286464,按摩！！！！,2448.508,1708961214,c53b682b
1528241822726842368,信念生物学,2263.622,1709271821,67438bf5
1529109935458407680,因为不到的时候没惊喜 你记不住 只有曹操到了 有惊喜 你记住了,2178.542,1709375309,b2446d3b
1529110732233364480,你意识紧张了 身体一系列物理化学反应 给你留下了太多应力,2273.522,1709375404,b2446d3b
1529112483883823616,但你的意识会干扰这种修复运动 天长日久 应力积累 你修复不了,2482.358,1709375612,b2446d3b
1534725077554193920,疗愈我们的，永远是自己的内在,2271.099,1710044686,62081682
1539356874623708928,睡的好，第二天精神抖擞心情自然就好，所以认为自己健康，重点在开心快乐,2335.221,1710596839,bfc60bba
1548194627050484736,那这个流行性病毒怎么解释呢,2357.649,1711650381,1d7ce053
1548737409313900288,针灸和点穴！,2457.962,1711715086,cc4815cd
1548993516074816768,针灸穴位？,2464.159,1711745616,6a29f185
1550050407584231168,把他理解成状态就行了，科学也是一种状态。,2376.561,1711871607,ccb411bd
1551006195068880640,我曾把气壁离体外，，还发出了影响世界的声音噗噗,2375.778,1711985546,f522bbb6
1555121621273371136,因为电的手疼,2473.939,1712476143,ea11837c
1565496225019493120,西医无法治疗检测不出原因的病症，但中医却能从不同角度解释并治愈,2218.107,1713712892,db9fdcf0
1571601289748546816,分形，局部是整体和自己的可变参数，万花筒,2504.482,1714440673,21037bc0
1573351739003034624,爽,2252.579,1714649343,336113a1
1573352303841283328,三魂七魄,2315.899,1714649410,336113a1
1573352830830809344,穴位,2374.619,1714649473,336113a1
1573353742068092672,任督二脉,2456.859,1714649581,336113a1
1578362787087190528,天魔入侵意识,2212.663,1715246706,d607362e
1579291454101486848,吸引力法则,2176.759,1715357412,ee107ec5
1580492236670840064,针灸,2507.608,1715500556,cfe44174
1582387350733290240,nonono，是玄学,2264.528,1715726471,19d5eff4
1590230282005697024,描述的很准确啊,2206.25,1716661422,32e70d68
1590232687867065344,这类人的意识程度较高,2296.406,1716661708,32e70d68
1590234558584909056,针灸的原理,2452.39,1716661931,32e70d68
1605835904344478464,足疗必须入医保,2518.927,1718521757,9969ad27
1626647873456418816,双系统是吧,2310.978,1721002737,8dd59655
1629547859357964288,在陕西上学时，跑遍各大医院一年都治不好的过敏，被一个小镇的中医14副中药治好了,2341.119,1721348442,29760c94
1650116862052451072,先天体质差,2285.144,1723800458,2562f491
1650261338385420800,阿赖耶识,2391.787,1723817681,a2dbbf2a
1682133631210146048,？？,2169.502,1727617155,46c0c30d
1682136044864119808,……这个所谓“先兆”用中医更好解释,2414.885,1727617442,46c0c30d
1784896564435635712,手术治不了疾病，只是切掉病坏的组织，最终战胜疾病还是靠自身免疫力,2269.278,1739867451,9cb0fde9
1786987271728803072,为什么那么多人总认为一切理所当然呢？你身体有问题，你第一想法是啥？,2446.361,1740116683,5486f4a0
1830415254694682880,这个就像很多人挠痒痒明明挠左手结果连带着身上一个地方也痒痒,2511.665,1745293702,16af4bf5
1862541813677282816,真相：活得百岁以上的人体内不是没有癌症，而是没有去过度处理，或者根本不知道。,2259.253,1749123486,fa202f09
1903035108337248768,嗯嗯，所以说科学一点是优于玄学的，所谓玄学，就是你没办法证明真，所谓科学是你要想办法证伪。恕我无才，看不出孰高孰低。,2433.468,1753950663,bd550466
,,0.0,1775655591.4716349,
lb.c,,0.0,1775655591.4716349,
,,0.0,1775655591.4716349,
1510952832432415488,经络,2577.363,1707210813,da322836
1510991273237134336,此处需要二舅,2787.883,1707215396,e61716b0
1511219917113070592,逐渐忘记标题,2540.273,1707242652,cd48e03d
1511241564939450880,也有观点认为量子坍缩是应为受到了外界的干扰，干扰源和意识没关系，比如一个光子,2647.722,1707245233,ad5cbc3e
1511250899723715072,质的变幻,2604.981,1707246346,99d607ef
1511251694502139648,有时候分不清是意识还是欲望或是意志,2699.741,1707246440,99d607ef
1511252858329573632,锻刀赛，奥德彪,2838.509,1707246579,99d607ef
1511489279375808768,集体潜意识是不是就是宗教里面的神,2696.952,1707274763,7a0bddcc
1511539839638453248,问题是双缝实验并不是意识干涉物质，只是对应的观测行为导致了结果不同，就像人眼观测万物只是万物把光反射进人眼而已,2598.026,1707280790,2b0a5cad
1511543098244037120,内观,2829.376,1707281178,2bd59f90
1511563184681708288,是承合,2523.182,1707283573,b98c9fb3
1511573785415964416,心理作用确实在起作用....现有科学体系认知下，确实离谱了,2616.921,1707284837,933259ff
1511574982160060416,看到这想起了我朋友总说的“有些东西的意思，只有在特定的语言下，才能不变形的完整表达出来，翻译成别的语言，就不是原本的东西了”，虽然他调侃的是网络河蟹,2683.356,1707284979,933259ff
1511633916526979840,进击的巨人-路,2675.093,1707292005,50d5c8b
1511780150743128320,催化剂是参与反应的,2548.702,1707309437,1eda1f81
1511852761502107648,这里可能指：被屠宰分割后的牛肉块的肌肉还能正常颤动,2847.467,1707318093,16cebda2
1512029021372691200,低于标准线的拉上去高于标准线的误导下去结局早已注定,2860.137,1707339105,3b533936
1512214670243791360,炼神返虚、,2769.67,1707361236,749823ac
1512214775856221440,炼虚合道,2782.265,1707361249,749823ac
1512247837205778176,或许养生主本来就是一个词，他有一个单独的意思,2728.225,1707365190,4000cde6
1512265698607546368,都对，文言文言简意赅,2710.272,1707367319,6df0c1d6
1512897040949031168,假说不能验证，就有点伪科学了,2559.982,1707442581,1c12d50
1512988025402061568,“名可名，非恒名”,2630.507,1707453427,bf7bf192
1514006800888858368,经脉,2527.311,1707574875,92e7c78e
1514008915740832768,催化剂很多种类的，有参与后还原型的，也有不参反应与只影响的,2559.507,1707575127,92e7c78e
1514065585376442880,不是推向玄学，而是曾经以为是玄学的现象有了能以科学理解的可能,2635.15,1707581882,2e37a580
1514637225634528256,庖丁·：舍不得刀,2834.589,1707650027,c4510bcb
1514643111123638016,维特斯根坦：语言的边界...,2698.257,1707650729,608c8027
1515917648968501760,玄之又玄众妙之门,2657.089,1707802665,38e0cfa7
1517587125145587968,要是长期催眠自己会怎么样,2725.298,1708001683,88fbb66
1517675852157326336,读金刚经,2672.59,1708012260,a9fcc626
1519780859342057216,感受到过，甚至知道是什么。但是害怕接触。,2665.365,1708263196,58acec7
1520469782808481536,道可道非常道,2629.481,1708345322,d762be28
1520627791895512064,我更赞同三个分开,2718.688,1708364158,5b4e526d
1521023430105978880,哈哈哈，前面的,2563.92,1708411322,b553b98a
1521547084388373504,克苏鲁了起来,2745.87,1708473746,2bc7f25d
1522708604589951232,是哪个意识在观测,2595.771,1708612210,164ded48
1523734953245245696,哈哈前面的，你是真信教科书上说的呀，参与反应本身就存在问题，能量一定会变的，也就是量,2552.856,1708734561,d8b5495b
1524372883437014528,人体有按钮，按下去就能触发某种联动,2562.916,1708810608,3e145f2f
1527738967150391040,性命双修,2796.143,1709211876,70a57111
1529115662369318912,都是要么一念正确的引起于正确的道路上让身体有序 要么就是无思像睡觉一样,2861.229,1709375991,b2446d3b
1530385645233783040,还有物理学,2572.795,1709527385,5ebf297f
1530387079006374400,练气,2743.662,1709527556,5ebf297f
1530388143193323264,"蚯蚓,壁虎断尾求生",2870.574,1709527683,5ebf297f
1532534714815294208,所有宗教的最高层都完整的说明了只是你不懂,2675.576,1709783574,a5469906
1534890321371221248,催化剂就是相信的力量,2561.12,1710064384,62081682
1547839603913129984,汉尼拔：庖丁解人？,2866.091,1711608059,2924f963
1565343465338884096,我悟了！随心所欲！想睡就睡，不行起床就不起床！工作爱谁干谁干，老子不爽，啥也不干,2865.521,1713694682,a097799c
1572567091251712256,养生=主；逍遥=游,2769.161,1714555805,372c8582
1590239059560099584,名可名，非恒名也,2630.965,1716662468,32e70d68
1590239493980714240,人的天赋差异,2665.61,1716662520,32e70d68
1590240603575560448,易经中的物极必反,2765.451,1716662652,32e70d68
1592060581706304768,啊，这个真没想到，有实证吗？,2560.711,1716879610,f9c33a0
1592061687744197376,大家好，我是新生代科玄家,2643.455,1716879742,f9c33a0
1594314014312289536,黄帝内经,2534.97,1717148240,10d4dc90
1616707099876686080,文惠君：解压短视频——庖丁解牛,2805.71,1719817704,67bcbd29
1626675886122125312,又回来了,2591.958,1721006076,5633d2a9
1631438955083855104,突然想起标题,2585.702,1721573878,21c7b3eb
1651791865642563072,有谁知道现在的背景音乐是什么吗？求求告诉我。,2643.134,1724000134,5f181478
1651794047494518272,AI识片酱,2699.113,1724000394,5f181478
1786991413704718848,分不清欲望意识的，修炼就是种方法,2714.281,1740117176,5486f4a0
1831179479373324544,早期解压小视频,2816.9,1745384804,b710be43
1831457109842711808,学音乐的人有体会，学音乐之前都是完整的听歌，学完以后现在都会无意中注意各个声部，很难完整的听了,2843.746,1745417900,dfe4b0fd
1862545145472995072,意识是其中一部分原因吧,2613.311,1749123883,fa202f09
2024269125094457856,我觉得是倒过来读,2729.341,1768402884,69b55d6
,,0.0,1775655591.4716349,
lb.c,,0.0,1775655591.4716349,
,,0.0,1775655591.4716349,
1510957622461777920,天魂,3128.676,1707211384,da322836
1511218571445973248,一个人不行的 量变才能引起质变,3198.341,1707242492,d42c8ad
1511230160643446528,阿卡西记录呗~,3238.541,1707243873,cd48e03d
1511530686627303424,NPC的集体AI啊,3237.649,1707279699,f170be36
1511568884010922240,是梦与愿望,3125.115,1707284252,b98c9fb3
1511570884618528512,是通灵的梦境,3206.23,1707284491,b98c9fb3
1511822907737834496,庄子：原来我时这么想的啊！,3134.221,1707314534,bda1f123
1512251072759342080,突然失去或者将情感带入了,3070.429,1707365576,4000cde6
1512252022500783360,灵光一闪，突然想到,3150.493,1707365689,4000cde6
1512252635288549376,其实是循序渐进，早有征兆，但大多数人无法察觉,3191.345,1707365762,4000cde6
1512253239452826112,那之前的猴子们为什么会开始蘸着海水吃呢,3230.319,1707365834,4000cde6
1512774213281604608,卧槽。混沌理论系统！！！！,3153.81,1707427939,8ed0c3de
1514016509931098624,你猜第一个发现螃蟹能吃的，到底怎么发现的？猴子又不傻,3209.326,1707576032,92e7c78e
1514073298105808384,迷因，或者说信息木马,3180.678,1707582802,2e37a580
1514583535271749888,第一只猴子受到启发后并做出的行动，是对猴子这个集体意识里编入了规则，从而改变了集体,3218.418,1707643627,c665640
1514639174123334656,自性,3026.532,1707650259,c4510bcb
1514640437590583296,更高的维度,3120.485,1707650410,81689b77
1514641035211329792,猴子阿卡西,3230.978,1707650481,c4510bcb
1514698547189152000,这里已经看不懂了。。。,2926.085,1707657337,9ffb6953
1514744780003978496,到这里就已经是我的认知极限了,2941.535,1707662849,9dd3ff7c
1514824981765295104,这BGM,2972.822,1707672409,e2780229
1515242570916536832,之前的是跟科学家学的,3233.369,1707722190,2562f491
1516890290877783552,火之意志,3111.925,1707918613,88702550
1518665084443254784,哎呦，不听了bgm太诡异,3049.544,1708130185,be292ef8
1518807268521512192,相信后人的智慧,3102.257,1708147135,f9adf723
1520316968576921600,应该是王浩，,3176.635,1708327105,3c73699e
1522419705653141504,形神俱秒，与道合真,3022.407,1708577771,be610f50
1523014509801892096,集体潜意识,3111.359,1708648677,1d21615c
1525945910948258816,传火,3093.569,1708998127,d2dd72c0
1526325358331251200,这里的理解就是形是个容器，而神就是被这个容器盛着的,2938.91,1709043361,f635abf2
1527744800521370112,薪火相传,3096.725,1709212572,70a57111
1527758035026471424,神能入石，神能飞形,2920.882,1709214149,62568114
1528889413248482048,传火黑魂,3116.323,1709349020,6f32af52
1530108341492489472,好困啊,3034.209,1709494328,5804464b
1534893210164506624,超体,2897.908,1710064729,62081682
1537580659072350720,想听妖怪篇,3181.802,1710385097,91e0a9c8
1544285120998244864,蝴蝶效应,3176.236,1711184332,384ddeeb
1544357386121272832,不会是共同意识吧,3095.67,1711192946,5783e517
1575480378784163840,信上帝,3134.598,1714903096,a388be22
1579708203527511552,问法官啊,3179.339,1715407092,36b4895d
1579948250130296320,精神,3090.485,1715435708,9b4ce596
1581621475461416704,这种背景音是什么，太喜欢了,3108.623,1715635172,de41b98e
1592064944445303808,你这CPU架构该优化了,2936.602,1716880130,f9c33a0
1592066053209484544,你也许不能创造自己，但至少可以改造自己，能不能创造也不一定,2998.077,1716880263,f9c33a0
1592067141253920768,我在乎的这一个失去了，我还不能难过？,3084.918,1716880392,f9c33a0
1596308833918038528,我还是会扶的,3164.151,1717386041,50e7d22
1606223054693128192,胖猫,3160.501,1718567909,daf8c946
1623418737971474432,昆山龙哥,3189.659,1720617794,db4ca287
1631442855685806336,大圣灵,3123.419,1721574343,21c7b3eb
1786995063336434432,如果潜意识是真的，那么人类身体的共生微观生物的集体潜意识是不是就是人类意识的温床？,3025.581,1740117611,5486f4a0
1806748969587135744,陀，你不是一个合格的科学家，但是，你是一个好心理医生！！！！,3076.512,1742472461,e9102dea
1916164431202230528,进击的巨人。,3222.153,1755515800,a8280c73
,,0.0,1775655591.4716349,
lb.c,,0.0,1775655591.4716349,
,,0.0,1775655591.4716349,
1510971530572945408,病毒也是,3260.161,1707213042,68adfe97
1510983347998903808,所以为什么说公众人物说话和行为是有影响力的。。,3271.184,1707214451,5344860d
1511047425832659456,虚空终端,3240.373,1707222090,8327211f
1511152281444385536,这个进度条够带劲,3267.0,1707234589,c82172ab
1511578410852420352,吃过,3323.709,1707285388,b98c9fb3
1511680385774603008,呜呜呜呜呜,3381.092,1707297544,350b71bd
1511864251613163520,好赞！！！已三连！！,3375.957,1707319463,a151a368
1511912731333112064,尼古拉特斯拉,3242.059,1707325242,e77b4efc
1512209128251316224,国之大事，唯戎唯祭,3343.927,1707360575,3d3ac38c
1512361484406102784,我说：看过这个视频的人都很快财富自由,3374.202,1707378738,c811e88f
1512905877231943168,如果可以，我请求我父亲的病症可以通过中医治好，不需要手术化疗,3385.38,1707443634,96c0ea62
1514017550168926720,这个叫榜样~,3263.867,1707576156,92e7c78e
1514052802664623104,巨人里也是这麽说的,3250.246,1707580358,8b405922
1514074494271267840,榜样,3250.657,1707582944,2e37a580
1514426217699705088,"随众生心,应所知量,循业发现",3338.047,1707624873,552666d8
1514467136347857152,传播学,3252.723,1707629751,fdae21aa
1514585089571321600,本质如up所讲，表观来看，是个体与其他体的互相影响,3257.288,1707643812,c665640
1514586357778151424,意识能向上编辑规则，从而让其他个体受到影响。,3375.288,1707643963,c665640
1515244400329096192,终于回到标题,3352.533,1707722408,2562f491
1515245365908168192,会，我赞美一个人，对方就会开心,3371.569,1707722523,2562f491
1515327875191339520,每个生物，即使不是生物也都有自己的编码程序，找到合适的接口，输入各种形式的命令就会产生各种光怪陆离的结果。。。,3381.143,1707732359,1ffbc1b5
1515820269367795712,言出法随,3371.896,1707791057,776bda24
1516768920881824512,我很有钱我会很有钱,3387.47,1707904145,70fd3c54
1516954469592933632,但是呢，很可惜，天地不仁以万物为刍狗，物质宇宙也不会因人的想法而转动,3336.001,1707926264,8384b083
1517633712840660224,真的已经三连了，你已经言出法随了,3390.09,1708007236,1733fcea
1518174832104131072,闭口禅开口定乾坤,3371.615,1708071743,8efd754e
1522714113464572160,阿卡西记录,3252.427,1708612867,164ded48
1522755371783948800,相信相信的力量,3370.14,1708617786,e361d6e7
1523774884663086848,不是八级大狂风吗？,3328.519,1708739321,66fc55c1
1525948176568456704,其实我也觉得我能影响天气,3349.825,1708998398,d2dd72c0
1526329365493732096,拉马努金,3246.818,1709043839,f635abf2
1527761067525454080,君子之德风，小人之德草,3264.903,1709214511,62568114
1528252348273969408,←前面发这个弹幕的，回旋镖在等着你,3334.468,1709273076,67438bf5
1528302863489519616,董仲舒的天人感应。。。,3335.263,1709279098,eb692ff6
1529666599341484032,岛上没有番薯，科学家带的,3240.346,1709441668,3c7337bc
1529668256988820992,首先得找到输入代码的入口,3366.077,1709441866,3c7337bc
1531277046981185792,原神，拯救世界,3377.201,1709633648,7039cd78
1532749734215975936,能影响天气？那不是萧敬腾吗？,3335.762,1709809206,a48a250c
1548578720279697920,关键小人物,3375.09,1711696169,c2ebb559
1561767342860648960,上传到云平台了，全人类的意识都在训练同一个AI模型,3240.735,1713268375,43544b2e
1579709736914476800,人定胜天,3362.094,1715407275,36b4895d
1592069102250627584,反正预知梦我确实做过,3243.288,1716880626,f9c33a0
1592069806364986880,罪己诏？,3318.523,1716880710,f9c33a0
1592070266757056768,所以萧雨神是怎么影响天气的？,3344.159,1716880765,f9c33a0
1606399670735766016,同样适用于所有宗教、政治,3277.292,1718588963,726a651a
1608730598024060416,终于绕回来了，哈哈づ♡ど,3350.983,1718866831,92bbae6d
1837860283956193536,刚开始说什么来着？咒语,3369.517,1746181218,eb39c167
1862551286277790976,媒体,3273.964,1749124615,fa202f09
1916166274984708352,等等，这不是董仲舒的天人感应吗？,3313.709,1755516020,a8280c73
1916166598281445376,这不是天人感应吗？,3285.004,1755516058,a8280c73
,,0.0,1775655591.4716349,
lb.c,,0.0,1775655591.4716349,
,,0.0,1775655591.4716349,
1510893569358271232,第一第一,1.699,1707203748,cde4d87e
1510899902287393024,因为翻译的过程信息会有误差,326.337,1707204503,18041a7d
1510909908177375488,大吹法螺，大敲法鼓,139.426,1707205696,6701cdaf
1510910844496804096,咒语：钵钵鸡 钵啊钵钵鸡 一元一串的钵钵鸡,264.042,1707205808,a2d527c6
1510919025335687680,角度新奇，有想法，尚,30.832,1707206783,68222e04
1510930940716041728,占座,18.899,1707208203,520a78cf
1510950755354440448,临兵斗者皆烈阵在前,56.422,1707210566,7ab67633
1510958798544962048,传播的都是怎么分红，知识垄断和解释权垄断是宗教发展的重要手段,322.894,1707211524,68222e04
1511034478041378304,如果宗教失去神秘性，被彻底解构，那会彻底沦为娱乐产品，甚至被遗忘,316.877,1707220546,9f3bfdff
1511181262969388544,好家伙，这时长老夫相当满意,4.106,1707238044,cd48e03d
1511182539002482176,阿达瓦卡达哇,80.78,1707238196,c5b1b916
1511222906066129664,更新了,2.219,1707243008,2d45ce45
1511226942186302720,八利三藏,254.169,1707243490,925a8e
1511242451145711872,是临兵斗者皆阵组前行,60.751,1707245338,56542bc
1511243862948012288,呃稍微做个思想实验就知道了吧，两人用同一个咒语博弈，宇宙会让谁的生效？,48.369,1707245507,61765872
1511247346108166144,保持神秘性,324.439,1707245922,9ba24f69
1511269600958901504,起源于远古的傩戏吧，只是语言到后面音调之类的变了,229.695,1707248575,9a4d5722
1511286993429352448,傩戏？,195.086,1707250648,40e8b606
1511371366191285504,一本老书，魔界英雄传,56.191,1707260706,d7472b31
1511371955406711296,宗教、民俗需要权威啊，和普通人分开,332.559,1707260777,a03619e9
1511443430792994816,读作频率,50.419,1707269297,f170be36
1511449130046897920,ai是语音是ai服务人。所以按这个逻辑理解 咒语就是人服务神，而不是神服务人。,39.02,1707269976,c9088b35
1511456406702981888,欢乐豆效应,18.499,1707270844,9a409ed0
1511458951899097600,唵蓝净法界，乾元亨利贞,57.505,1707271147,935d4258
1511460489002457856,嘛哩嘛哩哄,115.187,1707271331,f79d57f0
1511461124523224064,巴啦啦小魔仙沙拉沙罗全身变~,122.181,1707271406,f79d57f0
1511464619930060288,大威天龙，般若妈妈哄！,123.144,1707271823,2694a6a3
1511484128527372544,盂兰神功,201.216,1707274149,b5a2bfa6
1511493372387584768,酆都,186.259,1707275251,aef8af5a
1511501312163094528,六字大明咒,65.699,1707276197,3c847720
1511518557304159744,但是指定语言可以掌握解释权，你传播了但是不听我的，那有什么用,321.567,1707278253,5eea56d8
1511520194298916352,惠州人冒头,133.131,1707278448,f388d0d7
1511530496667056128,奇术师,38.359,1707279676,9f798b2
1511539736383475456,背景音乐很好听,238.293,1707280778,e98af137
1511542792294497792,电的载，言的流音的体！！！~,92.155,1707281142,b98c9fb3
1511568683934632192,太平歌词,176.762,1707284228,dccf1241
1511634527880466688,嗯，用山东话来读论语对吧？！,303.511,1707292078,d9096a03
1511682304282562304,细思极恐,65.85,1707297773,e7a6fc0
1511691840704061440,这根本不是悖论，宗教信仰可以共享，但宗教解释权不能，用这些与众生不同的语言是刻意为之,314.645,1707298910,10fe7ea0
1511767484339176448,你要弄清楚什么是咒 在从你的语来研究,107.255,1707307927,c04d39b0
1511770286520144384,但咒语往往需要支付代价,42.49,1707308261,3e66d107
1511813234556941056,普罗米修斯！！！,263.753,1707313381,a151a368
1511845043487872768,我们称为：指令【狗头】,102.28,1707317173,8872ac8b
1511858711323561472,一切都会好起来的,9.076,1707318802,f57b51b5
1511865453088102912,其实就是呼出控制台输入权限内的命令而已,68.929,1707319606,de100637
1511902250002346752,日落西山呐～～～～～ 日落西山黑了天,180.056,1707323993,fe023968
1511930684984525312,殄文,153.507,1707327382,4024beb
1511982163430892032,涟漪到一定程度要么忽视要么被摧毁,76.168,1707333519,3b533936
1512199663267418368,异世界舅舅？,279.895,1707359447,668f1692
1512239974622197504,说不定咒语就是神鬼的语言,29.139,1707364253,cfd7ca0d
1512317236235702272,老法师啦。,154.589,1707373463,ac63fe8e
1512342985545859840,往生咒的话历史不会超过两千年,99.669,1707376532,ec1e650d
1512350557044727040,就连网庙上吹的不靠神仙的道教也是不受箓不拜师无法入道,325.259,1707377435,ec1e650d
1512385944664624896,真语音系统？,300.179,1707381653,85182cf1
1512396870666703616,是的，在河南搭台唱戏，只要开始了，哪怕没人看了，也要唱结束，因为还有鬼神要看,200.4,1707382956,e490b69f
1512401437198811648,前排提醒，这视频不是讲神秘学和民俗，也不是讲符号学人类学的，纯纯的地摊文未解之谜系列,0.0,1707383500,ec1e650d
1512411536671438080,配的视频太烂，为什么不用倩女幽魂里的夺命梵音？？！,65.249,1707384704,df179fd2
1512412001694205696,古代佛经没有文字，都是口口相传。分组背诵互为备份，防止荒腔走板。,130.443,1707384760,218bc651
1512413195863024640,戏曲规矩：一旦开唱就必须唱完，就算没有人听，也会有鬼神在听。,187.237,1707384902,218bc651
1512470663531772416,商博良也不能翻译吗？,254.691,1707391753,2192b47c
1512575622239711744,汽车人变形出发!,34.061,1707404265,1c876ed5
1512675556465262080,爷爷，你关注的up主更新了,0.053,1707416178,e6b1cced
1512800259246878720,雅语？,188.839,1707431044,22a12544
1512835991520727552,加油加油加油,49.519,1707435303,e2e36116
1512878834314398720,急急如律令,116.139,1707440411,ac66a05
1513407398424177664,咒语是古代文明在集体潜意识上构造的系统操作语言 辅助你用神识力共振现实,50.326,1707503420,bb2b695c
1513519125832521216,我知道了，来念，大威天龙,271.527,1707516739,8471b486
1513825907696042240,世界的本质就是震动,35.041,1707553310,97783db7
1513854484185655040,吃葡萄不吐葡萄皮,140.116,1707556717,d2d434c9
1513867228041500928,咒语很管用的，楞严咒大悲咒超管用，,79.791,1707558236,92141b11
1513869470635296768,楞严咒很厉害,124.271,1707558504,92141b11
1513869954716362240,太极腔,181.873,1707558561,92141b11
1513870167694691072,符合太极转动的腔调,207.251,1707558587,92141b11
1513875250914631936,哈嘛噼,256.295,1707559193,697c73c5
1514040566067789056,失传的语言,231.848,1707578900,2e37a580
1514042597747022336,传播的不是教义，而是以神秘把控对神言宗教的释义权，进而掌控教徒思想,318.305,1707579142,2e37a580
1514082080827877632,有句话叫做末法时代，咒语可能就是可以震动那些魔法元素的发音。越大的法术就是需要越多的魔法元素加入,159.257,1707583849,1d9e85c9
1514199858108791040,背景这个场景和美女好美好精致,97.689,1707597889,543b1b52
1514355957059465728,言灵,83.299,1707616497,b1181568
1514357118193747456,包饺砸！,221.677,1707616636,b1181568
1515017413597801984,玛卡巴卡,5.733,1707695349,65bbde51
1515075022790625536,港片能作为参考？？？,193.326,1707702217,19d790a7
1515323257966851840,龙族,33.379,1707731809,2a0baa1e
1515352156562250752,天猫精灵。开空调,86.414,1707735254,651def2b
1515858433734178048,不是讲究天人感应吗？我认为因该注重感应。,283.302,1707795606,38b7cd34
1515967506836537344,代码也是咒文←_←,144.937,1707808609,a1427164
1516076378326696448,纳米机器人就是魔法元素,168.409,1707821587,78fb5fc8
1516259650881020928,我认为一定不会是种真正的语言，或者说一定没有规律,11.119,1707843435,c9cb581b
1516599242444146176,这些咒语可能是调整自己能量的一种技巧，但是前提是对自身能量有认知，现在已失传了,121.64,1707883918,be0efab2
1517403587184422144,我知道，同伴加压耗时3防夜袭，是神秘交谈,276.082,1707979803,e63ec77b
1517533032255605248,恐怖的时长,9.17,1707995234,d8d03db0
1518137113181289216,陀螺么,9.807,1708067246,7fb60ea5
1518947474113374464,不算什么新想法，我小学时就在很多科普科幻书籍中见过了,34.415,1708163849,8d99378e
1518975570909053440,这些是谜因或者说是模因,88.047,1708167198,8d99378e
1518988018554381824,索绪尔《普通语言学教程》,207.331,1708168682,8d99378e
1518990509333373696,有没有可能神不需要语言,334.629,1708168979,8d99378e
1519019224050573312,手机便是魔杖,65.464,1708172402,eb2d8318
1519077329471963392,斯人已逝,155.313,1708179329,5ae573e0
1519119575835716352,终于有人说这个了！,14.259,1708184365,852f32d4
1519176036183758848,咒语 密码？,158.411,1708191095,f8fa38dc
1519415599787310080,摩西摩西,333.508,1708219654,a5fd0f2a
1519616248227790080,外星语吗,248.364,1708243573,c67dfee9
1519674270610095104,6++++++,227.168,1708250490,3ed244f1
1519776711493963008,梵文,128.253,1708262702,cac1ea43
1520599627219771648,"Hey, Siri就是一句咒语",52.979,1708360801,62dea387
1520960370053912832,把这个换成语音识别就对味了 哈哈,285.435,1708403805,6c47009f
1521046991315212032,一人之下--巫妖  神格面具,189.927,1708414131,484718e1
1521313780892562432,计算机语言和程序验证,344.643,1708445935,73ad9a4c
1521828578877088256,什么亚空间,274.869,1708507303,3f564a18
1522141123278263296,讲好一个故事,84.475,1708544561,749148d6
1522245180462621696,有没可能是为了所谓神秘感，你不懂就觉得神奇而已，有可能经文只是说你吃了没之类的话,349.408,1708556966,c4f0a743
1522338742013231104,言出法随！,72.482,1708568119,d4df00e7
1522739676061328128,言出法随,96.474,1708615914,9242b9d5
1523493689731924992,南无阿弥陀佛,132.559,1708705800,ed3aa3fa
1523727651624210944,说不定就是外星人教了一半,313.746,1708733690,9accefd7
1524238675792495360,古语或者外语加上误读？,120.786,1708794609,eb9bb181
1524350810652467456,纳米机械可以实现的,73.747,1708807977,3e145f2f
1524871559263616000,这其实和人类的傲慢有关,322.405,1708870055,334b68cd
1524951088132848640,宇宙系统的cmd指令,36.891,1708879535,4506ee92
1525478414050475264,大家不要误会这里，只是为了解释咒语，是一种娱乐的方向。研究的并不是宗教的政治性,325.499,1708942397,b958d312
1525514254814519040,唱诗人,282.422,1708946670,b6955852
1525986563543289088,失落的史前科技？！,42.619,1709002974,ea787008
1525990164084938496,有没有一种可能翻译后会失真？知其意，却不能知其境,315.411,1709003403,ea787008
1526707221625564160,已经关闭了，神远古的时候为了调试留的GM接口而已,51.784,1709088883,ac9c7a53
1527043400309016064,真名,289.935,1709128958,f2719655
1527406274621540096,遇事不决，外星语言,254.434,1709172216,b5f326f3
1527518713752931072,阿瓦达啃大瓜！！！！,75.721,1709185620,acc807f1
1529578567409916928,惊！晴雅集？！,29.392,1709431174,43bd4e89
1529581902888364032,一种保持自我文化的方式而已,313.873,1709431571,662e91a1
1530203757764441344,神秘主义,333.339,1709505702,961f4073
1531427263931784704,菠萝菠萝蜜~~~,139.178,1709651556,d798ad0c
1531911304212702464,？？巴利三藏是原始佛教语言，记录不应该是原始佛经么？怎么会翻译不出来,245.83,1709709258,1b499427
1532035581700394752,梵文,233.951,1709724073,180c64e8
1533269809557922048,我们所有的念想都是咒语,70.357,1709871204,62081682
1542529958940243200,是的，有的看似是梗，其实有些力量在的,90.778,1710975100,32e70d68
1543111050709208832,桐人：system call,56.917,1711044372,1fa48e31
1544947092043549440,想起句话，科学的尽头是玄学,207.987,1711263245,3e3a2c80
1547095614930966784,其他语种的经文怎么呢,303.683,1711519369,e6a80cdd
1547958184134834176,这里还有个悖论，当一个种族发展了一个宗教。那么肯定是这个种族的宝贝,330.11,1711622195,e32b7191
1548159716230860800,这不是维护正统核心地位的需要吗？,316.706,1711646219,41484aff
1548278444176366080,怎么证明或者证伪,44.389,1711660373,aa9228fe
1548340582077118976,表音文字,253.179,1711667780,26c06ef
1548341319083226368,为了最终解释权,332.879,1711667868,26c06ef
1548698437929915648,拉莱耶语,233.375,1711710440,cc4815cd
1549523100742364416,伊卜拉沙~,235.001,1711808747,145aa409
1555920021157790720,我也会：“小爱同学，帮我开灯”,47.483,1712571320,a7828a4c
1578907644843075328,就是高维能量语，链接你和你的原神,77.328,1715311658,89a93e3c
1579045791392150016,是高哥特语和低哥特语的意思吗？,256.159,1715328126,efbe4fb1
1579600572553052928,一陀翔,19.0,1715394262,c2ffcf2b
1593186662605772544,想让咒语变成真，你必须从相反视角观测咒语的实施～,6.368,1717013850,d9f65bf6
1595352854670238464,古神语,279.125,1717272080,548c6421
1613232999364002560,以前人少,319.025,1719403559,e64c5464
1625946687002524416,宇宙的代码,40.819,1720919149,3d151d8e
1639155093452823296,小孩子灵性高,163.464,1722493714,3b877167
1657286574037113856,科仪 密咒,211.368,1724655155,257a1ebb
1671812029079470592,宇宙编程语言,348.506,1726386724,67547af9
1685437688540383232,还有宇宙语,256.42,1728011029,f2f5aee3
1693835141027384576,巫在古代是指可以沟通天地的人,173.132,1729012083,76537ad9
1710183110169744896,没错，只要戏台子搭起来，没人也要唱，因为有鬼神也再看,183.934,1730960913,9820c3cc
,,0.0,1775655591.4716349,
lb.c,,0.0,1775655591.4716349,
,,0.0,1775655591.4716349,
1510900560373553408,撞到真空容器壁之后能量引起了容器壁的形变和内能增加，也就是做了功,659.79,1707204582,b9f37c81
1510900651868260864,现象难道不是人规定出来的吗？,458.885,1707204593,b7253f15
1511025437420547840,这里bgm有人知道吗,518.722,1707219468,9039f3b4
1511030251256490240,这个有解释,449.298,1707220042,1555eca4
1511042247267934720,达摩是真实的历史人物啊，有记载的,360.85,1707221472,3d58d951
1511091314459339776,光音天,449.444,1707227322,4404adee
1511091935325041920,光音天,447.529,1707227396,4404adee
1511092919216725760,阿凡达团建,389.076,1707227513,165e8d50
1511105664078934784,真空中应该是没有物质媒介来共振,579.255,1707229032,ff133554
1511151090589253376,那么问题来了，神无所不能，为啥不啥语言都懂,402.783,1707234447,4653de3d
1511177058464783872,这个逻辑有问题，就算耶稣真的复活了，那后世的人都没见过又凭什么相信，那没见过的后人可以相信，没见过的前人就也可以相信,385.196,1707237543,a002bc65
1511180170973705728,阵法？,686.459,1707237914,6d8b995d
1511196360635076352,吊在板上的原因,581.869,1707239844,8e8a9411
1511282684226246912,相信神存在≠神真的存在。,394.928,1707250135,be6a4a57
1511337549380404736,相信相信的力量,406.35,1707256675,d23c6e91
1511344816028825856,这个应该是心理学。,421.01,1707257541,86ff93e9
1511444496154427392,啊，竟然有文献？,539.327,1707269424,57b0d9a5
1511492257423854848,是催眠学，不是心理学，在很多时候是超心理学的概念,516.282,1707275118,2a863fc8
1511508387635012608,现象不是人规定的，是人发现归纳总结的，无法复现没找到规律的就是神秘,468.904,1707277041,3e818a27
1511522047493633792,"祝由术算不算,听说确实有一定效果",428.512,1707278669,f0e5ceae
1511531083693425920,共振就是功放,624.337,1707279746,3291c759
1511536718556469248,可以理解为神灵C语言,509.384,1707280418,25a3a2fb
1511545975553024768,遇事不决，量子力学,497.303,1707281521,18d3d9b6
1511604753430393344,好像臭名昭著的水知道答案也提过类似的理论吧,656.368,1707288528,c0dcfb2c
1511628251397654528,耶稣也是真实的历史人物啊,364.559,1707291329,be83c184
1511695680824204032,曼陀罗,630.593,1707299368,2b4097c
1511698937155826944,声音不是消耗了能量才出现的？,477.243,1707299756,e274e0d6
1511868531464402176,灵能科技会引发亚空间天灾,434.039,1707319973,de100637
1511906428947239424,这种事是完全有可能的 但是距离神学 十亿八千万光年,522.151,1707324491,fe023968
1511907011250652928,真空不空 朋友,583.404,1707324560,fe023968
1511986773247507200,别迷信了，就算法翻译成同样的语言也是近似意和本意肯定有区别的，声音也分很多种，人与人听到也会有差别，这方面确实大家都不懂就看谁在那装，相信科学，拒绝迷信,411.888,1707334069,3b533936
1511992122906106624,只要别傲慢就很难迷信,487.448,1707334706,3b533936
1512399397458329600,逸散成熵了,482.04,1707383257,e490b69f
1512416070420826624,全国无论南北，都有一种去除喉咙鱼刺的祝由术。无法用现代理论解释，但真管用。,424.813,1707385245,218bc651
1512417522790590464,压点效应会产生电磁波，另一块同规格压电材料能够接收同频电磁辐射。,532.909,1707385418,218bc651
1512553623576776704,这太扯了,499.588,1707401642,3ff15c6
1512961307039537152,听音识曲,557.452,1707450242,3b054801
1513120392393488640,曼陀罗 荷鲁斯,627.43,1707469206,cb704783
1513607207155996928,祝由术,431.192,1707527239,4c09d4ff
1513712709210978816,千里传音,544.654,1707539816,51e24fc0
1514046186527756800,金花,637.486,1707579570,2e37a580
1514414867174400768,扯什么？的布罗伊物质波也是这个差不多的情景,506.264,1707623520,2610031c
1514810229593054464,有时候挺好使的,424.53,1707670651,7abc00a5
1515079558796536832,是语言就能承载,442.446,1707702757,19d790a7
1515889347617151232,言出法随,688.232,1707799292,38e0cfa7
1516074366621033728,有体验，比如快睡着半梦半醒间有时就会听到别人的说话声,510.885,1707821348,87b7cc89
1516142762431414528,巫医:我用的巫药是地塞米松,371.827,1707829501,7885fa40
1517231888501551872,能量在引起介质震动时就损耗了,667.08,1707959335,b02b4760
1519097112141709824,脉轮,632.163,1708181687,b79fb829
1519149031283219968,六字大明咒的“唵”字声波成像出来的就是一个坛城的模样,702.861,1708187876,b4116d28
1520413688194932736,只看结果，不看过程,434.976,1708338635,18f90f29
1521193655723901440,打电话不也是这样吗,543.23,1708431614,1afc700e
1521515294374641152,很多佛世界是以音声形式存在的就是这个意思，佛说法的音声响彻三千大千世界乃至无量无边世界却互不干扰，个人推测原理也是如此甚至更高端,646.222,1708469957,2bc7f25d
1521869830855307520,九龙化骨水,428.984,1708512221,5e5b832e
1522614177301480704,我都不知道我是從哪裡開始聽不懂的,680.949,1708600954,e5b3855e
1523056658296037376,虚拟世界么？,434.293,1708653702,11aee060
1523111823023342080,这也是因为有电场啊,525.467,1708660278,caf65355
1523399379279849984,真空量子涨落产生虚粒子，这些虚粒子可以震动传递声音,509.3,1708694557,e0aa4922
1523733545385058304,就像音乐会影响人的情绪或行为,589.669,1708734393,c0cf273f
1523896536491566336,神说要有钱，于是真的有了钱,407.087,1708753823,a623f050
1523921070451773184,直接操作底层代码的意思？,460.701,1708756748,bc3c5dc4
1524083323922976512,听不懂，但是爱听,547.719,1708776090,3238262a
1524151221777249792,我想到了催眠！,451.94,1708784184,31a50c5b
1524872064241377536,找个海妖，她们有语言插件,395.524,1708870115,4df1c005
1525795062360167424,如果是相同结构的设备，很有可能只是因为固有频率相同,579.875,1708980145,38db071e
1525895530184793856,魔术？,376.219,1708992122,2846fd25
1526905709101803520,源代码,625.148,1709112544,53713d10
1527805746459515904,可以用同一条鱼用火烧软 放水中喝下去就可以了 没试过 可以试试,428.36,1709219837,c3660b3b
1528746137987852032,抵抗重力我笑死,447.8,1709331941,b18ca3c3
1529391240104563712,真空没有空气啊，能量没法传递呗。,474.731,1709408843,acab398a
1529393029109376512,图案与物质形成未必有关联，结,685.81,1709409056,acab398a
1530561309647992576,原神，启动,440.699,1709548326,7039cd78
1530563428618802176,原神，拯救世界,685.059,1709548578,7039cd78
1535763481922828288,你好。地球人,502.126,1710168473,369f2308
1538300396295406080,当你相信神存在的时候，你无法分辨神不存在,400.555,1710470897,380fb161
1543391465777099264,太阳：那我走？,403.631,1711077800,e185455b
1543744512340334080,雷达？,682.265,1711119886,3ab4cc58
1545168316992144640,别着急反驳～人家都有资料的，又不是信口胡说。先看看中不？,522.289,1711289617,2a2f81cb
1547835726564081664,大型演唱会,392.023,1711607597,ef69e866
1548724242135296000,这不是共振，这是系统的耦合运动，不要望文生义,587.954,1711713516,5e86f2be
1550077398274505728,披着科幻外衣的外星非洲,415.033,1711874825,594a703a
1551541533415911424,画符？,697.612,1712049363,f686d65e
1551666175614980608,电子设备的声音和人体的一样吗,654.95,1712064222,af883166
1559681438692134144,频率,462.398,1713019716,1d73ca06
1565534952362303744,分形几何,688.766,1713717509,5db64ff1
1578153244038174464,非局域耦合机械振子的同步及奇异态,589.095,1715221727,4350c6ed
1582038471336594176,史前超级治愈机器人，通过语音交流借用,417.043,1715684882,97213204
1587104621032583424,突然串戏到了浮世叁千问233,549.603,1716288814,482d75e4
1589353646557061120,看到这个我立马想到了麦田圈的图案,681.825,1716556919,5931d69a
1605616503556794112,==没人说达摩是神吧？佛教从来说佛是开悟的人而已,401.019,1718495602,926fe657
1616096372220716544,那就是每个读音都与某种波共振，或组织成固定的波形组合，这样的波形组合就产生某种能量，达到一定强度就能影响能量场,475.339,1719744900,13b5d3c3
1616896630853157376,转化成内能了啊,473.553,1719840298,22286d56
1622573075915028992,逗猫棒,585.05,1720516983,72808daf
1623704623200179200,真空不真，即使太空，也是相对真空，不是绝对,499.219,1720651874,4c99fc82
1639981537342845184,总裁那里看过这段,603.241,1722592233,95e48e44
1655747505583124480,麦田怪圈,690.774,1724471683,b7d61015
1657054149197909760,所以皇帝学天人的音乐就是为了拯救当年的人,705.618,1724627447,bb2b695c
1684301329097158656,节拍器,580.965,1727875564,fea2e132
1707933810337497600,神“说”：要有“光”,450.231,1730692776,c87e78db
1786962726779324416,首先发出声音的东西你必须得给它一个定位，或是锚点，一切从它出发才有对错，或许这就是人类限制？,712.141,1740113757,5486f4a0
,,0.0,1775655591.4716349,
lb.c,,0.0,1775655591.4716349,
,,0.0,1775655591.4716349,
1510908556394966784,芭芭拉：治疗就交给我吧,914.772,1707205535,66b8a922
1510931899072224768,就算时空不连续，我们感受到的也是连续的。,1022.773,1707208318,de0d96f7
1510932180552081408,比如：眨眼补帧。视频一顿一顿的，可是在我们看来，就是连续的。,1024.733,1707208351,de0d96f7
1510932571318612736,卡顿，对于连续来说，通过对比，才有卡顿。,1026.053,1707208398,de0d96f7
1510939667150138880,细说深入,977.537,1707209244,6840d8d4
1511037968390157824,图穷匕见,773.855,1707220962,f2194801
1511107728758915584,这是波纹攻击,919.726,1707229278,ff133554
1511108334592237824,开始看不懂了,1019.318,1707229350,ff133554
1511115165905922560,我喜欢,775.271,1707230165,21836113
1511154999126838016,那如果光可以被力吸引或者退离呢。。。,810.518,1707234913,4653de3d
1511215457519212800,这个招数电影里的神婆经常用,949.238,1707242121,833e8924
1511244701272300544,法术：言出法随,847.578,1707245607,ddd5415e
1511440245227354368,时间是否存在都是个问题，讨论这个,865.197,1707268917,cb122b68
1511450399830701568,魔术大师,951.539,1707270128,c35938f7
1511467769114449152,万事不决，量子力学,1006.523,1707272198,5d76bd6e
1511492002686982912,其实是魔术而已,992.258,1707275087,1253f646
1511543661714979840,如果魔术能救一个濒死的人就好了,1003.873,1707281246,f0e5ceae
1511544817807974400,我还以为我屏幕上有蚂蚁！！！,960.27,1707281383,275bd317
1511551857225513984,？,956.623,1707282223,18d3d9b6
1511686273318952960,遇事不决 量子力学,999.821,1707298246,afd6932a
1511694476094334976,图穷匕见+1,789.081,1707299224,e7d94bb0
1511739552522725888,这不会是芭芭拉的原型吧,919.964,1707304598,68b8b69b
1511765376005291776,所以关键是理解共振的本质吗，共振为什么存在,720.256,1707307676,d3926e93
1511837427696720384,我的老师跟我们讲过很多这种，老老师懂的很多，都给我们讲，现在可能没老师知道了,969.57,1707316265,928db7c7
1511839115250015744,不是魔术，我那个老老师说，超自然跟化学物理学有关，不是假的，只是我们现在不懂,996.13,1707316466,928db7c7
1511872289778621440,"光不会被引力吸引,而是沿着空间最短的路径传播而已.所以黑洞是扰动空间而非拉扯光子",823.721,1707320421,de100637
1511937045143108608,因为观测了,1052.265,1707328140,54505dd5
1512001545351270912,众所周知宏观效应会有一个概率趋势这不就连起来了？不想卡bug也不是不可以,1026.596,1707335830,3b533936
1512232402234451712,有没有可能芭芭拉学过医学，打着巫医的旗号在实施专业手术？,996.828,1707363350,668f1692
1512476769406749184,噗，再见,981.123,1707392481,2192b47c
1512608267246103808,就象我们看动画片那样，动画片也不是连续的，只是我们觉得是连续的。,1031.334,1707408156,aaba05d6
1514049108397391616,这类魔术手法被揭秘过,954.314,1707579918,2e37a580
1514763847821686528,科学的尽头是神学,1067.514,1707665122,ec0293b2
1515115708605221120,不，相对论证明时空是变量,782.777,1707707067,9ba94f75
1515382011794174720,路西法,799.388,1707738813,8b55cc44
1516202209334213888,遇事不决量子力学,989.899,1707836588,8e9d9c30
1516399092161618688,有没有一种可能，一切只是场物质流动产生的变化,857.976,1707860058,e4ab6b8a
1516472943654308608,直到魔法揭秘开始播放,997.288,1707868862,dc228f33
1516934833941766144,主要就是，声音的能量太少了，除非是有放大器，或者类似引动雪崩一样的引子,846.614,1707923923,8384b083
1516941263289824512,说其他我还不一定熟，这个芭芭拉帕奇塔不久前我还看过揭秘,875.114,1707924690,8384b083
1519459610443232512,芭芭拉 冲鸭,875.621,1708224900,bdcd674a
1519521141822387200,法器？,863.309,1708232235,85109700
1519734356447349760,我记得有书说 唵 代表世间万物,745.784,1708257652,6e104b80
1520925161463963648,造神嘛，哪都一样,977.215,1708399607,39380461
1521520242915206656,黄帝外经到底什么内容啊,953.712,1708470547,2bc7f25d
1522305516666245888,芭芭拉冲呀！,901.502,1708564159,cfd4b043
1522600013229157888,你这个芭芭拉回复效果有点强,901.821,1708599265,afb33c7e
1523116779063697664,这就是芭芭拉原型吗,894.658,1708660869,caf65355
1523117225723492096,研究出来可是能“水”一篇论文的啊，怎么会有学者不感兴趣呢,921.75,1708660922,caf65355
1523826720631923968,所有的一切都是能量的互相干涉,868.615,1708745500,3c7337bc
1524834345603342592,遇事不决，量子力学,990.708,1708865619,2ecd090a
1525447203026720512,来困了..............,1051.074,1708938677,733e5dc3
1526071318246951680,那倒立行走是不是会活的久一点,839.812,1709013077,aec86728
1526213258074652160,就喜欢这句！,722.968,1709029998,a48a250c
1526215241627702272,芭芭拉冲鸭,932.186,1709030234,3fc86396
1528921959411564288,时空之王，命运道标,858.034,1709352900,f7ab0be
1529095836045338112,那是你念唵这类时 你的肌肉呼吸机都在随着你念这个字时有规律运动 按摩内脏,787.375,1709373628,b2446d3b
1529096324883104000,将无序混乱 通过振动变的重新有序，规律,845.558,1709373686,b2446d3b
1530200422705674496,我更倾向于时间是一把尺子 本来不存在只是为了让人类理解而造出来的工具 ,1065.539,1709505305,a5220fbb
1534711957620495616,因为思维是线性的,1034.803,1710043122,62081682
1543746423835697152,这么离谱？,910.195,1711120114,3ab4cc58
1546005639908824320,算了吧,907.089,1711389433,990cb761
1549518129745755904,苗医没病拿水,995.939,1711808155,ceb9f1ab
1551541810399105024,咒语就是用声音画符,730.627,1712049396,f686d65e
1551542719128959232,衰变，老化,838.951,1712049505,f686d65e
1562180038324307456,科学没有尽头。,1077.795,1713317572,59236c22
1577511418495228928,咒令：我，秦始皇，打钱！！！,886.446,1715145215,d59fe5b0
1578778053835180544,芭芭拉：演唱，开始！,890.933,1715296210,b897fdc1
1594020501347522304,黑客帝国,944.659,1717113251,10d4dc90
1615813523726791168,我每次睡不着就看他视频，一听就困，比安眠药管用,1041.055,1719711182,29578a32
1622577590823022080,幻影移形,1038.551,1720517521,72808daf
1639987416305571072,回调芭芭拉！,906.754,1722592934,95e48e44
1655797195032993536,湖北某个道教县的某个局长，就是被这种方式治疗的癌症，还拍了视频,957.966,1724477607,f85c634d
1682123295757073152,遇事不决，量子力学,986.771,1727615923,46c0c30d
1682123743473752832,缩地术！,1036.086,1727615976,46c0c30d
1693841864656055296,憨豆先生也干过类似的事,948.417,1729012885,76537ad9
1727377496854866432,读书时巴不得有这能力省下通勤,1036.921,1733010644,9d6fe986
1801466163009000448,高手啊,966.308,1741842701,705a891
1812420769691477504,怪不得蒙德城有个芭芭拉,992.077,1743148592,94749c01
1825597102567617536, 那光的散射呢？,816.808,1744719333,1a6d2728
1825599134908975616,电影中环节在他眼前上演，不敢想象他当时得震惊到什么程度,957.706,1744719575,1a6d2728
,,0.0,1775655591.4716349,
lb.c,,0.0,1775655591.4716349,
,,0.0,1775655591.4716349,
1510937110897690880,如果说是量子隧穿的话，概率极低，忽略不计。不如直接把射向他人的子弹，无伤遂穿到脑后。,1232.142,1707208939,de0d96f7
1510938654141682944,这难度，比空间传送还难,1249.191,1707209123,de0d96f7
1510941287778876160,言出法随？,1238.539,1707209437,520a78cf
1510960014297565440,有道理,1356.308,1707211669,73dbef55
1510973142066364672,我小时候经常混淆绿色和蓝色,1337.774,1707213234,2eb64d21
1511086203624329984,有合理解释了,1302.605,1707226712,903d032f
1511164230840225536,集体潜意识,1433.111,1707236014,4b967118
1511215250052352256,狼孩的故事如果是真的，那么鸿蒙讲座的故事岂不是真的？传道是真的,1431.28,1707242096,b789a2e2
1511218110945282304,所以自旋到底是什么意思,1100.438,1707242437,ad5cbc3e
1511255395841472512,思想烙印.  ,1347.877,1707246882,b694ac7c
1511404765434047488,这不是道家学说，这是道教学说,1156.319,1707264688,925a8e
1511431593041043200,阿赖耶识,1436.598,1707267886,cdf28e6f
1511460786487543808,本来就没有时间，,1087.225,1707271366,af3bc664
1511478139933912064,有道理,1368.836,1707273435,7a0bddcc
1511516709016718080,阿赖耶,1437.162,1707278033,3e818a27
1511533126998994176,观测物质世界必会对物质世界造成扰动，也就是互动，所以在微观世界，所有观测均是与物质互动后的结果,1368.97,1707279990,2b0a5cad
1511534374871452416,陀一定是博士后，逻辑，章节环环相扣,1206.486,1707280138,62081682
1511536152619183104,这就是地球ol的规矩呀,1351.549,1707280350,baaac14b
1511592607808412416,我们的世界是虚拟的,1141.448,1707287080,6e468b55
1511730073613624064,意识冰山，水面上的冰山看似独立，下面却连成一片？,1434.891,1707303468,ed61d4d3
1511912129274695168,其实可以吃 你喜欢的话（用过的容易产生细菌 吃进去会生病）,1339.593,1707325170,d67e1d47
1512134764138867200,这点认同，在学校考试的时候，明明我自己不紧张，题感觉也不难，但就是脑子空白，不会思考，感觉自己的意识被别人影响了,1430.906,1707351710,95936744
1512240897428290560,五蕴,1348.701,1707364363,f7efa00d
1512262604377145344,假设空间本就在你只是在这空间里放了个烟花，接着烟花充斥整个空间并不断蔓延,1169.81,1707366950,6031d481
1512505554680108288,有些所谓的证明只是为了让事情变的合理,1411.255,1707395912,f49ebad4
1513928600649548288,懂了，太上老君是量子（bushi,1170.598,1707565552,1a1281fd
1514382712004454144,神学不为用，科技为用,1247.087,1707619687,26b4c7d7
1514692285949028608,这个突然出现，也许是奇点以外的更高维世界对它产生了什么影响,1165.973,1707656591,2562f491
1514708046239426560,因为人本身就在系统中,1295.196,1707658470,2562f491
1514710233921327104,绿色也可以叫green,1337.739,1707658730,2562f491
1514711110069364736,确实,1434.603,1707658835,2562f491
1516133256528101376,石头人是吧,1438.144,1707828368,eef05dc0
1519363206387544576,时间和空间是连续的吗,1312.594,1708213408,89704736
1519643780385783040,地球不就在自旋吗,1103.687,1708246855,9c248688
1521295412676657408,？？？,1192.427,1708443745,1892977d
1521523478031927808,所以各大正教都重视语言的作用，圣经里丈夫可以否掉妻子的发愿，佛教和道教都说言语能召来福祸就是这意思,1231.27,1708470932,2bc7f25d
1522116546367880448,这可以假设并不是不教，而是教不了，或者不知道怎么把这种共振甚至说同频的展示给我们，甚至这个可以理解为天赋说的夸张点也就是超能力般是独有的，可以传承但不一定遇到差不多能遇到一个对师傅会咒语一样有天赋的,1267.781,1708541632,f4485a9e
1522694772203129600,所以世界就是像素组成的，根本不连续,1123.286,1708610561,164ded48
1522697891523916800,集体潜意识,1437.666,1708610933,164ded48
1525303812967995136,混元行意,1136.666,1708921583,48beeaa6
1526282993864606208,矩阵,1348.66,1709038311,1596239a
1526913926909220608,真言咒,1234.346,1709113524,53713d10
1529101675288482560,一段振动同样是有序的 会改变无序 同样消除混乱的应力,1321.582,1709374324,b2446d3b
1529103192561254400,认知定义牢笼,1374.684,1709374505,b2446d3b
1535828119645251840,净土宗,1225.742,1710176179,a125d774
1539225571467521536,真空中各方向的力是相同的，但是空间被扭曲之后就会出现“引力”,1127.443,1710581186,9798cac3
1544269461069150720,薛定谔的猫,1332.189,1711182465,384ddeeb
1548355340456971520,为什么打死狼,1382.359,1711669540,26c06ef
1549858698313306624,一语成谶,1237.96,1711848754,6bfe7442
1550314692902376192,像不像一个游戏的世界，从仅有一个世界到加载各种内容的样子？,1156.541,1711903113,7991c86e
1554004188055479296,少数的听到一半，发现已经一句话都听不懂了的视频，世界真神奇,1123.397,1712342935,9cd415f0
1558134519037870080,AI开机了,1178.136,1712835309,569fb314
1579252691224311808,五蕴,1355.02,1715352791,36dd6ae7
1579800639058708992,假装自己能听懂。这是咒语的一部分。,1109.409,1715418111,1d5a13e1
1592047346571685888,普通人的意识、记忆太靠不住了,1339.163,1716878033,f9c33a0
1616905396319193856,《白发魔女传》,1392.275,1719841343,22286d56
1628290035444993792,其实是不确定原理,1291.341,1721198498,e9ae1482
1641605769663529728,言灵,1230.33,1722785857,885fe8e9
1650106204409803520,信则有，不信则无，是不是也是共振，相信才可以和对方同一频率才能感受到，不相信频率不对就什么都不会发生，所以同一个方法，有的人灵，有的人不灵,1249.341,1723799188,2562f491
1661697840449405952,开控制台了,1234.173,1725181019,766e2ccb
1688364293735441664,假的？这是有记录的，还被写入了教育心理学的,1406.421,1728359907,2852ec86
1801377511042126592,时间是人道的概念,1104.052,1741832133,bd550466
1801378425123447040,人类对游戏的开发与创造，像不像天道对人类社会的创造,1212.996,1741832242,bd550466
1806733657709799424,张祥前的《统一场理论》能解释这些现像吗？,1287.425,1742470635,e9102dea
1827140962385317888,你看名字也知道，原始既是原初开始,1133.215,1744903376,1e8ae9f6
1902998389101029120,来自于经验和集体定义,1348.111,1753946285,2f11bf61
,,0.0,1775655591.4716349,
lb.c,,0.0,1775655591.4716349,
,,0.0,1775655591.4716349,
1510906544102140160,这是否能证明一定程度上证明灵魂的存在？,1624.165,1707205295,b7253f15
1510910449561168640,这部分应该是荣格的集体潜意识理论,1440.31,1707205761,1492c5f6
1510914819380157184,是不是给乌龟养大我们也能长命百岁了,1482.1,1707206282,66b8a922
1510920275179427072,比如心里说谁，谁就会打喷嚏,1749.222,1707206932,f57edb10
1510935521063628032,少了云端的算力支持,1472.716,1707208750,fc3b5a83
1510938085855267072,我用在感应外卖员是否到门口了，突然身体本能去开门,1748.476,1707209055,fc3b5a83
1510939849174349568,最新研究，意识，滞后于行为。行为是明星，意识是行为的经纪人。先做，后记录，再修改，更新下一次的行为模式，然后无限循环,1611.618,1707209265,de0d96f7
1510940204163147520,观测者效应，只能说仅供参考,1639.328,1707209308,de0d96f7
1510941203993114112,开智,1688.672,1707209427,1175e65c
1510943420246570240,这是真实的,1483.775,1707209691,fb5a2a45
1510944543003220992,开悟,1713.61,1707209825,7414f425
1510961183887348992,因无所住而生其心,1706.063,1707211809,cf105ce1
1511035621878063616,乌龟那个没法验证，因为乌龟不是哺乳类不会养小孩,1485.194,1707220682,e81cc6
1511063764844415488,高维观测者,1482.859,1707224037,3d58d951
1511111395234618368,但是谁也不敢保证动物没有意识啊？,1506.329,1707229715,ff133554
1511209499552427264,全世界觉得世界是天堂，那么世界就会变成天堂？,1481.001,1707241410,be61b0c1
1511216834996027392,双胞胎？,1610.797,1707242285,b789a2e2
1511223146534047744,古希腊掌管某某的神（doge,1550.905,1707243037,ad5cbc3e
1511223961420548352,如数家珍,1623.444,1707243134,ad5cbc3e
1511228030968900864,应该有吧，比如幸存者偏差；你只记住了说曹操就到的情况，或者父母回家的时间是规律的，你的生物钟告诉了你，使你有所防备,1746.417,1707243619,ad5cbc3e
1511477452092956160,亚空间四小贩,1570.169,1707273353,7c4f903
1511495235413645056,共业,1629.976,1707275473,e6bdc74d
1511497316744741120,上帝,1497.298,1707275721,922862d0
1511508691051051264,阿赖耶识,1441.43,1707277077,aef8af5a
1511568011436567296,阿赖耶识,1692.985,1707284148,d2e363e1
1511621789049190912,凉宫春日的忧郁,1540.488,1707290559,c396cf1d
1511623568927411456,灵能者？,1602.063,1707290771,efbe4fb1
1511631995141424640,那么反过来是不是父母到家前会觉得你在看电视,1750.205,1707291776,c0dcfb2c
1511640842572549632,余光再广也广不到背后,1785.868,1707292830,be83c184
1511687451415241984,xia我一跳,1542.529,1707298387,b82e8d5b
1511708301216445696,提到荣格的集体潜意识，那就不得不提到他在中国看到的《太乙金华宗旨》，后来又翻译回来的的《金花的秘密了》,1735.111,1707300872,9d05f18f
1511795647848672768,悟道,1725.188,1707311285,22b0b17c
1511835804467800832,因为个人意识 改变不了 集体意识,1538.777,1707316072,12d7ee3c
1511842276740092928,【黑门】个体高度独立，目标高度一致,1574.604,1707316843,12d7ee3c
1511847891394797056,喧闹的教室里突然所有人都不说话了。。。。,1765.309,1707317513,32e883ab
1511851208367988480,这不就是佛学么,1697.612,1707317908,9a409ed0
1512144308310928896,答案很显然是能,1505.483,1707352848,a7dc3a93
1512507446907027200,未来人KFK说的2048年之后,1636.84,1707396138,f49ebad4
1512542422654299648,“小我，大我，无我”,1702.041,1707400307,9c484b9d
1513849460013352192,目光这个确实神奇，我从小就可以感知到后面有人看我,1790.395,1707556118,f3c434db
1514406144062621440,人生如梦 梦就是我 我就是梦,1687.096,1707622480,552666d8
1514627335700539648,膀光,1780.411,1707648848,c4510bcb
1515381706549783040,gumayusi,1584.18,1707738776,faace91f
1516918028389108480,神圣的卡拉链接这我们,1465.03,1707921920,999e69a0
1517597278641419520,是每个意识单位都储存了集体意识 是一个同系统中可以共享的系统,1572.941,1708002893,63d7d7da
1517666500956532480,阿赖耶识,1570.555,1708011145,a9fcc626
1518446959336199936,超心理學?,1652.517,1708104183,4d77aa7c
1518686839769391872,王阳明的心外无物？,1704.751,1708132779,b80c6dd6
1519156000530225152,本自具足,1738.358,1708188707,b4116d28
1519202762028528640,还有睡觉突然自然醒，下一秒家里人会上厕所，或者谁在外面开始吵，都有提前性,1742.498,1708194281,b4b0d916
1519465296652840704,我被监控了,1455.932,1708225578,bdcd674a
1519800696000798208,erf,1760.395,1708265561,3f86f535
1520216088720532736,人能常清静天地悉皆归,1715.183,1708315079,a950714f
1520302050620088832,阿赖耶？,1443.431,1708325327,3c73699e
1520317563220260352,我和老爸闻出饺子馅咸不咸 都没尝,1758.613,1708327176,4cbb01a9
1520611966702639104,量子层面的怎么检测？,1511.223,1708362272,5b4e526d
1520612472183090176,科学的尽头是神学,1557.242,1708362332,5b4e526d
1520613854860544000,我对信息的传播方式更感兴趣,1661.023,1708362497,5b4e526d
1520614712394699264,干掉意识，请潜意识接管,1729.544,1708362599,5b4e526d
1520616434609354240,潜意识也应该有一个特定的通道,1775.277,1708362804,5b4e526d
1521527782797361408,不然你以为各大教派的教祖们都是怎么拉人头的,1516.589,1708471446,2bc7f25d
1523572044858465792,光音天,1618.639,1708715141,64dba629
1523572161124859904,光音天,1628.666,1708715154,64dba629
1523572275033640192,光音天,1634.063,1708715168,64dba629
1523572371754514432,光音天,1573.019,1708715179,64dba629
1523747023587911168,吾心自足，不假外求,1711.148,1708736000,c0cf273f
1523816576254704128,人能常清静，天地悉皆归,1699.89,1708744291,82bd86f4
1526257160668196096,宇宙这破地方对我们来说太大了，对别人来说太小了，原子不到,1551.06,1709035231,812c45be
1526916016251444480,云空间,1477.227,1709113773,53713d10
1528515952529233920,背后看我我完全能感觉到,1791.179,1709304500,e10a7d61
1529106510876402176,不是的 心无或者空时 你的身体自愈能力因为没有意识干扰 而从混乱变的重新有序,1770.288,1709374900,b2446d3b
1530376323233619712,念力,1529.842,1709526274,5ebf297f
1534718542484718592,果然还是佛学最接近宇宙真相,1723.379,1710043907,62081682
1536894454429364736,格式塔,1458.951,1710303296,82c0412c
1544845675316129792,近朱者赤近墨者黑,1611.934,1711251155,8a1c28a0
1546345570111973120,神识传音,1624.429,1711429956,4c9bc43a
1547691396486664192,生物电,1787.056,1711590391,2f361cc9
1547828874304575488,感谢尊者,1716.918,1711606780,2924f963
1548014426916315392,量子纠缠,1441.439,1711628900,166ca231
1548417538671826432,有没有一种可能 因为是狼孩天天被展览 被折磨死的喃？,1459.171,1711676954,fa755f5a
1548563003577111552,阿根廷：这我们很懂,1732.447,1711694295,c2ebb559
1548730885837164800,亚空间竟遥遥领先,1563.0,1711714308,cc4815cd
1549298721945368064,战锤P都给我出来,1606.423,1711781999,b1be4194
1550142669161201920,所以一堆人许同一个愿望有可能成功？？！,1666.191,1711882606,426ba631
1550770763064439552,荣格是看太乙金华才写出这个东西的~道家核心,1735.942,1711957480,dd2809d
1555063178428207616,结婚十年后，就变成大智之人,1706.235,1712469176,d60f4f19
1558138007037515776,大圣灵,1585.527,1712835724,569fb314
1565316480193916928,阳明心学，不符合物质世界统治,1755.958,1713691465,a097799c
1578482733217387008,也许宇宙就是一台计算机,1495.132,1715261005,6a93eb7d
1579057566506747136,亚空间灵能,1573.999,1715329530,efbe4fb1
1579058387558354176,放个屏蔽灵能的设备就感应不到了,1631.979,1715329628,efbe4fb1
1579254921771946496,佛陀,1546.46,1715353057,36dd6ae7
1579256023708093184,心有灵犀一点通,1608.875,1715353188,36dd6ae7
1592049700339921920,看我用闪电光速拳打破这一切,1571.994,1716878313,f9c33a0
1612321553985591552,《黑科技》,1629.812,1719294906,a219ff4e
1625968406040107520,古希腊掌管意识,1554.605,1720921738,3d151d8e
1649055077350368768,给你个眼神，你理解一下,1636.409,1723673884,5aaf2537
1652352658549466368,灵觉,1641.621,1724066986,a16cb467
1661107407721556480,脑波可以散发，我之前在一次小区跑步的时候，想起了一首歌，但是我只开始发出一个音节，走在前面的人突然开始唱那个歌词了。,1604.769,1725110633,5d2d3a9
1682127693300132352,一直观测不累吗,1483.673,1727616447,46c0c30d
1701599915598113024,什么？个人意识？人从出生就在被环境塑造所谓个人意识大多只是环境结合以及自身思考的结果,1504.402,1729937717,dedb02ff
1701603790564615424,说的有理,1704.659,1729938178,dedb02ff
1783338091067602176,被重力束缚的灵魂,1524.8,1739681666,2c44889a
1783338729121912064,量子纠缠,1596.358,1739681742,2c44889a
1783339428169745152,元气弹,1675.578,1739681826,2c44889a
1786974265653554176,影响别人心理学上可以轻易做到,1504.76,1740115132,5486f4a0
1786975214421919232,心理学上一个人可以轻易做到影响别人，那么扩大一下，理论上可以影响世界，甚至物质不是不可以的！,1526.38,1740115245,5486f4a0
1786976220400488960,一个北海岸的猴子学会了用棍子，南海岸的猴子不久也会了用棍子,1592.42,1740115365,5486f4a0
1916143344204589824,进击的巨人是吧？,1622.518,1755513286,a8280c73
,,0.0,1775655591.4716349,
lb.c,,0.0,1775655591.4716349,
,,0.0,1775655591.4716349,
1510907383742748672,跑得很快，求生意识很强,1859.8,1707205395,b7253f15
1510918903147094528,他修炼了《太乙金华宗旨》,2023.924,1707206769,7de28024
1510991378388436224,借鉴了太乙金华宗旨,1837.888,1707215408,294d453
1511005315775364096,哈哈哈,1963.285,1707217070,927717c4
1511014668888519424,上帝之手,1918.028,1707218185,ca822b25
1511166440768539136,这个棋盘不对,2072.106,1707236277,4653de3d
1511371598396001024,有没有可能是来自DNA,1950.402,1707260734,7fac09c3
1511483614431370496,牛逼,2021.509,1707274087,7a0bddcc
1511485013181729024,如今的奇怪现象就是没有没有了封建迷信，而破除封建迷信的虽然不是科学，但是科学却已经快成为过去的封建迷信了，我们想看到一件事的源头的时候，就会可以加上所谓的科学,2130.976,1707274254,af3bc664
1511504705279391232,金花的秘密,1815.389,1707276602,a98acdbb
1511512530986694912,人活着就是为了结婚生子买楼买车,1866.718,1707277534,aef8af5a
1511559259358233600,是的,2055.246,1707283105,b98c9fb3
1511559430016283904,不是的,2075.589,1707283125,b98c9fb3
1511559759764321792,言的流,2114.893,1707283165,b98c9fb3
1511559948726130432,演的流音的体,2137.413,1707283187,b98c9fb3
1511560084688445696,言的流音的体,2153.621,1707283203,b98c9fb3
1511565634423857408,分不清~,1884.517,1707283865,933259ff
1511602383002993408,《周公解梦》,2037.176,1707288246,6ff793a8
1511624784738764544,某些时候也是知识水平决定的，夏虫不可语冰,2085.835,1707290916,50d5c8b
1511646783602726912,夏虫不可语冰是认知层面上的,2089.501,1707293539,be83c184
1511686028237673472,金花的秘密+1,1819.319,1707298217,a061f1a1
1512226107229853696,我认为，由于身体硬件相差不大，当思想到某一个峰值的时候，有可能会触发身体的某种开关，而引发现象,1877.869,1707362599,4000cde6
1512227452569843712,基因,1912.019,1707362760,4000cde6
1512227704295081216,基因希望存活、和延续的意志,1890.303,1707362790,4000cde6
1512236336088623360,或许曾经真的有魔法，因为人们认为世界上有魔法，现在没有魔法，是因为人们认为世界是科学的,2100.762,1707363819,4000cde6
1512239475148106496,人体，很奇妙吧！,2126.422,1707364193,27b83167
1512239655066593024,可是我在梦里是可以飞翔的,1994.485,1707364214,265b6271
1512362316396920064,好多次做梦都在飞，有时候觉得就算现实都能飞了,2001.879,1707378837,4220556d
1512364029216148480,其实有关联的,2134.299,1707379041,4220556d
1512480029035323904,鬼故事：进度条,1986.306,1707392869,65c077b4
1512511491256164608,就像那个著名的死囚实验，蒙上死囚的眼睛，在胳膊上滴水，但是告诉他是把手腕割破了，最后死囚死了,1998.61,1707396620,f49ebad4
1512758448813970688,……左和右的A和A以及左和右的B和B比较吗——相同,2073.468,1707426059,eb3ee6e6
1512924223243730432,说不同的吧图片保存下来吸取颜色画线就知道了,2080.35,1707445821,699e6f85
1514001847558388224,可我几乎记不得梦里的情形，甚至醒了后忘的很快,2013.071,1707574284,92e7c78e
1514629060230230784,共食性,1922.803,1707649054,c4510bcb
1515208208879558912,太乙金华宗旨,1820.396,1707718094,2562f491
1516831083335831808,曼德拉效应就是意识改变世界的例子,2115.96,1707911555,a0af2f4
1517339590636122880,一个人有个人意识，在群体中个体无意识,1856.843,1707972174,16f2bbca
1517340428742268160,基因表达的侵略和修改……,1922.122,1707972274,16f2bbca
1518340789556555008,这图不是著名的假图吗？,2076.051,1708091526,7bc7e17c
1518977214304181504,我用卫生纸遮住，亮度也是明显不同,2076.376,1708167394,7b4973e9
1519556650824935168,sOx的时候,1849.993,1708236468,bde99489
1519704264153583360,根本就不一样,1987.828,1708254065,c4176682
1519724956970561024,庄生晓梦迷蝴蝶,2000.801,1708256532,71375078
1520496850229345536,"我怎么彷佛听到哀乐的声音,,,",1958.693,1708348549,8d4759ff
1520618504934856704,你牛逼,1956.753,1708363051,5b4e526d
1520621387814055936,意识可以改变世界，方法、强度、时间,2113.674,1708363395,5b4e526d
1521535987929572352,乌合之众也说过这个事儿吧,1846.43,1708472424,2bc7f25d
1521537440450462976,一般来说治疗这种病的话求助巫医的多，以及，很多都是能量附体啥的就很能说明问题，总归是业力，负面能量集中在某几个人身上以之为祭品的话，守村人啥的就出现了,1900.246,1708472597,2bc7f25d
1521538643486181120,宗教里对梦境的解释更加合理而且能找到和现实显化的对应的特别多,1982.965,1708472740,2bc7f25d
1522429998416676096,我看过,2027.856,1708578998,1a2551f2
1522430086144580096,红叔，我是真的没有懂他的逻辑在哪里，因为确实讲了很多他的梦境，特别是二战的时候,2029.696,1708579008,1a2551f2
1522449276075153152,涂尔干的集体欢腾,1849.819,1708581296,2268529f
1522702111547525632,阿努纳奇,1914.388,1708611436,164ded48
1523066636838878720,《世界是一个巨大的人类补完计划》,1884.829,1708654891,ded02f3a
1524532962606070784,通过对比RGB发现，AB两点颜色是有明显差异的,2073.796,1708829691,22aa0f2b
1526036773640537600,人的动物性，也就是深层次潜意识占了肉体主导地位。人类受的教育是未了压制原始伤害性欲望，所以人性本恶？,1906.67,1709008959,5990b651
1526309394483435520,意识在我看来最大的作用是编码，而对我们行为做出决定的是潜意识，所以，我是意识在编码的时候形成的虚幻概念,1804.446,1709041458,f635abf2
1529108745760615680,中医精神病患烦躁的 是有身体热,2036.695,1709375167,b2446d3b
1529109335303665664,黑客的信息病毒会让硬件过载烧掉,2107.015,1709375237,b2446d3b
1530381264878675712,盗梦空间?,2050.537,1709526863,5ebf297f
1530381665493414912,"以前的日心说,地心说",2098.366,1709526911,5ebf297f
1534719463906337280,荣格就是星际宝宝,1822.664,1710044016,62081682
1539231689010641152,我们班级基本上看一眼就知道对方的情绪，而且，有时候我前桌甚至知道我在想什么,1801.193,1710581916,9798cac3
1539233523800655616,那是你要长高了,1999.187,1710582134,9798cac3
1543386100599866880,曼德拉效应,2122.645,1711077160,7b1896f7
1565315906044132608,佛学和道家比，差几个境界,1809.015,1713691397,a097799c
1573349828916924160,他有修炼,2032.259,1714649115,336113a1
1573350443558662912,太极,2102.099,1714649188,336113a1
1578361954559677440,有人尝试过AI解梦没？很有意思,2041.123,1715246607,d607362e
1590228868223436800,意识水平这词说的妙啊,2088.428,1716661253,32e70d68
1600658511925350656,我听懂了他在说什么。他说的没错,2052.81,1717904564,3080c9a7
1602239587080851712,看了东方的书 吕洞宾,1832.756,1718093042,69bea4b0
1624819953872344064,靠，颜色居然真的想通，具体看评论区,2075.46,1720784832,fe252aac
1649059446992731392,意识是不是种能量,2157.324,1723674405,5aaf2537
1657206902897253376,左右图不一样啊,2071.912,1724645657,bb2b695c
1786980775188154112,这点承认，多层意识观测的结果，总结的很好,2103.861,1740115908,5486f4a0
,,0.0,1775655591.4716349,
lb.c,,0.0,1775655591.4716349,
,,0.0,1775655591.4716349,
1510911112671956992,我们过于相信科学，认为他是真理了。这是否是一种固步自封？,2425.662,1707205840,b7253f15
1511043103258296832,免疫系统：啊对对对,2316.231,1707221574,2ab2c67e
1511044392453046528,从青城山下来的老中医让我感受到真实的炁,2355.993,1707221728,b35f19a4
1511116286984442880,不是抵抗力吗？,2322.185,1707230298,ff133554
1511235917728701440,←宗教神学等被认为与科学相对立的学科现在也被认为是人们对于无法用科学解释的现象的自我安慰,2429.827,1707244560,ad5cbc3e
1511272775527040768,好的中医实在太少 遇到是福气,2364.25,1707248953,dfbee101
1511487267166930432,针灸,2457.037,1707274523,7a0bddcc
1511488226815205888,最可怕的就是如今，已经脱离了所谓的封建迷信，可是我们脱离的真的是封建迷信吗，而且如今证明任何事情的时候一定要加一些有关科学的东西，这也是一种对科学的过度迷信吧,2424.626,1707274637,af3bc664
1511490249644360192,西医和中医还真不是有关联，这点我不认同，中医和西医文化上就是相反的，中医和西医不在一个维度上，一个年轻人发现了老者走过的路，你能硬说他们是有关联的吗，西方文化的弊端,2473.872,1707274878,af3bc664
1511491297306146304,在治疗过程之后，人开始认为自己会好起来？,2422.389,1707275003,85a4eac4
1511516174092251392,然而恰恰相反,2214.264,1707277969,aef8af5a
1511531146054523648,是的，上学的时候胃痉挛，当时生物老师，就用力掐我虎口，一点点的缓解了,2472.447,1707279754,2a157ba2
1511540666142896896,针灸：我TM来了,2449.592,1707280888,ac9066d7
1511560550700850688,是普洱的味我这,2209.157,1707283259,b98c9fb3
1511561083603974144,表象是化学的，本质是物理的。其实整体上化学是物理的宏观而已。,2394.803,1707283322,dc8b0e4a
1511562175272190720,是电脑制作的,2402.846,1707283453,b98c9fb3
1511562415010359808,电的载言的流音的体,2431.439,1707283481,b98c9fb3
1511616696140648192,有没有一种可能，人的思维就是高维生物思维在三维世界的投射,2233.578,1707289952,51f3e284
1511629591763218432,《金花的秘密》,2198.031,1707291489,50d5c8b
1511713660849069824,卧槽,2252.769,1707301511,9d05f18f
1511845184265346816,任何的任何，所有的所有，尽头都是易经。,2400.141,1707317190,2cb16c2f
1511848725457576960,每个个体意识都是高维意识的神经突触？,2239.216,1707317612,12d7ee3c
1512021031039366400,每一个字都看得懂，句意也知道但是深度不够就会产生一些别人一看就知道是错误的猜想,2435.828,1707338152,3b533936
1512219504078473472,S于新冠？,2246.511,1707361812,ad11dac3
1512243732911897088,个体影响主体，主体影响个体,2501.573,1707364701,4000cde6
1512397767090551040,中医里没有癌症这个概念并不是说不能这就能解释断肢者为什么还能感觉到到失去肢体的疼痛,2427.562,1707383063,5a4a6244
1512442956387476992,寡人二刷,2469.849,1707388450,85d43060
1512444733740298496,抵抗力，是个比较抽象的概念；你心情不好的时候，抵抗力就会差些……,2329.185,1707388662,ae0ac0c3
1512515443531734272,在圣经里有一些奇妙的描述，用身体必须人，用人必须身体。与这段类似,2500.145,1707397091,74b8ee47
1512549070609536000,针灸,2458.17,1707401100,9c484b9d
1512896328530001152,缓解没有用，不满意，要治愈。因为可能欺骗身体,2509.863,1707442496,1c12d50
1514036594607452672,不太正确，人的思维本身拥有更高维度，只是身体在目前空间最高只能是三维,2237.494,1707578426,4f1113dd
1514062225051420928,心理健康与身体健康确实关联很深,2304.737,1707581482,2e37a580
1515215889161593600,有听过得了癌症然后全世界旅游最后癌症反而痊愈的例子，也许就是脱离了致癌环境加上好的精神状态的结果,2221.041,1707719009,2562f491
1515795323803729664,这个真实体验，真的是这样,2292.632,1707788083,776bda24
1516057247812173568,经脉,2467.808,1707819307,82e8dd71
1516098734025386240,难道不是靠免疫系统吗,2217.268,1707824252,57df44d5
1516612670131155712,其实西医也有很玄的东西，比如免疫力，什么时候叫免疫力好，根本没有具体的概念,2352.269,1707885518,6697a20f
1516991386145065216,高维世界的VR游戏,2242.624,1707930665,48d70840
1517344831318743040,用人参、黄芪,2224.338,1707972799,16f2bbca
1517347802605385216,精神意识=软件信息，身体物质=下载3D打印,2410.515,1707973153,16f2bbca
1517582444402952449,卧槽，这就是天赋异禀,2209.346,1708001125,88fbb66
1518174427320574720,不是西医是现代医学,2493.541,1708071694,3c60f134
1519730201108750592,科学是方法，为何要不相信呢？,2430.059,1708257157,71375078
1520622084756373248,他修炼了,2190.139,1708363478,5b4e526d
1520623330330361344,自己！有个外国医生实验过，靠强烈的心理暗示治好了牛皮癣,2265.456,1708363626,5b4e526d
1520908359560115456,气伤则痛，形伤则肿。气比血先行六寸。,2463.567,1708397605,a0cafc8b
1520963744061128704,前面那个，火子哥直呼内行,2236.008,1708404207,80f2eb12
1520976130982018816,迷迷糊糊的是玄学 不解的神学 懂得科学,2164.245,1708405683,6c47009f
1521541107815769088,这算啥异端啊，打坐在基督教里又不是没有，很少有人修到那么深而已,2197.052,1708473034,2bc7f25d
1521544602920772096,万一西医本来继承的是黄帝外径那乐子就大了，岐伯万一就是那个希波克拉底岂不更可怕，很好奇当年恩基作为蛇族老大到底传了什么功法和理论下来,2474.618,1708473451,2bc7f25d
1523114759841384448,先生大义,2220.415,1708660628,db9cfae7
1523126538688596992,橙汁还是纯水,2313.98,1708662032,caf65355
1523127209450338816,地上对应马斯洛需求前两层，天对应后三层,2330.991,1708662112,caf65355
1525636257588286464,按摩！！！！,2448.508,1708961214,c53b682b
1528241822726842368,信念生物学,2263.622,1709271821,67438bf5
1529109935458407680,因为不到的时候没惊喜 你记不住 只有曹操到了 有惊喜 你记住了,2178.542,1709375309,b2446d3b
1529110732233364480,你意识紧张了 身体一系列物理化学反应 给你留下了太多应力,2273.522,1709375404,b2446d3b
1529112483883823616,但你的意识会干扰这种修复运动 天长日久 应力积累 你修复不了,2482.358,1709375612,b2446d3b
1534725077554193920,疗愈我们的，永远是自己的内在,2271.099,1710044686,62081682
1539356874623708928,睡的好，第二天精神抖擞心情自然就好，所以认为自己健康，重点在开心快乐,2335.221,1710596839,bfc60bba
1548194627050484736,那这个流行性病毒怎么解释呢,2357.649,1711650381,1d7ce053
1548737409313900288,针灸和点穴！,2457.962,1711715086,cc4815cd
1548993516074816768,针灸穴位？,2464.159,1711745616,6a29f185
1550050407584231168,把他理解成状态就行了，科学也是一种状态。,2376.561,1711871607,ccb411bd
1551006195068880640,我曾把气壁离体外，，还发出了影响世界的声音噗噗,2375.778,1711985546,f522bbb6
1555121621273371136,因为电的手疼,2473.939,1712476143,ea11837c
1565496225019493120,西医无法治疗检测不出原因的病症，但中医却能从不同角度解释并治愈,2218.107,1713712892,db9fdcf0
1571601289748546816,分形，局部是整体和自己的可变参数，万花筒,2504.482,1714440673,21037bc0
1573351739003034624,爽,2252.579,1714649343,336113a1
1573352303841283328,三魂七魄,2315.899,1714649410,336113a1
1573352830830809344,穴位,2374.619,1714649473,336113a1
1573353742068092672,任督二脉,2456.859,1714649581,336113a1
1578362787087190528,天魔入侵意识,2212.663,1715246706,d607362e
1579291454101486848,吸引力法则,2176.759,1715357412,ee107ec5
1580492236670840064,针灸,2507.608,1715500556,cfe44174
1582387350733290240,nonono，是玄学,2264.528,1715726471,19d5eff4
1590230282005697024,描述的很准确啊,2206.25,1716661422,32e70d68
1590232687867065344,这类人的意识程度较高,2296.406,1716661708,32e70d68
1590234558584909056,针灸的原理,2452.39,1716661931,32e70d68
1605835904344478464,足疗必须入医保,2518.927,1718521757,9969ad27
1626647873456418816,双系统是吧,2310.978,1721002737,8dd59655
1629547859357964288,在陕西上学时，跑遍各大医院一年都治不好的过敏，被一个小镇的中医14副中药治好了,2341.119,1721348442,29760c94
1650116862052451072,先天体质差,2285.144,1723800458,2562f491
1650261338385420800,阿赖耶识,2391.787,1723817681,a2dbbf2a
1682133631210146048,？？,2169.502,1727617155,46c0c30d
1682136044864119808,……这个所谓“先兆”用中医更好解释,2414.885,1727617442,46c0c30d
1784896564435635712,手术治不了疾病，只是切掉病坏的组织，最终战胜疾病还是靠自身免疫力,2269.278,1739867451,9cb0fde9
1786987271728803072,为什么那么多人总认为一切理所当然呢？你身体有问题，你第一想法是啥？,2446.361,1740116683,5486f4a0
1830415254694682880,这个就像很多人挠痒痒明明挠左手结果连带着身上一个地方也痒痒,2511.665,1745293702,16af4bf5
1862541813677282816,真相：活得百岁以上的人体内不是没有癌症，而是没有去过度处理，或者根本不知道。,2259.253,1749123486,fa202f09
1903035108337248768,嗯嗯，所以说科学一点是优于玄学的，所谓玄学，就是你没办法证明真，所谓科学是你要想办法证伪。恕我无才，看不出孰高孰低。,2433.468,1753950663,bd550466
,,0.0,1775655591.4716349,
lb.c,,0.0,1775655591.4716349,
,,0.0,1775655591.4716349,
1510952832432415488,经络,2577.363,1707210813,da322836
1510991273237134336,此处需要二舅,2787.883,1707215396,e61716b0
1511219917113070592,逐渐忘记标题,2540.273,1707242652,cd48e03d
1511241564939450880,也有观点认为量子坍缩是应为受到了外界的干扰，干扰源和意识没关系，比如一个光子,2647.722,1707245233,ad5cbc3e
1511250899723715072,质的变幻,2604.981,1707246346,99d607ef
1511251694502139648,有时候分不清是意识还是欲望或是意志,2699.741,1707246440,99d607ef
1511252858329573632,锻刀赛，奥德彪,2838.509,1707246579,99d607ef
1511489279375808768,集体潜意识是不是就是宗教里面的神,2696.952,1707274763,7a0bddcc
1511539839638453248,问题是双缝实验并不是意识干涉物质，只是对应的观测行为导致了结果不同，就像人眼观测万物只是万物把光反射进人眼而已,2598.026,1707280790,2b0a5cad
1511543098244037120,内观,2829.376,1707281178,2bd59f90
1511563184681708288,是承合,2523.182,1707283573,b98c9fb3
1511573785415964416,心理作用确实在起作用....现有科学体系认知下，确实离谱了,2616.921,1707284837,933259ff
1511574982160060416,看到这想起了我朋友总说的“有些东西的意思，只有在特定的语言下，才能不变形的完整表达出来，翻译成别的语言，就不是原本的东西了”，虽然他调侃的是网络河蟹,2683.356,1707284979,933259ff
1511633916526979840,进击的巨人-路,2675.093,1707292005,50d5c8b
1511780150743128320,催化剂是参与反应的,2548.702,1707309437,1eda1f81
1511852761502107648,这里可能指：被屠宰分割后的牛肉块的肌肉还能正常颤动,2847.467,1707318093,16cebda2
1512029021372691200,低于标准线的拉上去高于标准线的误导下去结局早已注定,2860.137,1707339105,3b533936
1512214670243791360,炼神返虚、,2769.67,1707361236,749823ac
1512214775856221440,炼虚合道,2782.265,1707361249,749823ac
1512247837205778176,或许养生主本来就是一个词，他有一个单独的意思,2728.225,1707365190,4000cde6
1512265698607546368,都对，文言文言简意赅,2710.272,1707367319,6df0c1d6
1512897040949031168,假说不能验证，就有点伪科学了,2559.982,1707442581,1c12d50
1512988025402061568,“名可名，非恒名”,2630.507,1707453427,bf7bf192
1514006800888858368,经脉,2527.311,1707574875,92e7c78e
1514008915740832768,催化剂很多种类的，有参与后还原型的，也有不参反应与只影响的,2559.507,1707575127,92e7c78e
1514065585376442880,不是推向玄学，而是曾经以为是玄学的现象有了能以科学理解的可能,2635.15,1707581882,2e37a580
1514637225634528256,庖丁·：舍不得刀,2834.589,1707650027,c4510bcb
1514643111123638016,维特斯根坦：语言的边界...,2698.257,1707650729,608c8027
1515917648968501760,玄之又玄众妙之门,2657.089,1707802665,38e0cfa7
1517587125145587968,要是长期催眠自己会怎么样,2725.298,1708001683,88fbb66
1517675852157326336,读金刚经,2672.59,1708012260,a9fcc626
1519780859342057216,感受到过，甚至知道是什么。但是害怕接触。,2665.365,1708263196,58acec7
1520469782808481536,道可道非常道,2629.481,1708345322,d762be28
1520627791895512064,我更赞同三个分开,2718.688,1708364158,5b4e526d
1521023430105978880,哈哈哈，前面的,2563.92,1708411322,b553b98a
1521547084388373504,克苏鲁了起来,2745.87,1708473746,2bc7f25d
1522708604589951232,是哪个意识在观测,2595.771,1708612210,164ded48
1523734953245245696,哈哈前面的，你是真信教科书上说的呀，参与反应本身就存在问题，能量一定会变的，也就是量,2552.856,1708734561,d8b5495b
1524372883437014528,人体有按钮，按下去就能触发某种联动,2562.916,1708810608,3e145f2f
1527738967150391040,性命双修,2796.143,1709211876,70a57111
1529115662369318912,都是要么一念正确的引起于正确的道路上让身体有序 要么就是无思像睡觉一样,2861.229,1709375991,b2446d3b
1530385645233783040,还有物理学,2572.795,1709527385,5ebf297f
1530387079006374400,练气,2743.662,1709527556,5ebf297f
1530388143193323264,"蚯蚓,壁虎断尾求生",2870.574,1709527683,5ebf297f
1532534714815294208,所有宗教的最高层都完整的说明了只是你不懂,2675.576,1709783574,a5469906
1534890321371221248,催化剂就是相信的力量,2561.12,1710064384,62081682
1547839603913129984,汉尼拔：庖丁解人？,2866.091,1711608059,2924f963
1565343465338884096,我悟了！随心所欲！想睡就睡，不行起床就不起床！工作爱谁干谁干，老子不爽，啥也不干,2865.521,1713694682,a097799c
1572567091251712256,养生=主；逍遥=游,2769.161,1714555805,372c8582
1590239059560099584,名可名，非恒名也,2630.965,1716662468,32e70d68
1590239493980714240,人的天赋差异,2665.61,1716662520,32e70d68
1590240603575560448,易经中的物极必反,2765.451,1716662652,32e70d68
1592060581706304768,啊，这个真没想到，有实证吗？,2560.711,1716879610,f9c33a0
1592061687744197376,大家好，我是新生代科玄家,2643.455,1716879742,f9c33a0
1594314014312289536,黄帝内经,2534.97,1717148240,10d4dc90
1616707099876686080,文惠君：解压短视频——庖丁解牛,2805.71,1719817704,67bcbd29
1626675886122125312,又回来了,2591.958,1721006076,5633d2a9
1631438955083855104,突然想起标题,2585.702,1721573878,21c7b3eb
1651791865642563072,有谁知道现在的背景音乐是什么吗？求求告诉我。,2643.134,1724000134,5f181478
1651794047494518272,AI识片酱,2699.113,1724000394,5f181478
1786991413704718848,分不清欲望意识的，修炼就是种方法,2714.281,1740117176,5486f4a0
1831179479373324544,早期解压小视频,2816.9,1745384804,b710be43
1831457109842711808,学音乐的人有体会，学音乐之前都是完整的听歌，学完以后现在都会无意中注意各个声部，很难完整的听了,2843.746,1745417900,dfe4b0fd
1862545145472995072,意识是其中一部分原因吧,2613.311,1749123883,fa202f09
2024269125094457856,我觉得是倒过来读,2729.341,1768402884,69b55d6
,,0.0,1775655591.4716349,
lb.c,,0.0,1775655591.4716349,
,,0.0,1775655591.4716349,
1510957622461777920,天魂,3128.676,1707211384,da322836
1511218571445973248,一个人不行的 量变才能引起质变,3198.341,1707242492,d42c8ad
1511230160643446528,阿卡西记录呗~,3238.541,1707243873,cd48e03d
1511530686627303424,NPC的集体AI啊,3237.649,1707279699,f170be36
1511568884010922240,是梦与愿望,3125.115,1707284252,b98c9fb3
1511570884618528512,是通灵的梦境,3206.23,1707284491,b98c9fb3
1511822907737834496,庄子：原来我时这么想的啊！,3134.221,1707314534,bda1f123
1512251072759342080,突然失去或者将情感带入了,3070.429,1707365576,4000cde6
1512252022500783360,灵光一闪，突然想到,3150.493,1707365689,4000cde6
1512252635288549376,其实是循序渐进，早有征兆，但大多数人无法察觉,3191.345,1707365762,4000cde6
1512253239452826112,那之前的猴子们为什么会开始蘸着海水吃呢,3230.319,1707365834,4000cde6
1512774213281604608,卧槽。混沌理论系统！！！！,3153.81,1707427939,8ed0c3de
1514016509931098624,你猜第一个发现螃蟹能吃的，到底怎么发现的？猴子又不傻,3209.326,1707576032,92e7c78e
1514073298105808384,迷因，或者说信息木马,3180.678,1707582802,2e37a580
1514583535271749888,第一只猴子受到启发后并做出的行动，是对猴子这个集体意识里编入了规则，从而改变了集体,3218.418,1707643627,c665640
1514639174123334656,自性,3026.532,1707650259,c4510bcb
1514640437590583296,更高的维度,3120.485,1707650410,81689b77
1514641035211329792,猴子阿卡西,3230.978,1707650481,c4510bcb
1514698547189152000,这里已经看不懂了。。。,2926.085,1707657337,9ffb6953
1514744780003978496,到这里就已经是我的认知极限了,2941.535,1707662849,9dd3ff7c
1514824981765295104,这BGM,2972.822,1707672409,e2780229
1515242570916536832,之前的是跟科学家学的,3233.369,1707722190,2562f491
1516890290877783552,火之意志,3111.925,1707918613,88702550
1518665084443254784,哎呦，不听了bgm太诡异,3049.544,1708130185,be292ef8
1518807268521512192,相信后人的智慧,3102.257,1708147135,f9adf723
1520316968576921600,应该是王浩，,3176.635,1708327105,3c73699e
1522419705653141504,形神俱秒，与道合真,3022.407,1708577771,be610f50
1523014509801892096,集体潜意识,3111.359,1708648677,1d21615c
1525945910948258816,传火,3093.569,1708998127,d2dd72c0
1526325358331251200,这里的理解就是形是个容器，而神就是被这个容器盛着的,2938.91,1709043361,f635abf2
1527744800521370112,薪火相传,3096.725,1709212572,70a57111
1527758035026471424,神能入石，神能飞形,2920.882,1709214149,62568114
1528889413248482048,传火黑魂,3116.323,1709349020,6f32af52
1530108341492489472,好困啊,3034.209,1709494328,5804464b
1534893210164506624,超体,2897.908,1710064729,62081682
1537580659072350720,想听妖怪篇,3181.802,1710385097,91e0a9c8
1544285120998244864,蝴蝶效应,3176.236,1711184332,384ddeeb
1544357386121272832,不会是共同意识吧,3095.67,1711192946,5783e517
1575480378784163840,信上帝,3134.598,1714903096,a388be22
1579708203527511552,问法官啊,3179.339,1715407092,36b4895d
1579948250130296320,精神,3090.485,1715435708,9b4ce596
1581621475461416704,这种背景音是什么，太喜欢了,3108.623,1715635172,de41b98e
1592064944445303808,你这CPU架构该优化了,2936.602,1716880130,f9c33a0
1592066053209484544,你也许不能创造自己，但至少可以改造自己，能不能创造也不一定,2998.077,1716880263,f9c33a0
1592067141253920768,我在乎的这一个失去了，我还不能难过？,3084.918,1716880392,f9c33a0
1596308833918038528,我还是会扶的,3164.151,1717386041,50e7d22
1606223054693128192,胖猫,3160.501,1718567909,daf8c946
1623418737971474432,昆山龙哥,3189.659,1720617794,db4ca287
1631442855685806336,大圣灵,3123.419,1721574343,21c7b3eb
1786995063336434432,如果潜意识是真的，那么人类身体的共生微观生物的集体潜意识是不是就是人类意识的温床？,3025.581,1740117611,5486f4a0
1806748969587135744,陀，你不是一个合格的科学家，但是，你是一个好心理医生！！！！,3076.512,1742472461,e9102dea
1916164431202230528,进击的巨人。,3222.153,1755515800,a8280c73
,,0.0,1775655591.4716349,
lb.c,,0.0,1775655591.4716349,
,,0.0,1775655591.4716349,
1510971530572945408,病毒也是,3260.161,1707213042,68adfe97
1510983347998903808,所以为什么说公众人物说话和行为是有影响力的。。,3271.184,1707214451,5344860d
1511047425832659456,虚空终端,3240.373,1707222090,8327211f
1511152281444385536,这个进度条够带劲,3267.0,1707234589,c82172ab
1511578410852420352,吃过,3323.709,1707285388,b98c9fb3
1511680385774603008,呜呜呜呜呜,3381.092,1707297544,350b71bd
1511864251613163520,好赞！！！已三连！！,3375.957,1707319463,a151a368
1511912731333112064,尼古拉特斯拉,3242.059,1707325242,e77b4efc
1512209128251316224,国之大事，唯戎唯祭,3343.927,1707360575,3d3ac38c
1512361484406102784,我说：看过这个视频的人都很快财富自由,3374.202,1707378738,c811e88f
1512905877231943168,如果可以，我请求我父亲的病症可以通过中医治好，不需要手术化疗,3385.38,1707443634,96c0ea62
1514017550168926720,这个叫榜样~,3263.867,1707576156,92e7c78e
1514052802664623104,巨人里也是这麽说的,3250.246,1707580358,8b405922
1514074494271267840,榜样,3250.657,1707582944,2e37a580
1514426217699705088,"随众生心,应所知量,循业发现",3338.047,1707624873,552666d8
1514467136347857152,传播学,3252.723,1707629751,fdae21aa
1514585089571321600,本质如up所讲，表观来看，是个体与其他体的互相影响,3257.288,1707643812,c665640
1514586357778151424,意识能向上编辑规则，从而让其他个体受到影响。,3375.288,1707643963,c665640
1515244400329096192,终于回到标题,3352.533,1707722408,2562f491
1515245365908168192,会，我赞美一个人，对方就会开心,3371.569,1707722523,2562f491
1515327875191339520,每个生物，即使不是生物也都有自己的编码程序，找到合适的接口，输入各种形式的命令就会产生各种光怪陆离的结果。。。,3381.143,1707732359,1ffbc1b5
1515820269367795712,言出法随,3371.896,1707791057,776bda24
1516768920881824512,我很有钱我会很有钱,3387.47,1707904145,70fd3c54
1516954469592933632,但是呢，很可惜，天地不仁以万物为刍狗，物质宇宙也不会因人的想法而转动,3336.001,1707926264,8384b083
1517633712840660224,真的已经三连了，你已经言出法随了,3390.09,1708007236,1733fcea
1518174832104131072,闭口禅开口定乾坤,3371.615,1708071743,8efd754e
1522714113464572160,阿卡西记录,3252.427,1708612867,164ded48
1522755371783948800,相信相信的力量,3370.14,1708617786,e361d6e7
1523774884663086848,不是八级大狂风吗？,3328.519,1708739321,66fc55c1
1525948176568456704,其实我也觉得我能影响天气,3349.825,1708998398,d2dd72c0
1526329365493732096,拉马努金,3246.818,1709043839,f635abf2
1527761067525454080,君子之德风，小人之德草,3264.903,1709214511,62568114
1528252348273969408,←前面发这个弹幕的，回旋镖在等着你,3334.468,1709273076,67438bf5
1528302863489519616,董仲舒的天人感应。。。,3335.263,1709279098,eb692ff6
1529666599341484032,岛上没有番薯，科学家带的,3240.346,1709441668,3c7337bc
1529668256988820992,首先得找到输入代码的入口,3366.077,1709441866,3c7337bc
1531277046981185792,原神，拯救世界,3377.201,1709633648,7039cd78
1532749734215975936,能影响天气？那不是萧敬腾吗？,3335.762,1709809206,a48a250c
1548578720279697920,关键小人物,3375.09,1711696169,c2ebb559
1561767342860648960,上传到云平台了，全人类的意识都在训练同一个AI模型,3240.735,1713268375,43544b2e
1579709736914476800,人定胜天,3362.094,1715407275,36b4895d
1592069102250627584,反正预知梦我确实做过,3243.288,1716880626,f9c33a0
1592069806364986880,罪己诏？,3318.523,1716880710,f9c33a0
1592070266757056768,所以萧雨神是怎么影响天气的？,3344.159,1716880765,f9c33a0
1606399670735766016,同样适用于所有宗教、政治,3277.292,1718588963,726a651a
1608730598024060416,终于绕回来了，哈哈づ♡ど,3350.983,1718866831,92bbae6d
1837860283956193536,刚开始说什么来着？咒语,3369.517,1746181218,eb39c167
1862551286277790976,媒体,3273.964,1749124615,fa202f09
1916166274984708352,等等，这不是董仲舒的天人感应吗？,3313.709,1755516020,a8280c73
1916166598281445376,这不是天人感应吗？,3285.004,1755516058,a8280c73
,,0.0,1775655591.4716349,
lb.c,,0.0,1775655591.4716349,
,,0.0,1775655591.4716349,
1510893569358271232,第一第一,1.699,1707203748,cde4d87e
1510899902287393024,因为翻译的过程信息会有误差,326.337,1707204503,18041a7d
1510909908177375488,大吹法螺，大敲法鼓,139.426,1707205696,6701cdaf
1510910844496804096,咒语：钵钵鸡 钵啊钵钵鸡 一元一串的钵钵鸡,264.042,1707205808,a2d527c6
1510919025335687680,角度新奇，有想法，尚,30.832,1707206783,68222e04
1510930940716041728,占座,18.899,1707208203,520a78cf
1510950755354440448,临兵斗者皆烈阵在前,56.422,1707210566,7ab67633
1510958798544962048,传播的都是怎么分红，知识垄断和解释权垄断是宗教发展的重要手段,322.894,1707211524,68222e04
1511034478041378304,如果宗教失去神秘性，被彻底解构，那会彻底沦为娱乐产品，甚至被遗忘,316.877,1707220546,9f3bfdff
1511181262969388544,好家伙，这时长老夫相当满意,4.106,1707238044,cd48e03d
1511182539002482176,阿达瓦卡达哇,80.78,1707238196,c5b1b916
1511222906066129664,更新了,2.219,1707243008,2d45ce45
1511226942186302720,八利三藏,254.169,1707243490,925a8e
1511242451145711872,是临兵斗者皆阵组前行,60.751,1707245338,56542bc
1511243862948012288,呃稍微做个思想实验就知道了吧，两人用同一个咒语博弈，宇宙会让谁的生效？,48.369,1707245507,61765872
1511247346108166144,保持神秘性,324.439,1707245922,9ba24f69
1511269600958901504,起源于远古的傩戏吧，只是语言到后面音调之类的变了,229.695,1707248575,9a4d5722
1511286993429352448,傩戏？,195.086,1707250648,40e8b606
1511371366191285504,一本老书，魔界英雄传,56.191,1707260706,d7472b31
1511371955406711296,宗教、民俗需要权威啊，和普通人分开,332.559,1707260777,a03619e9
1511443430792994816,读作频率,50.419,1707269297,f170be36
1511449130046897920,ai是语音是ai服务人。所以按这个逻辑理解 咒语就是人服务神，而不是神服务人。,39.02,1707269976,c9088b35
1511456406702981888,欢乐豆效应,18.499,1707270844,9a409ed0
1511458951899097600,唵蓝净法界，乾元亨利贞,57.505,1707271147,935d4258
1511460489002457856,嘛哩嘛哩哄,115.187,1707271331,f79d57f0
1511461124523224064,巴啦啦小魔仙沙拉沙罗全身变~,122.181,1707271406,f79d57f0
1511464619930060288,大威天龙，般若妈妈哄！,123.144,1707271823,2694a6a3
1511484128527372544,盂兰神功,201.216,1707274149,b5a2bfa6
1511493372387584768,酆都,186.259,1707275251,aef8af5a
1511501312163094528,六字大明咒,65.699,1707276197,3c847720
1511518557304159744,但是指定语言可以掌握解释权，你传播了但是不听我的，那有什么用,321.567,1707278253,5eea56d8
1511520194298916352,惠州人冒头,133.131,1707278448,f388d0d7
1511530496667056128,奇术师,38.359,1707279676,9f798b2
1511539736383475456,背景音乐很好听,238.293,1707280778,e98af137
1511542792294497792,电的载，言的流音的体！！！~,92.155,1707281142,b98c9fb3
1511568683934632192,太平歌词,176.762,1707284228,dccf1241
1511634527880466688,嗯，用山东话来读论语对吧？！,303.511,1707292078,d9096a03
1511682304282562304,细思极恐,65.85,1707297773,e7a6fc0
1511691840704061440,这根本不是悖论，宗教信仰可以共享，但宗教解释权不能，用这些与众生不同的语言是刻意为之,314.645,1707298910,10fe7ea0
1511767484339176448,你要弄清楚什么是咒 在从你的语来研究,107.255,1707307927,c04d39b0
1511770286520144384,但咒语往往需要支付代价,42.49,1707308261,3e66d107
1511813234556941056,普罗米修斯！！！,263.753,1707313381,a151a368
1511845043487872768,我们称为：指令【狗头】,102.28,1707317173,8872ac8b
1511858711323561472,一切都会好起来的,9.076,1707318802,f57b51b5
1511865453088102912,其实就是呼出控制台输入权限内的命令而已,68.929,1707319606,de100637
1511902250002346752,日落西山呐～～～～～ 日落西山黑了天,180.056,1707323993,fe023968
1511930684984525312,殄文,153.507,1707327382,4024beb
1511982163430892032,涟漪到一定程度要么忽视要么被摧毁,76.168,1707333519,3b533936
1512199663267418368,异世界舅舅？,279.895,1707359447,668f1692
1512239974622197504,说不定咒语就是神鬼的语言,29.139,1707364253,cfd7ca0d
1512317236235702272,老法师啦。,154.589,1707373463,ac63fe8e
1512342985545859840,往生咒的话历史不会超过两千年,99.669,1707376532,ec1e650d
1512350557044727040,就连网庙上吹的不靠神仙的道教也是不受箓不拜师无法入道,325.259,1707377435,ec1e650d
1512385944664624896,真语音系统？,300.179,1707381653,85182cf1
1512396870666703616,是的，在河南搭台唱戏，只要开始了，哪怕没人看了，也要唱结束，因为还有鬼神要看,200.4,1707382956,e490b69f
1512401437198811648,前排提醒，这视频不是讲神秘学和民俗，也不是讲符号学人类学的，纯纯的地摊文未解之谜系列,0.0,1707383500,ec1e650d
1512411536671438080,配的视频太烂，为什么不用倩女幽魂里的夺命梵音？？！,65.249,1707384704,df179fd2
1512412001694205696,古代佛经没有文字，都是口口相传。分组背诵互为备份，防止荒腔走板。,130.443,1707384760,218bc651
1512413195863024640,戏曲规矩：一旦开唱就必须唱完，就算没有人听，也会有鬼神在听。,187.237,1707384902,218bc651
1512470663531772416,商博良也不能翻译吗？,254.691,1707391753,2192b47c
1512575622239711744,汽车人变形出发!,34.061,1707404265,1c876ed5
1512675556465262080,爷爷，你关注的up主更新了,0.053,1707416178,e6b1cced
1512800259246878720,雅语？,188.839,1707431044,22a12544
1512835991520727552,加油加油加油,49.519,1707435303,e2e36116
1512878834314398720,急急如律令,116.139,1707440411,ac66a05
1513407398424177664,咒语是古代文明在集体潜意识上构造的系统操作语言 辅助你用神识力共振现实,50.326,1707503420,bb2b695c
1513519125832521216,我知道了，来念，大威天龙,271.527,1707516739,8471b486
1513825907696042240,世界的本质就是震动,35.041,1707553310,97783db7
1513854484185655040,吃葡萄不吐葡萄皮,140.116,1707556717,d2d434c9
1513867228041500928,咒语很管用的，楞严咒大悲咒超管用，,79.791,1707558236,92141b11
1513869470635296768,楞严咒很厉害,124.271,1707558504,92141b11
1513869954716362240,太极腔,181.873,1707558561,92141b11
1513870167694691072,符合太极转动的腔调,207.251,1707558587,92141b11
1513875250914631936,哈嘛噼,256.295,1707559193,697c73c5
1514040566067789056,失传的语言,231.848,1707578900,2e37a580
1514042597747022336,传播的不是教义，而是以神秘把控对神言宗教的释义权，进而掌控教徒思想,318.305,1707579142,2e37a580
1514082080827877632,有句话叫做末法时代，咒语可能就是可以震动那些魔法元素的发音。越大的法术就是需要越多的魔法元素加入,159.257,1707583849,1d9e85c9
1514199858108791040,背景这个场景和美女好美好精致,97.689,1707597889,543b1b52
1514355957059465728,言灵,83.299,1707616497,b1181568
1514357118193747456,包饺砸！,221.677,1707616636,b1181568
1515017413597801984,玛卡巴卡,5.733,1707695349,65bbde51
1515075022790625536,港片能作为参考？？？,193.326,1707702217,19d790a7
1515323257966851840,龙族,33.379,1707731809,2a0baa1e
1515352156562250752,天猫精灵。开空调,86.414,1707735254,651def2b
1515858433734178048,不是讲究天人感应吗？我认为因该注重感应。,283.302,1707795606,38b7cd34
1515967506836537344,代码也是咒文←_←,144.937,1707808609,a1427164
1516076378326696448,纳米机器人就是魔法元素,168.409,1707821587,78fb5fc8
1516259650881020928,我认为一定不会是种真正的语言，或者说一定没有规律,11.119,1707843435,c9cb581b
1516599242444146176,这些咒语可能是调整自己能量的一种技巧，但是前提是对自身能量有认知，现在已失传了,121.64,1707883918,be0efab2
1517403587184422144,我知道，同伴加压耗时3防夜袭，是神秘交谈,276.082,1707979803,e63ec77b
1517533032255605248,恐怖的时长,9.17,1707995234,d8d03db0
1518137113181289216,陀螺么,9.807,1708067246,7fb60ea5
1518947474113374464,不算什么新想法，我小学时就在很多科普科幻书籍中见过了,34.415,1708163849,8d99378e
1518975570909053440,这些是谜因或者说是模因,88.047,1708167198,8d99378e
1518988018554381824,索绪尔《普通语言学教程》,207.331,1708168682,8d99378e
1518990509333373696,有没有可能神不需要语言,334.629,1708168979,8d99378e
1519019224050573312,手机便是魔杖,65.464,1708172402,eb2d8318
1519077329471963392,斯人已逝,155.313,1708179329,5ae573e0
1519119575835716352,终于有人说这个了！,14.259,1708184365,852f32d4
1519176036183758848,咒语 密码？,158.411,1708191095,f8fa38dc
1519415599787310080,摩西摩西,333.508,1708219654,a5fd0f2a
1519616248227790080,外星语吗,248.364,1708243573,c67dfee9
1519674270610095104,6++++++,227.168,1708250490,3ed244f1
1519776711493963008,梵文,128.253,1708262702,cac1ea43
1520599627219771648,"Hey, Siri就是一句咒语",52.979,1708360801,62dea387
1520960370053912832,把这个换成语音识别就对味了 哈哈,285.435,1708403805,6c47009f
1521046991315212032,一人之下--巫妖  神格面具,189.927,1708414131,484718e1
1521313780892562432,计算机语言和程序验证,344.643,1708445935,73ad9a4c
1521828578877088256,什么亚空间,274.869,1708507303,3f564a18
1522141123278263296,讲好一个故事,84.475,1708544561,749148d6
1522245180462621696,有没可能是为了所谓神秘感，你不懂就觉得神奇而已，有可能经文只是说你吃了没之类的话,349.408,1708556966,c4f0a743
1522338742013231104,言出法随！,72.482,1708568119,d4df00e7
1522739676061328128,言出法随,96.474,1708615914,9242b9d5
1523493689731924992,南无阿弥陀佛,132.559,1708705800,ed3aa3fa
1523727651624210944,说不定就是外星人教了一半,313.746,1708733690,9accefd7
1524238675792495360,古语或者外语加上误读？,120.786,1708794609,eb9bb181
1524350810652467456,纳米机械可以实现的,73.747,1708807977,3e145f2f
1524871559263616000,这其实和人类的傲慢有关,322.405,1708870055,334b68cd
1524951088132848640,宇宙系统的cmd指令,36.891,1708879535,4506ee92
1525478414050475264,大家不要误会这里，只是为了解释咒语，是一种娱乐的方向。研究的并不是宗教的政治性,325.499,1708942397,b958d312
1525514254814519040,唱诗人,282.422,1708946670,b6955852
1525986563543289088,失落的史前科技？！,42.619,1709002974,ea787008
1525990164084938496,有没有一种可能翻译后会失真？知其意，却不能知其境,315.411,1709003403,ea787008
1526707221625564160,已经关闭了，神远古的时候为了调试留的GM接口而已,51.784,1709088883,ac9c7a53
1527043400309016064,真名,289.935,1709128958,f2719655
1527406274621540096,遇事不决，外星语言,254.434,1709172216,b5f326f3
1527518713752931072,阿瓦达啃大瓜！！！！,75.721,1709185620,acc807f1
1529578567409916928,惊！晴雅集？！,29.392,1709431174,43bd4e89
1529581902888364032,一种保持自我文化的方式而已,313.873,1709431571,662e91a1
1530203757764441344,神秘主义,333.339,1709505702,961f4073
1531427263931784704,菠萝菠萝蜜~~~,139.178,1709651556,d798ad0c
1531911304212702464,？？巴利三藏是原始佛教语言，记录不应该是原始佛经么？怎么会翻译不出来,245.83,1709709258,1b499427
1532035581700394752,梵文,233.951,1709724073,180c64e8
1533269809557922048,我们所有的念想都是咒语,70.357,1709871204,62081682
1542529958940243200,是的，有的看似是梗，其实有些力量在的,90.778,1710975100,32e70d68
1543111050709208832,桐人：system call,56.917,1711044372,1fa48e31
1544947092043549440,想起句话，科学的尽头是玄学,207.987,1711263245,3e3a2c80
1547095614930966784,其他语种的经文怎么呢,303.683,1711519369,e6a80cdd
1547958184134834176,这里还有个悖论，当一个种族发展了一个宗教。那么肯定是这个种族的宝贝,330.11,1711622195,e32b7191
1548159716230860800,这不是维护正统核心地位的需要吗？,316.706,1711646219,41484aff
1548278444176366080,怎么证明或者证伪,44.389,1711660373,aa9228fe
1548340582077118976,表音文字,253.179,1711667780,26c06ef
1548341319083226368,为了最终解释权,332.879,1711667868,26c06ef
1548698437929915648,拉莱耶语,233.375,1711710440,cc4815cd
1549523100742364416,伊卜拉沙~,235.001,1711808747,145aa409
1555920021157790720,我也会：“小爱同学，帮我开灯”,47.483,1712571320,a7828a4c
1578907644843075328,就是高维能量语，链接你和你的原神,77.328,1715311658,89a93e3c
1579045791392150016,是高哥特语和低哥特语的意思吗？,256.159,1715328126,efbe4fb1
1579600572553052928,一陀翔,19.0,1715394262,c2ffcf2b
1593186662605772544,想让咒语变成真，你必须从相反视角观测咒语的实施～,6.368,1717013850,d9f65bf6
1595352854670238464,古神语,279.125,1717272080,548c6421
1613232999364002560,以前人少,319.025,1719403559,e64c5464
1625946687002524416,宇宙的代码,40.819,1720919149,3d151d8e
1639155093452823296,小孩子灵性高,163.464,1722493714,3b877167
1657286574037113856,科仪 密咒,211.368,1724655155,257a1ebb
1671812029079470592,宇宙编程语言,348.506,1726386724,67547af9
1685437688540383232,还有宇宙语,256.42,1728011029,f2f5aee3
1693835141027384576,巫在古代是指可以沟通天地的人,173.132,1729012083,76537ad9
1710183110169744896,没错，只要戏台子搭起来，没人也要唱，因为有鬼神也再看,183.934,1730960913,9820c3cc
,,0.0,1775655591.4716349,
lb.c,,0.0,1775655591.4716349,
,,0.0,1775655591.4716349,
1510900560373553408,撞到真空容器壁之后能量引起了容器壁的形变和内能增加，也就是做了功,659.79,1707204582,b9f37c81
1510900651868260864,现象难道不是人规定出来的吗？,458.885,1707204593,b7253f15
1511025437420547840,这里bgm有人知道吗,518.722,1707219468,9039f3b4
1511030251256490240,这个有解释,449.298,1707220042,1555eca4
1511042247267934720,达摩是真实的历史人物啊，有记载的,360.85,1707221472,3d58d951
1511091314459339776,光音天,449.444,1707227322,4404adee
1511091935325041920,光音天,447.529,1707227396,4404adee
1511092919216725760,阿凡达团建,389.076,1707227513,165e8d50
1511105664078934784,真空中应该是没有物质媒介来共振,579.255,1707229032,ff133554
1511151090589253376,那么问题来了，神无所不能，为啥不啥语言都懂,402.783,1707234447,4653de3d
1511177058464783872,这个逻辑有问题，就算耶稣真的复活了，那后世的人都没见过又凭什么相信，那没见过的后人可以相信，没见过的前人就也可以相信,385.196,1707237543,a002bc65
1511180170973705728,阵法？,686.459,1707237914,6d8b995d
1511196360635076352,吊在板上的原因,581.869,1707239844,8e8a9411
1511282684226246912,相信神存在≠神真的存在。,394.928,1707250135,be6a4a57
1511337549380404736,相信相信的力量,406.35,1707256675,d23c6e91
1511344816028825856,这个应该是心理学。,421.01,1707257541,86ff93e9
1511444496154427392,啊，竟然有文献？,539.327,1707269424,57b0d9a5
1511492257423854848,是催眠学，不是心理学，在很多时候是超心理学的概念,516.282,1707275118,2a863fc8
1511508387635012608,现象不是人规定的，是人发现归纳总结的，无法复现没找到规律的就是神秘,468.904,1707277041,3e818a27
1511522047493633792,"祝由术算不算,听说确实有一定效果",428.512,1707278669,f0e5ceae
1511531083693425920,共振就是功放,624.337,1707279746,3291c759
1511536718556469248,可以理解为神灵C语言,509.384,1707280418,25a3a2fb
1511545975553024768,遇事不决，量子力学,497.303,1707281521,18d3d9b6
1511604753430393344,好像臭名昭著的水知道答案也提过类似的理论吧,656.368,1707288528,c0dcfb2c
1511628251397654528,耶稣也是真实的历史人物啊,364.559,1707291329,be83c184
1511695680824204032,曼陀罗,630.593,1707299368,2b4097c
1511698937155826944,声音不是消耗了能量才出现的？,477.243,1707299756,e274e0d6
1511868531464402176,灵能科技会引发亚空间天灾,434.039,1707319973,de100637
1511906428947239424,这种事是完全有可能的 但是距离神学 十亿八千万光年,522.151,1707324491,fe023968
1511907011250652928,真空不空 朋友,583.404,1707324560,fe023968
1511986773247507200,别迷信了，就算法翻译成同样的语言也是近似意和本意肯定有区别的，声音也分很多种，人与人听到也会有差别，这方面确实大家都不懂就看谁在那装，相信科学，拒绝迷信,411.888,1707334069,3b533936
1511992122906106624,只要别傲慢就很难迷信,487.448,1707334706,3b533936
1512399397458329600,逸散成熵了,482.04,1707383257,e490b69f
1512416070420826624,全国无论南北，都有一种去除喉咙鱼刺的祝由术。无法用现代理论解释，但真管用。,424.813,1707385245,218bc651
1512417522790590464,压点效应会产生电磁波，另一块同规格压电材料能够接收同频电磁辐射。,532.909,1707385418,218bc651
1512553623576776704,这太扯了,499.588,1707401642,3ff15c6
1512961307039537152,听音识曲,557.452,1707450242,3b054801
1513120392393488640,曼陀罗 荷鲁斯,627.43,1707469206,cb704783
1513607207155996928,祝由术,431.192,1707527239,4c09d4ff
1513712709210978816,千里传音,544.654,1707539816,51e24fc0
1514046186527756800,金花,637.486,1707579570,2e37a580
1514414867174400768,扯什么？的布罗伊物质波也是这个差不多的情景,506.264,1707623520,2610031c
1514810229593054464,有时候挺好使的,424.53,1707670651,7abc00a5
1515079558796536832,是语言就能承载,442.446,1707702757,19d790a7
1515889347617151232,言出法随,688.232,1707799292,38e0cfa7
1516074366621033728,有体验，比如快睡着半梦半醒间有时就会听到别人的说话声,510.885,1707821348,87b7cc89
1516142762431414528,巫医:我用的巫药是地塞米松,371.827,1707829501,7885fa40
1517231888501551872,能量在引起介质震动时就损耗了,667.08,1707959335,b02b4760
1519097112141709824,脉轮,632.163,1708181687,b79fb829
1519149031283219968,六字大明咒的“唵”字声波成像出来的就是一个坛城的模样,702.861,1708187876,b4116d28
1520413688194932736,只看结果，不看过程,434.976,1708338635,18f90f29
1521193655723901440,打电话不也是这样吗,543.23,1708431614,1afc700e
1521515294374641152,很多佛世界是以音声形式存在的就是这个意思，佛说法的音声响彻三千大千世界乃至无量无边世界却互不干扰，个人推测原理也是如此甚至更高端,646.222,1708469957,2bc7f25d
1521869830855307520,九龙化骨水,428.984,1708512221,5e5b832e
1522614177301480704,我都不知道我是從哪裡開始聽不懂的,680.949,1708600954,e5b3855e
1523056658296037376,虚拟世界么？,434.293,1708653702,11aee060
1523111823023342080,这也是因为有电场啊,525.467,1708660278,caf65355
1523399379279849984,真空量子涨落产生虚粒子，这些虚粒子可以震动传递声音,509.3,1708694557,e0aa4922
1523733545385058304,就像音乐会影响人的情绪或行为,589.669,1708734393,c0cf273f
1523896536491566336,神说要有钱，于是真的有了钱,407.087,1708753823,a623f050
1523921070451773184,直接操作底层代码的意思？,460.701,1708756748,bc3c5dc4
1524083323922976512,听不懂，但是爱听,547.719,1708776090,3238262a
1524151221777249792,我想到了催眠！,451.94,1708784184,31a50c5b
1524872064241377536,找个海妖，她们有语言插件,395.524,1708870115,4df1c005
1525795062360167424,如果是相同结构的设备，很有可能只是因为固有频率相同,579.875,1708980145,38db071e
1525895530184793856,魔术？,376.219,1708992122,2846fd25
1526905709101803520,源代码,625.148,1709112544,53713d10
1527805746459515904,可以用同一条鱼用火烧软 放水中喝下去就可以了 没试过 可以试试,428.36,1709219837,c3660b3b
1528746137987852032,抵抗重力我笑死,447.8,1709331941,b18ca3c3
1529391240104563712,真空没有空气啊，能量没法传递呗。,474.731,1709408843,acab398a
1529393029109376512,图案与物质形成未必有关联，结,685.81,1709409056,acab398a
1530561309647992576,原神，启动,440.699,1709548326,7039cd78
1530563428618802176,原神，拯救世界,685.059,1709548578,7039cd78
1535763481922828288,你好。地球人,502.126,1710168473,369f2308
1538300396295406080,当你相信神存在的时候，你无法分辨神不存在,400.555,1710470897,380fb161
1543391465777099264,太阳：那我走？,403.631,1711077800,e185455b
1543744512340334080,雷达？,682.265,1711119886,3ab4cc58
1545168316992144640,别着急反驳～人家都有资料的，又不是信口胡说。先看看中不？,522.289,1711289617,2a2f81cb
1547835726564081664,大型演唱会,392.023,1711607597,ef69e866
1548724242135296000,这不是共振，这是系统的耦合运动，不要望文生义,587.954,1711713516,5e86f2be
1550077398274505728,披着科幻外衣的外星非洲,415.033,1711874825,594a703a
1551541533415911424,画符？,697.612,1712049363,f686d65e
1551666175614980608,电子设备的声音和人体的一样吗,654.95,1712064222,af883166
1559681438692134144,频率,462.398,1713019716,1d73ca06
1565534952362303744,分形几何,688.766,1713717509,5db64ff1
1578153244038174464,非局域耦合机械振子的同步及奇异态,589.095,1715221727,4350c6ed
1582038471336594176,史前超级治愈机器人，通过语音交流借用,417.043,1715684882,97213204
1587104621032583424,突然串戏到了浮世叁千问233,549.603,1716288814,482d75e4
1589353646557061120,看到这个我立马想到了麦田圈的图案,681.825,1716556919,5931d69a
1605616503556794112,==没人说达摩是神吧？佛教从来说佛是开悟的人而已,401.019,1718495602,926fe657
1616096372220716544,那就是每个读音都与某种波共振，或组织成固定的波形组合，这样的波形组合就产生某种能量，达到一定强度就能影响能量场,475.339,1719744900,13b5d3c3
1616896630853157376,转化成内能了啊,473.553,1719840298,22286d56
1622573075915028992,逗猫棒,585.05,1720516983,72808daf
1623704623200179200,真空不真，即使太空，也是相对真空，不是绝对,499.219,1720651874,4c99fc82
1639981537342845184,总裁那里看过这段,603.241,1722592233,95e48e44
1655747505583124480,麦田怪圈,690.774,1724471683,b7d61015
1657054149197909760,所以皇帝学天人的音乐就是为了拯救当年的人,705.618,1724627447,bb2b695c
1684301329097158656,节拍器,580.965,1727875564,fea2e132
1707933810337497600,神“说”：要有“光”,450.231,1730692776,c87e78db
1786962726779324416,首先发出声音的东西你必须得给它一个定位，或是锚点，一切从它出发才有对错，或许这就是人类限制？,712.141,1740113757,5486f4a0
,,0.0,1775655591.4716349,
lb.c,,0.0,1775655591.4716349,
,,0.0,1775655591.4716349,
1510908556394966784,芭芭拉：治疗就交给我吧,914.772,1707205535,66b8a922
1510931899072224768,就算时空不连续，我们感受到的也是连续的。,1022.773,1707208318,de0d96f7
1510932180552081408,比如：眨眼补帧。视频一顿一顿的，可是在我们看来，就是连续的。,1024.733,1707208351,de0d96f7
1510932571318612736,卡顿，对于连续来说，通过对比，才有卡顿。,1026.053,1707208398,de0d96f7
1510939667150138880,细说深入,977.537,1707209244,6840d8d4
1511037968390157824,图穷匕见,773.855,1707220962,f2194801
1511107728758915584,这是波纹攻击,919.726,1707229278,ff133554
1511108334592237824,开始看不懂了,1019.318,1707229350,ff133554
1511115165905922560,我喜欢,775.271,1707230165,21836113
1511154999126838016,那如果光可以被力吸引或者退离呢。。。,810.518,1707234913,4653de3d
1511215457519212800,这个招数电影里的神婆经常用,949.238,1707242121,833e8924
1511244701272300544,法术：言出法随,847.578,1707245607,ddd5415e
1511440245227354368,时间是否存在都是个问题，讨论这个,865.197,1707268917,cb122b68
1511450399830701568,魔术大师,951.539,1707270128,c35938f7
1511467769114449152,万事不决，量子力学,1006.523,1707272198,5d76bd6e
1511492002686982912,其实是魔术而已,992.258,1707275087,1253f646
1511543661714979840,如果魔术能救一个濒死的人就好了,1003.873,1707281246,f0e5ceae
1511544817807974400,我还以为我屏幕上有蚂蚁！！！,960.27,1707281383,275bd317
1511551857225513984,？,956.623,1707282223,18d3d9b6
1511686273318952960,遇事不决 量子力学,999.821,1707298246,afd6932a
1511694476094334976,图穷匕见+1,789.081,1707299224,e7d94bb0
1511739552522725888,这不会是芭芭拉的原型吧,919.964,1707304598,68b8b69b
1511765376005291776,所以关键是理解共振的本质吗，共振为什么存在,720.256,1707307676,d3926e93
1511837427696720384,我的老师跟我们讲过很多这种，老老师懂的很多，都给我们讲，现在可能没老师知道了,969.57,1707316265,928db7c7
1511839115250015744,不是魔术，我那个老老师说，超自然跟化学物理学有关，不是假的，只是我们现在不懂,996.13,1707316466,928db7c7
1511872289778621440,"光不会被引力吸引,而是沿着空间最短的路径传播而已.所以黑洞是扰动空间而非拉扯光子",823.721,1707320421,de100637
1511937045143108608,因为观测了,1052.265,1707328140,54505dd5
1512001545351270912,众所周知宏观效应会有一个概率趋势这不就连起来了？不想卡bug也不是不可以,1026.596,1707335830,3b533936
1512232402234451712,有没有可能芭芭拉学过医学，打着巫医的旗号在实施专业手术？,996.828,1707363350,668f1692
1512476769406749184,噗，再见,981.123,1707392481,2192b47c
1512608267246103808,就象我们看动画片那样，动画片也不是连续的，只是我们觉得是连续的。,1031.334,1707408156,aaba05d6
1514049108397391616,这类魔术手法被揭秘过,954.314,1707579918,2e37a580
1514763847821686528,科学的尽头是神学,1067.514,1707665122,ec0293b2
1515115708605221120,不，相对论证明时空是变量,782.777,1707707067,9ba94f75
1515382011794174720,路西法,799.388,1707738813,8b55cc44
1516202209334213888,遇事不决量子力学,989.899,1707836588,8e9d9c30
1516399092161618688,有没有一种可能，一切只是场物质流动产生的变化,857.976,1707860058,e4ab6b8a
1516472943654308608,直到魔法揭秘开始播放,997.288,1707868862,dc228f33
1516934833941766144,主要就是，声音的能量太少了，除非是有放大器，或者类似引动雪崩一样的引子,846.614,1707923923,8384b083
1516941263289824512,说其他我还不一定熟，这个芭芭拉帕奇塔不久前我还看过揭秘,875.114,1707924690,8384b083
1519459610443232512,芭芭拉 冲鸭,875.621,1708224900,bdcd674a
1519521141822387200,法器？,863.309,1708232235,85109700
1519734356447349760,我记得有书说 唵 代表世间万物,745.784,1708257652,6e104b80
1520925161463963648,造神嘛，哪都一样,977.215,1708399607,39380461
1521520242915206656,黄帝外经到底什么内容啊,953.712,1708470547,2bc7f25d
1522305516666245888,芭芭拉冲呀！,901.502,1708564159,cfd4b043
1522600013229157888,你这个芭芭拉回复效果有点强,901.821,1708599265,afb33c7e
1523116779063697664,这就是芭芭拉原型吗,894.658,1708660869,caf65355
1523117225723492096,研究出来可是能“水”一篇论文的啊，怎么会有学者不感兴趣呢,921.75,1708660922,caf65355
1523826720631923968,所有的一切都是能量的互相干涉,868.615,1708745500,3c7337bc
1524834345603342592,遇事不决，量子力学,990.708,1708865619,2ecd090a
1525447203026720512,来困了..............,1051.074,1708938677,733e5dc3
1526071318246951680,那倒立行走是不是会活的久一点,839.812,1709013077,aec86728
1526213258074652160,就喜欢这句！,722.968,1709029998,a48a250c
1526215241627702272,芭芭拉冲鸭,932.186,1709030234,3fc86396
1528921959411564288,时空之王，命运道标,858.034,1709352900,f7ab0be
1529095836045338112,那是你念唵这类时 你的肌肉呼吸机都在随着你念这个字时有规律运动 按摩内脏,787.375,1709373628,b2446d3b
1529096324883104000,将无序混乱 通过振动变的重新有序，规律,845.558,1709373686,b2446d3b
1530200422705674496,我更倾向于时间是一把尺子 本来不存在只是为了让人类理解而造出来的工具 ,1065.539,1709505305,a5220fbb
1534711957620495616,因为思维是线性的,1034.803,1710043122,62081682
1543746423835697152,这么离谱？,910.195,1711120114,3ab4cc58
1546005639908824320,算了吧,907.089,1711389433,990cb761
1549518129745755904,苗医没病拿水,995.939,1711808155,ceb9f1ab
1551541810399105024,咒语就是用声音画符,730.627,1712049396,f686d65e
1551542719128959232,衰变，老化,838.951,1712049505,f686d65e
1562180038324307456,科学没有尽头。,1077.795,1713317572,59236c22
1577511418495228928,咒令：我，秦始皇，打钱！！！,886.446,1715145215,d59fe5b0
1578778053835180544,芭芭拉：演唱，开始！,890.933,1715296210,b897fdc1
1594020501347522304,黑客帝国,944.659,1717113251,10d4dc90
1615813523726791168,我每次睡不着就看他视频，一听就困，比安眠药管用,1041.055,1719711182,29578a32
1622577590823022080,幻影移形,1038.551,1720517521,72808daf
1639987416305571072,回调芭芭拉！,906.754,1722592934,95e48e44
1655797195032993536,湖北某个道教县的某个局长，就是被这种方式治疗的癌症，还拍了视频,957.966,1724477607,f85c634d
1682123295757073152,遇事不决，量子力学,986.771,1727615923,46c0c30d
1682123743473752832,缩地术！,1036.086,1727615976,46c0c30d
1693841864656055296,憨豆先生也干过类似的事,948.417,1729012885,76537ad9
1727377496854866432,读书时巴不得有这能力省下通勤,1036.921,1733010644,9d6fe986
1801466163009000448,高手啊,966.308,1741842701,705a891
1812420769691477504,怪不得蒙德城有个芭芭拉,992.077,1743148592,94749c01
1825597102567617536, 那光的散射呢？,816.808,1744719333,1a6d2728
1825599134908975616,电影中环节在他眼前上演，不敢想象他当时得震惊到什么程度,957.706,1744719575,1a6d2728
,,0.0,1775655591.4716349,
lb.c,,0.0,1775655591.4716349,
,,0.0,1775655591.4716349,
1510937110897690880,如果说是量子隧穿的话，概率极低，忽略不计。不如直接把射向他人的子弹，无伤遂穿到脑后。,1232.142,1707208939,de0d96f7
1510938654141682944,这难度，比空间传送还难,1249.191,1707209123,de0d96f7
1510941287778876160,言出法随？,1238.539,1707209437,520a78cf
1510960014297565440,有道理,1356.308,1707211669,73dbef55
1510973142066364672,我小时候经常混淆绿色和蓝色,1337.774,1707213234,2eb64d21
1511086203624329984,有合理解释了,1302.605,1707226712,903d032f
1511164230840225536,集体潜意识,1433.111,1707236014,4b967118
1511215250052352256,狼孩的故事如果是真的，那么鸿蒙讲座的故事岂不是真的？传道是真的,1431.28,1707242096,b789a2e2
1511218110945282304,所以自旋到底是什么意思,1100.438,1707242437,ad5cbc3e
1511255395841472512,思想烙印.  ,1347.877,1707246882,b694ac7c
1511404765434047488,这不是道家学说，这是道教学说,1156.319,1707264688,925a8e
1511431593041043200,阿赖耶识,1436.598,1707267886,cdf28e6f
1511460786487543808,本来就没有时间，,1087.225,1707271366,af3bc664
1511478139933912064,有道理,1368.836,1707273435,7a0bddcc
1511516709016718080,阿赖耶,1437.162,1707278033,3e818a27
1511533126998994176,观测物质世界必会对物质世界造成扰动，也就是互动，所以在微观世界，所有观测均是与物质互动后的结果,1368.97,1707279990,2b0a5cad
1511534374871452416,陀一定是博士后，逻辑，章节环环相扣,1206.486,1707280138,62081682
1511536152619183104,这就是地球ol的规矩呀,1351.549,1707280350,baaac14b
1511592607808412416,我们的世界是虚拟的,1141.448,1707287080,6e468b55
1511730073613624064,意识冰山，水面上的冰山看似独立，下面却连成一片？,1434.891,1707303468,ed61d4d3
1511912129274695168,其实可以吃 你喜欢的话（用过的容易产生细菌 吃进去会生病）,1339.593,1707325170,d67e1d47
1512134764138867200,这点认同，在学校考试的时候，明明我自己不紧张，题感觉也不难，但就是脑子空白，不会思考，感觉自己的意识被别人影响了,1430.906,1707351710,95936744
1512240897428290560,五蕴,1348.701,1707364363,f7efa00d
1512262604377145344,假设空间本就在你只是在这空间里放了个烟花，接着烟花充斥整个空间并不断蔓延,1169.81,1707366950,6031d481
1512505554680108288,有些所谓的证明只是为了让事情变的合理,1411.255,1707395912,f49ebad4
1513928600649548288,懂了，太上老君是量子（bushi,1170.598,1707565552,1a1281fd
1514382712004454144,神学不为用，科技为用,1247.087,1707619687,26b4c7d7
1514692285949028608,这个突然出现，也许是奇点以外的更高维世界对它产生了什么影响,1165.973,1707656591,2562f491
1514708046239426560,因为人本身就在系统中,1295.196,1707658470,2562f491
1514710233921327104,绿色也可以叫green,1337.739,1707658730,2562f491
1514711110069364736,确实,1434.603,1707658835,2562f491
1516133256528101376,石头人是吧,1438.144,1707828368,eef05dc0
1519363206387544576,时间和空间是连续的吗,1312.594,1708213408,89704736
1519643780385783040,地球不就在自旋吗,1103.687,1708246855,9c248688
1521295412676657408,？？？,1192.427,1708443745,1892977d
1521523478031927808,所以各大正教都重视语言的作用，圣经里丈夫可以否掉妻子的发愿，佛教和道教都说言语能召来福祸就是这意思,1231.27,1708470932,2bc7f25d
1522116546367880448,这可以假设并不是不教，而是教不了，或者不知道怎么把这种共振甚至说同频的展示给我们，甚至这个可以理解为天赋说的夸张点也就是超能力般是独有的，可以传承但不一定遇到差不多能遇到一个对师傅会咒语一样有天赋的,1267.781,1708541632,f4485a9e
1522694772203129600,所以世界就是像素组成的，根本不连续,1123.286,1708610561,164ded48
1522697891523916800,集体潜意识,1437.666,1708610933,164ded48
1525303812967995136,混元行意,1136.666,1708921583,48beeaa6
1526282993864606208,矩阵,1348.66,1709038311,1596239a
1526913926909220608,真言咒,1234.346,1709113524,53713d10
1529101675288482560,一段振动同样是有序的 会改变无序 同样消除混乱的应力,1321.582,1709374324,b2446d3b
1529103192561254400,认知定义牢笼,1374.684,1709374505,b2446d3b
1535828119645251840,净土宗,1225.742,1710176179,a125d774
1539225571467521536,真空中各方向的力是相同的，但是空间被扭曲之后就会出现“引力”,1127.443,1710581186,9798cac3
1544269461069150720,薛定谔的猫,1332.189,1711182465,384ddeeb
1548355340456971520,为什么打死狼,1382.359,1711669540,26c06ef
1549858698313306624,一语成谶,1237.96,1711848754,6bfe7442
1550314692902376192,像不像一个游戏的世界，从仅有一个世界到加载各种内容的样子？,1156.541,1711903113,7991c86e
1554004188055479296,少数的听到一半，发现已经一句话都听不懂了的视频，世界真神奇,1123.397,1712342935,9cd415f0
1558134519037870080,AI开机了,1178.136,1712835309,569fb314
1579252691224311808,五蕴,1355.02,1715352791,36dd6ae7
1579800639058708992,假装自己能听懂。这是咒语的一部分。,1109.409,1715418111,1d5a13e1
1592047346571685888,普通人的意识、记忆太靠不住了,1339.163,1716878033,f9c33a0
1616905396319193856,《白发魔女传》,1392.275,1719841343,22286d56
1628290035444993792,其实是不确定原理,1291.341,1721198498,e9ae1482
1641605769663529728,言灵,1230.33,1722785857,885fe8e9
1650106204409803520,信则有，不信则无，是不是也是共振，相信才可以和对方同一频率才能感受到，不相信频率不对就什么都不会发生，所以同一个方法，有的人灵，有的人不灵,1249.341,1723799188,2562f491
1661697840449405952,开控制台了,1234.173,1725181019,766e2ccb
1688364293735441664,假的？这是有记录的，还被写入了教育心理学的,1406.421,1728359907,2852ec86
1801377511042126592,时间是人道的概念,1104.052,1741832133,bd550466
1801378425123447040,人类对游戏的开发与创造，像不像天道对人类社会的创造,1212.996,1741832242,bd550466
1806733657709799424,张祥前的《统一场理论》能解释这些现像吗？,1287.425,1742470635,e9102dea
1827140962385317888,你看名字也知道，原始既是原初开始,1133.215,1744903376,1e8ae9f6
1902998389101029120,来自于经验和集体定义,1348.111,1753946285,2f11bf61
,,0.0,1775655591.4716349,
lb.c,,0.0,1775655591.4716349,
,,0.0,1775655591.4716349,
1510906544102140160,这是否能证明一定程度上证明灵魂的存在？,1624.165,1707205295,b7253f15
1510910449561168640,这部分应该是荣格的集体潜意识理论,1440.31,1707205761,1492c5f6
1510914819380157184,是不是给乌龟养大我们也能长命百岁了,1482.1,1707206282,66b8a922
1510920275179427072,比如心里说谁，谁就会打喷嚏,1749.222,1707206932,f57edb10
1510935521063628032,少了云端的算力支持,1472.716,1707208750,fc3b5a83
1510938085855267072,我用在感应外卖员是否到门口了，突然身体本能去开门,1748.476,1707209055,fc3b5a83
1510939849174349568,最新研究，意识，滞后于行为。行为是明星，意识是行为的经纪人。先做，后记录，再修改，更新下一次的行为模式，然后无限循环,1611.618,1707209265,de0d96f7
1510940204163147520,观测者效应，只能说仅供参考,1639.328,1707209308,de0d96f7
1510941203993114112,开智,1688.672,1707209427,1175e65c
1510943420246570240,这是真实的,1483.775,1707209691,fb5a2a45
1510944543003220992,开悟,1713.61,1707209825,7414f425
1510961183887348992,因无所住而生其心,1706.063,1707211809,cf105ce1
1511035621878063616,乌龟那个没法验证，因为乌龟不是哺乳类不会养小孩,1485.194,1707220682,e81cc6
1511063764844415488,高维观测者,1482.859,1707224037,3d58d951
1511111395234618368,但是谁也不敢保证动物没有意识啊？,1506.329,1707229715,ff133554
1511209499552427264,全世界觉得世界是天堂，那么世界就会变成天堂？,1481.001,1707241410,be61b0c1
1511216834996027392,双胞胎？,1610.797,1707242285,b789a2e2
1511223146534047744,古希腊掌管某某的神（doge,1550.905,1707243037,ad5cbc3e
1511223961420548352,如数家珍,1623.444,1707243134,ad5cbc3e
1511228030968900864,应该有吧，比如幸存者偏差；你只记住了说曹操就到的情况，或者父母回家的时间是规律的，你的生物钟告诉了你，使你有所防备,1746.417,1707243619,ad5cbc3e
1511477452092956160,亚空间四小贩,1570.169,1707273353,7c4f903
1511495235413645056,共业,1629.976,1707275473,e6bdc74d
1511497316744741120,上帝,1497.298,1707275721,922862d0
1511508691051051264,阿赖耶识,1441.43,1707277077,aef8af5a
1511568011436567296,阿赖耶识,1692.985,1707284148,d2e363e1
1511621789049190912,凉宫春日的忧郁,1540.488,1707290559,c396cf1d
1511623568927411456,灵能者？,1602.063,1707290771,efbe4fb1
1511631995141424640,那么反过来是不是父母到家前会觉得你在看电视,1750.205,1707291776,c0dcfb2c
1511640842572549632,余光再广也广不到背后,1785.868,1707292830,be83c184
1511687451415241984,xia我一跳,1542.529,1707298387,b82e8d5b
1511708301216445696,提到荣格的集体潜意识，那就不得不提到他在中国看到的《太乙金华宗旨》，后来又翻译回来的的《金花的秘密了》,1735.111,1707300872,9d05f18f
1511795647848672768,悟道,1725.188,1707311285,22b0b17c
1511835804467800832,因为个人意识 改变不了 集体意识,1538.777,1707316072,12d7ee3c
1511842276740092928,【黑门】个体高度独立，目标高度一致,1574.604,1707316843,12d7ee3c
1511847891394797056,喧闹的教室里突然所有人都不说话了。。。。,1765.309,1707317513,32e883ab
1511851208367988480,这不就是佛学么,1697.612,1707317908,9a409ed0
1512144308310928896,答案很显然是能,1505.483,1707352848,a7dc3a93
1512507446907027200,未来人KFK说的2048年之后,1636.84,1707396138,f49ebad4
1512542422654299648,“小我，大我，无我”,1702.041,1707400307,9c484b9d
1513849460013352192,目光这个确实神奇，我从小就可以感知到后面有人看我,1790.395,1707556118,f3c434db
1514406144062621440,人生如梦 梦就是我 我就是梦,1687.096,1707622480,552666d8
1514627335700539648,膀光,1780.411,1707648848,c4510bcb
1515381706549783040,gumayusi,1584.18,1707738776,faace91f
1516918028389108480,神圣的卡拉链接这我们,1465.03,1707921920,999e69a0
1517597278641419520,是每个意识单位都储存了集体意识 是一个同系统中可以共享的系统,1572.941,1708002893,63d7d7da
1517666500956532480,阿赖耶识,1570.555,1708011145,a9fcc626
1518446959336199936,超心理學?,1652.517,1708104183,4d77aa7c
1518686839769391872,王阳明的心外无物？,1704.751,1708132779,b80c6dd6
1519156000530225152,本自具足,1738.358,1708188707,b4116d28
1519202762028528640,还有睡觉突然自然醒，下一秒家里人会上厕所，或者谁在外面开始吵，都有提前性,1742.498,1708194281,b4b0d916
1519465296652840704,我被监控了,1455.932,1708225578,bdcd674a
1519800696000798208,erf,1760.395,1708265561,3f86f535
1520216088720532736,人能常清静天地悉皆归,1715.183,1708315079,a950714f
1520302050620088832,阿赖耶？,1443.431,1708325327,3c73699e
1520317563220260352,我和老爸闻出饺子馅咸不咸 都没尝,1758.613,1708327176,4cbb01a9
1520611966702639104,量子层面的怎么检测？,1511.223,1708362272,5b4e526d
1520612472183090176,科学的尽头是神学,1557.242,1708362332,5b4e526d
1520613854860544000,我对信息的传播方式更感兴趣,1661.023,1708362497,5b4e526d
1520614712394699264,干掉意识，请潜意识接管,1729.544,1708362599,5b4e526d
1520616434609354240,潜意识也应该有一个特定的通道,1775.277,1708362804,5b4e526d
1521527782797361408,不然你以为各大教派的教祖们都是怎么拉人头的,1516.589,1708471446,2bc7f25d
1523572044858465792,光音天,1618.639,1708715141,64dba629
1523572161124859904,光音天,1628.666,1708715154,64dba629
1523572275033640192,光音天,1634.063,1708715168,64dba629
1523572371754514432,光音天,1573.019,1708715179,64dba629
1523747023587911168,吾心自足，不假外求,1711.148,1708736000,c0cf273f
1523816576254704128,人能常清静，天地悉皆归,1699.89,1708744291,82bd86f4
1526257160668196096,宇宙这破地方对我们来说太大了，对别人来说太小了，原子不到,1551.06,1709035231,812c45be
1526916016251444480,云空间,1477.227,1709113773,53713d10
1528515952529233920,背后看我我完全能感觉到,1791.179,1709304500,e10a7d61
1529106510876402176,不是的 心无或者空时 你的身体自愈能力因为没有意识干扰 而从混乱变的重新有序,1770.288,1709374900,b2446d3b
1530376323233619712,念力,1529.842,1709526274,5ebf297f
1534718542484718592,果然还是佛学最接近宇宙真相,1723.379,1710043907,62081682
1536894454429364736,格式塔,1458.951,1710303296,82c0412c
1544845675316129792,近朱者赤近墨者黑,1611.934,1711251155,8a1c28a0
1546345570111973120,神识传音,1624.429,1711429956,4c9bc43a
1547691396486664192,生物电,1787.056,1711590391,2f361cc9
1547828874304575488,感谢尊者,1716.918,1711606780,2924f963
1548014426916315392,量子纠缠,1441.439,1711628900,166ca231
1548417538671826432,有没有一种可能 因为是狼孩天天被展览 被折磨死的喃？,1459.171,1711676954,fa755f5a
1548563003577111552,阿根廷：这我们很懂,1732.447,1711694295,c2ebb559
1548730885837164800,亚空间竟遥遥领先,1563.0,1711714308,cc4815cd
1549298721945368064,战锤P都给我出来,1606.423,1711781999,b1be4194
1550142669161201920,所以一堆人许同一个愿望有可能成功？？！,1666.191,1711882606,426ba631
1550770763064439552,荣格是看太乙金华才写出这个东西的~道家核心,1735.942,1711957480,dd2809d
1555063178428207616,结婚十年后，就变成大智之人,1706.235,1712469176,d60f4f19
1558138007037515776,大圣灵,1585.527,1712835724,569fb314
1565316480193916928,阳明心学，不符合物质世界统治,1755.958,1713691465,a097799c
1578482733217387008,也许宇宙就是一台计算机,1495.132,1715261005,6a93eb7d
1579057566506747136,亚空间灵能,1573.999,1715329530,efbe4fb1
1579058387558354176,放个屏蔽灵能的设备就感应不到了,1631.979,1715329628,efbe4fb1
1579254921771946496,佛陀,1546.46,1715353057,36dd6ae7
1579256023708093184,心有灵犀一点通,1608.875,1715353188,36dd6ae7
1592049700339921920,看我用闪电光速拳打破这一切,1571.994,1716878313,f9c33a0
1612321553985591552,《黑科技》,1629.812,1719294906,a219ff4e
1625968406040107520,古希腊掌管意识,1554.605,1720921738,3d151d8e
1649055077350368768,给你个眼神，你理解一下,1636.409,1723673884,5aaf2537
1652352658549466368,灵觉,1641.621,1724066986,a16cb467
1661107407721556480,脑波可以散发，我之前在一次小区跑步的时候，想起了一首歌，但是我只开始发出一个音节，走在前面的人突然开始唱那个歌词了。,1604.769,1725110633,5d2d3a9
1682127693300132352,一直观测不累吗,1483.673,1727616447,46c0c30d
1701599915598113024,什么？个人意识？人从出生就在被环境塑造所谓个人意识大多只是环境结合以及自身思考的结果,1504.402,1729937717,dedb02ff
1701603790564615424,说的有理,1704.659,1729938178,dedb02ff
1783338091067602176,被重力束缚的灵魂,1524.8,1739681666,2c44889a
1783338729121912064,量子纠缠,1596.358,1739681742,2c44889a
1783339428169745152,元气弹,1675.578,1739681826,2c44889a
1786974265653554176,影响别人心理学上可以轻易做到,1504.76,1740115132,5486f4a0
1786975214421919232,心理学上一个人可以轻易做到影响别人，那么扩大一下，理论上可以影响世界，甚至物质不是不可以的！,1526.38,1740115245,5486f4a0
1786976220400488960,一个北海岸的猴子学会了用棍子，南海岸的猴子不久也会了用棍子,1592.42,1740115365,5486f4a0
1916143344204589824,进击的巨人是吧？,1622.518,1755513286,a8280c73
,,0.0,1775655591.4716349,
lb.c,,0.0,1775655591.4716349,
,,0.0,1775655591.4716349,
1510907383742748672,跑得很快，求生意识很强,1859.8,1707205395,b7253f15
1510918903147094528,他修炼了《太乙金华宗旨》,2023.924,1707206769,7de28024
1510991378388436224,借鉴了太乙金华宗旨,1837.888,1707215408,294d453
1511005315775364096,哈哈哈,1963.285,1707217070,927717c4
1511014668888519424,上帝之手,1918.028,1707218185,ca822b25
1511166440768539136,这个棋盘不对,2072.106,1707236277,4653de3d
1511371598396001024,有没有可能是来自DNA,1950.402,1707260734,7fac09c3
1511483614431370496,牛逼,2021.509,1707274087,7a0bddcc
1511485013181729024,如今的奇怪现象就是没有没有了封建迷信，而破除封建迷信的虽然不是科学，但是科学却已经快成为过去的封建迷信了，我们想看到一件事的源头的时候，就会可以加上所谓的科学,2130.976,1707274254,af3bc664
1511504705279391232,金花的秘密,1815.389,1707276602,a98acdbb
1511512530986694912,人活着就是为了结婚生子买楼买车,1866.718,1707277534,aef8af5a
1511559259358233600,是的,2055.246,1707283105,b98c9fb3
1511559430016283904,不是的,2075.589,1707283125,b98c9fb3
1511559759764321792,言的流,2114.893,1707283165,b98c9fb3
1511559948726130432,演的流音的体,2137.413,1707283187,b98c9fb3
1511560084688445696,言的流音的体,2153.621,1707283203,b98c9fb3
1511565634423857408,分不清~,1884.517,1707283865,933259ff
1511602383002993408,《周公解梦》,2037.176,1707288246,6ff793a8
1511624784738764544,某些时候也是知识水平决定的，夏虫不可语冰,2085.835,1707290916,50d5c8b
1511646783602726912,夏虫不可语冰是认知层面上的,2089.501,1707293539,be83c184
1511686028237673472,金花的秘密+1,1819.319,1707298217,a061f1a1
1512226107229853696,我认为，由于身体硬件相差不大，当思想到某一个峰值的时候，有可能会触发身体的某种开关，而引发现象,1877.869,1707362599,4000cde6
1512227452569843712,基因,1912.019,1707362760,4000cde6
1512227704295081216,基因希望存活、和延续的意志,1890.303,1707362790,4000cde6
1512236336088623360,或许曾经真的有魔法，因为人们认为世界上有魔法，现在没有魔法，是因为人们认为世界是科学的,2100.762,1707363819,4000cde6
1512239475148106496,人体，很奇妙吧！,2126.422,1707364193,27b83167
1512239655066593024,可是我在梦里是可以飞翔的,1994.485,1707364214,265b6271
1512362316396920064,好多次做梦都在飞，有时候觉得就算现实都能飞了,2001.879,1707378837,4220556d
1512364029216148480,其实有关联的,2134.299,1707379041,4220556d
1512480029035323904,鬼故事：进度条,1986.306,1707392869,65c077b4
1512511491256164608,就像那个著名的死囚实验，蒙上死囚的眼睛，在胳膊上滴水，但是告诉他是把手腕割破了，最后死囚死了,1998.61,1707396620,f49ebad4
1512758448813970688,……左和右的A和A以及左和右的B和B比较吗——相同,2073.468,1707426059,eb3ee6e6
1512924223243730432,说不同的吧图片保存下来吸取颜色画线就知道了,2080.35,1707445821,699e6f85
1514001847558388224,可我几乎记不得梦里的情形，甚至醒了后忘的很快,2013.071,1707574284,92e7c78e
1514629060230230784,共食性,1922.803,1707649054,c4510bcb
1515208208879558912,太乙金华宗旨,1820.396,1707718094,2562f491
1516831083335831808,曼德拉效应就是意识改变世界的例子,2115.96,1707911555,a0af2f4
1517339590636122880,一个人有个人意识，在群体中个体无意识,1856.843,1707972174,16f2bbca
1517340428742268160,基因表达的侵略和修改……,1922.122,1707972274,16f2bbca
1518340789556555008,这图不是著名的假图吗？,2076.051,1708091526,7bc7e17c
1518977214304181504,我用卫生纸遮住，亮度也是明显不同,2076.376,1708167394,7b4973e9
1519556650824935168,sOx的时候,1849.993,1708236468,bde99489
1519704264153583360,根本就不一样,1987.828,1708254065,c4176682
1519724956970561024,庄生晓梦迷蝴蝶,2000.801,1708256532,71375078
1520496850229345536,"我怎么彷佛听到哀乐的声音,,,",1958.693,1708348549,8d4759ff
1520618504934856704,你牛逼,1956.753,1708363051,5b4e526d
1520621387814055936,意识可以改变世界，方法、强度、时间,2113.674,1708363395,5b4e526d
1521535987929572352,乌合之众也说过这个事儿吧,1846.43,1708472424,2bc7f25d
1521537440450462976,一般来说治疗这种病的话求助巫医的多，以及，很多都是能量附体啥的就很能说明问题，总归是业力，负面能量集中在某几个人身上以之为祭品的话，守村人啥的就出现了,1900.246,1708472597,2bc7f25d
1521538643486181120,宗教里对梦境的解释更加合理而且能找到和现实显化的对应的特别多,1982.965,1708472740,2bc7f25d
1522429998416676096,我看过,2027.856,1708578998,1a2551f2
1522430086144580096,红叔，我是真的没有懂他的逻辑在哪里，因为确实讲了很多他的梦境，特别是二战的时候,2029.696,1708579008,1a2551f2
1522449276075153152,涂尔干的集体欢腾,1849.819,1708581296,2268529f
1522702111547525632,阿努纳奇,1914.388,1708611436,164ded48
1523066636838878720,《世界是一个巨大的人类补完计划》,1884.829,1708654891,ded02f3a
1524532962606070784,通过对比RGB发现，AB两点颜色是有明显差异的,2073.796,1708829691,22aa0f2b
1526036773640537600,人的动物性，也就是深层次潜意识占了肉体主导地位。人类受的教育是未了压制原始伤害性欲望，所以人性本恶？,1906.67,1709008959,5990b651
1526309394483435520,意识在我看来最大的作用是编码，而对我们行为做出决定的是潜意识，所以，我是意识在编码的时候形成的虚幻概念,1804.446,1709041458,f635abf2
1529108745760615680,中医精神病患烦躁的 是有身体热,2036.695,1709375167,b2446d3b
1529109335303665664,黑客的信息病毒会让硬件过载烧掉,2107.015,1709375237,b2446d3b
1530381264878675712,盗梦空间?,2050.537,1709526863,5ebf297f
1530381665493414912,"以前的日心说,地心说",2098.366,1709526911,5ebf297f
1534719463906337280,荣格就是星际宝宝,1822.664,1710044016,62081682
1539231689010641152,我们班级基本上看一眼就知道对方的情绪，而且，有时候我前桌甚至知道我在想什么,1801.193,1710581916,9798cac3
1539233523800655616,那是你要长高了,1999.187,1710582134,9798cac3
1543386100599866880,曼德拉效应,2122.645,1711077160,7b1896f7
1565315906044132608,佛学和道家比，差几个境界,1809.015,1713691397,a097799c
1573349828916924160,他有修炼,2032.259,1714649115,336113a1
1573350443558662912,太极,2102.099,1714649188,336113a1
1578361954559677440,有人尝试过AI解梦没？很有意思,2041.123,1715246607,d607362e
1590228868223436800,意识水平这词说的妙啊,2088.428,1716661253,32e70d68
1600658511925350656,我听懂了他在说什么。他说的没错,2052.81,1717904564,3080c9a7
1602239587080851712,看了东方的书 吕洞宾,1832.756,1718093042,69bea4b0
1624819953872344064,靠，颜色居然真的想通，具体看评论区,2075.46,1720784832,fe252aac
1649059446992731392,意识是不是种能量,2157.324,1723674405,5aaf2537
1657206902897253376,左右图不一样啊,2071.912,1724645657,bb2b695c
1786980775188154112,这点承认，多层意识观测的结果，总结的很好,2103.861,1740115908,5486f4a0
,,0.0,1775655591.4716349,
lb.c,,0.0,1775655591.4716349,
,,0.0,1775655591.4716349,
1510911112671956992,我们过于相信科学，认为他是真理了。这是否是一种固步自封？,2425.662,1707205840,b7253f15
1511043103258296832,免疫系统：啊对对对,2316.231,1707221574,2ab2c67e
1511044392453046528,从青城山下来的老中医让我感受到真实的炁,2355.993,1707221728,b35f19a4
1511116286984442880,不是抵抗力吗？,2322.185,1707230298,ff133554
1511235917728701440,←宗教神学等被认为与科学相对立的学科现在也被认为是人们对于无法用科学解释的现象的自我安慰,2429.827,1707244560,ad5cbc3e
1511272775527040768,好的中医实在太少 遇到是福气,2364.25,1707248953,dfbee101
1511487267166930432,针灸,2457.037,1707274523,7a0bddcc
1511488226815205888,最可怕的就是如今，已经脱离了所谓的封建迷信，可是我们脱离的真的是封建迷信吗，而且如今证明任何事情的时候一定要加一些有关科学的东西，这也是一种对科学的过度迷信吧,2424.626,1707274637,af3bc664
1511490249644360192,西医和中医还真不是有关联，这点我不认同，中医和西医文化上就是相反的，中医和西医不在一个维度上，一个年轻人发现了老者走过的路，你能硬说他们是有关联的吗，西方文化的弊端,2473.872,1707274878,af3bc664
1511491297306146304,在治疗过程之后，人开始认为自己会好起来？,2422.389,1707275003,85a4eac4
1511516174092251392,然而恰恰相反,2214.264,1707277969,aef8af5a
1511531146054523648,是的，上学的时候胃痉挛，当时生物老师，就用力掐我虎口，一点点的缓解了,2472.447,1707279754,2a157ba2
1511540666142896896,针灸：我TM来了,2449.592,1707280888,ac9066d7
1511560550700850688,是普洱的味我这,2209.157,1707283259,b98c9fb3
1511561083603974144,表象是化学的，本质是物理的。其实整体上化学是物理的宏观而已。,2394.803,1707283322,dc8b0e4a
1511562175272190720,是电脑制作的,2402.846,1707283453,b98c9fb3
1511562415010359808,电的载言的流音的体,2431.439,1707283481,b98c9fb3
1511616696140648192,有没有一种可能，人的思维就是高维生物思维在三维世界的投射,2233.578,1707289952,51f3e284
1511629591763218432,《金花的秘密》,2198.031,1707291489,50d5c8b
1511713660849069824,卧槽,2252.769,1707301511,9d05f18f
1511845184265346816,任何的任何，所有的所有，尽头都是易经。,2400.141,1707317190,2cb16c2f
1511848725457576960,每个个体意识都是高维意识的神经突触？,2239.216,1707317612,12d7ee3c
1512021031039366400,每一个字都看得懂，句意也知道但是深度不够就会产生一些别人一看就知道是错误的猜想,2435.828,1707338152,3b533936
1512219504078473472,S于新冠？,2246.511,1707361812,ad11dac3
1512243732911897088,个体影响主体，主体影响个体,2501.573,1707364701,4000cde6
1512397767090551040,中医里没有癌症这个概念并不是说不能这就能解释断肢者为什么还能感觉到到失去肢体的疼痛,2427.562,1707383063,5a4a6244
1512442956387476992,寡人二刷,2469.849,1707388450,85d43060
1512444733740298496,抵抗力，是个比较抽象的概念；你心情不好的时候，抵抗力就会差些……,2329.185,1707388662,ae0ac0c3
1512515443531734272,在圣经里有一些奇妙的描述，用身体必须人，用人必须身体。与这段类似,2500.145,1707397091,74b8ee47
1512549070609536000,针灸,2458.17,1707401100,9c484b9d
1512896328530001152,缓解没有用，不满意，要治愈。因为可能欺骗身体,2509.863,1707442496,1c12d50
1514036594607452672,不太正确，人的思维本身拥有更高维度，只是身体在目前空间最高只能是三维,2237.494,1707578426,4f1113dd
1514062225051420928,心理健康与身体健康确实关联很深,2304.737,1707581482,2e37a580
1515215889161593600,有听过得了癌症然后全世界旅游最后癌症反而痊愈的例子，也许就是脱离了致癌环境加上好的精神状态的结果,2221.041,1707719009,2562f491
1515795323803729664,这个真实体验，真的是这样,2292.632,1707788083,776bda24
1516057247812173568,经脉,2467.808,1707819307,82e8dd71
1516098734025386240,难道不是靠免疫系统吗,2217.268,1707824252,57df44d5
1516612670131155712,其实西医也有很玄的东西，比如免疫力，什么时候叫免疫力好，根本没有具体的概念,2352.269,1707885518,6697a20f
1516991386145065216,高维世界的VR游戏,2242.624,1707930665,48d70840
1517344831318743040,用人参、黄芪,2224.338,1707972799,16f2bbca
1517347802605385216,精神意识=软件信息，身体物质=下载3D打印,2410.515,1707973153,16f2bbca
1517582444402952449,卧槽，这就是天赋异禀,2209.346,1708001125,88fbb66
1518174427320574720,不是西医是现代医学,2493.541,1708071694,3c60f134
1519730201108750592,科学是方法，为何要不相信呢？,2430.059,1708257157,71375078
1520622084756373248,他修炼了,2190.139,1708363478,5b4e526d
1520623330330361344,自己！有个外国医生实验过，靠强烈的心理暗示治好了牛皮癣,2265.456,1708363626,5b4e526d
1520908359560115456,气伤则痛，形伤则肿。气比血先行六寸。,2463.567,1708397605,a0cafc8b
1520963744061128704,前面那个，火子哥直呼内行,2236.008,1708404207,80f2eb12
1520976130982018816,迷迷糊糊的是玄学 不解的神学 懂得科学,2164.245,1708405683,6c47009f
1521541107815769088,这算啥异端啊，打坐在基督教里又不是没有，很少有人修到那么深而已,2197.052,1708473034,2bc7f25d
1521544602920772096,万一西医本来继承的是黄帝外径那乐子就大了，岐伯万一就是那个希波克拉底岂不更可怕，很好奇当年恩基作为蛇族老大到底传了什么功法和理论下来,2474.618,1708473451,2bc7f25d
1523114759841384448,先生大义,2220.415,1708660628,db9cfae7
1523126538688596992,橙汁还是纯水,2313.98,1708662032,caf65355
1523127209450338816,地上对应马斯洛需求前两层，天对应后三层,2330.991,1708662112,caf65355
1525636257588286464,按摩！！！！,2448.508,1708961214,c53b682b
1528241822726842368,信念生物学,2263.622,1709271821,67438bf5
1529109935458407680,因为不到的时候没惊喜 你记不住 只有曹操到了 有惊喜 你记住了,2178.542,1709375309,b2446d3b
1529110732233364480,你意识紧张了 身体一系列物理化学反应 给你留下了太多应力,2273.522,1709375404,b2446d3b
1529112483883823616,但你的意识会干扰这种修复运动 天长日久 应力积累 你修复不了,2482.358,1709375612,b2446d3b
1534725077554193920,疗愈我们的，永远是自己的内在,2271.099,1710044686,62081682
1539356874623708928,睡的好，第二天精神抖擞心情自然就好，所以认为自己健康，重点在开心快乐,2335.221,1710596839,bfc60bba
1548194627050484736,那这个流行性病毒怎么解释呢,2357.649,1711650381,1d7ce053
1548737409313900288,针灸和点穴！,2457.962,1711715086,cc4815cd
1548993516074816768,针灸穴位？,2464.159,1711745616,6a29f185
1550050407584231168,把他理解成状态就行了，科学也是一种状态。,2376.561,1711871607,ccb411bd
1551006195068880640,我曾把气壁离体外，，还发出了影响世界的声音噗噗,2375.778,1711985546,f522bbb6
1555121621273371136,因为电的手疼,2473.939,1712476143,ea11837c
1565496225019493120,西医无法治疗检测不出原因的病症，但中医却能从不同角度解释并治愈,2218.107,1713712892,db9fdcf0
1571601289748546816,分形，局部是整体和自己的可变参数，万花筒,2504.482,1714440673,21037bc0
1573351739003034624,爽,2252.579,1714649343,336113a1
1573352303841283328,三魂七魄,2315.899,1714649410,336113a1
1573352830830809344,穴位,2374.619,1714649473,336113a1
1573353742068092672,任督二脉,2456.859,1714649581,336113a1
1578362787087190528,天魔入侵意识,2212.663,1715246706,d607362e
1579291454101486848,吸引力法则,2176.759,1715357412,ee107ec5
1580492236670840064,针灸,2507.608,1715500556,cfe44174
1582387350733290240,nonono，是玄学,2264.528,1715726471,19d5eff4
1590230282005697024,描述的很准确啊,2206.25,1716661422,32e70d68
1590232687867065344,这类人的意识程度较高,2296.406,1716661708,32e70d68
1590234558584909056,针灸的原理,2452.39,1716661931,32e70d68
1605835904344478464,足疗必须入医保,2518.927,1718521757,9969ad27
1626647873456418816,双系统是吧,2310.978,1721002737,8dd59655
1629547859357964288,在陕西上学时，跑遍各大医院一年都治不好的过敏，被一个小镇的中医14副中药治好了,2341.119,1721348442,29760c94
1650116862052451072,先天体质差,2285.144,1723800458,2562f491
1650261338385420800,阿赖耶识,2391.787,1723817681,a2dbbf2a
1682133631210146048,？？,2169.502,1727617155,46c0c30d
1682136044864119808,……这个所谓“先兆”用中医更好解释,2414.885,1727617442,46c0c30d
1784896564435635712,手术治不了疾病，只是切掉病坏的组织，最终战胜疾病还是靠自身免疫力,2269.278,1739867451,9cb0fde9
1786987271728803072,为什么那么多人总认为一切理所当然呢？你身体有问题，你第一想法是啥？,2446.361,1740116683,5486f4a0
1830415254694682880,这个就像很多人挠痒痒明明挠左手结果连带着身上一个地方也痒痒,2511.665,1745293702,16af4bf5
1862541813677282816,真相：活得百岁以上的人体内不是没有癌症，而是没有去过度处理，或者根本不知道。,2259.253,1749123486,fa202f09
1903035108337248768,嗯嗯，所以说科学一点是优于玄学的，所谓玄学，就是你没办法证明真，所谓科学是你要想办法证伪。恕我无才，看不出孰高孰低。,2433.468,1753950663,bd550466
,,0.0,1775655591.4716349,
lb.c,,0.0,1775655591.4716349,
,,0.0,1775655591.4716349,
1510952832432415488,经络,2577.363,1707210813,da322836
1510991273237134336,此处需要二舅,2787.883,1707215396,e61716b0
1511219917113070592,逐渐忘记标题,2540.273,1707242652,cd48e03d
1511241564939450880,也有观点认为量子坍缩是应为受到了外界的干扰，干扰源和意识没关系，比如一个光子,2647.722,1707245233,ad5cbc3e
1511250899723715072,质的变幻,2604.981,1707246346,99d607ef
1511251694502139648,有时候分不清是意识还是欲望或是意志,2699.741,1707246440,99d607ef
1511252858329573632,锻刀赛，奥德彪,2838.509,1707246579,99d607ef
1511489279375808768,集体潜意识是不是就是宗教里面的神,2696.952,1707274763,7a0bddcc
1511539839638453248,问题是双缝实验并不是意识干涉物质，只是对应的观测行为导致了结果不同，就像人眼观测万物只是万物把光反射进人眼而已,2598.026,1707280790,2b0a5cad
1511543098244037120,内观,2829.376,1707281178,2bd59f90
1511563184681708288,是承合,2523.182,1707283573,b98c9fb3
1511573785415964416,心理作用确实在起作用....现有科学体系认知下，确实离谱了,2616.921,1707284837,933259ff
1511574982160060416,看到这想起了我朋友总说的“有些东西的意思，只有在特定的语言下，才能不变形的完整表达出来，翻译成别的语言，就不是原本的东西了”，虽然他调侃的是网络河蟹,2683.356,1707284979,933259ff
1511633916526979840,进击的巨人-路,2675.093,1707292005,50d5c8b
1511780150743128320,催化剂是参与反应的,2548.702,1707309437,1eda1f81
1511852761502107648,这里可能指：被屠宰分割后的牛肉块的肌肉还能正常颤动,2847.467,1707318093,16cebda2
1512029021372691200,低于标准线的拉上去高于标准线的误导下去结局早已注定,2860.137,1707339105,3b533936
1512214670243791360,炼神返虚、,2769.67,1707361236,749823ac
1512214775856221440,炼虚合道,2782.265,1707361249,749823ac
1512247837205778176,或许养生主本来就是一个词，他有一个单独的意思,2728.225,1707365190,4000cde6
1512265698607546368,都对，文言文言简意赅,2710.272,1707367319,6df0c1d6
1512897040949031168,假说不能验证，就有点伪科学了,2559.982,1707442581,1c12d50
1512988025402061568,“名可名，非恒名”,2630.507,1707453427,bf7bf192
1514006800888858368,经脉,2527.311,1707574875,92e7c78e
1514008915740832768,催化剂很多种类的，有参与后还原型的，也有不参反应与只影响的,2559.507,1707575127,92e7c78e
1514065585376442880,不是推向玄学，而是曾经以为是玄学的现象有了能以科学理解的可能,2635.15,1707581882,2e37a580
1514637225634528256,庖丁·：舍不得刀,2834.589,1707650027,c4510bcb
1514643111123638016,维特斯根坦：语言的边界...,2698.257,1707650729,608c8027
1515917648968501760,玄之又玄众妙之门,2657.089,1707802665,38e0cfa7
1517587125145587968,要是长期催眠自己会怎么样,2725.298,1708001683,88fbb66
1517675852157326336,读金刚经,2672.59,1708012260,a9fcc626
1519780859342057216,感受到过，甚至知道是什么。但是害怕接触。,2665.365,1708263196,58acec7
1520469782808481536,道可道非常道,2629.481,1708345322,d762be28
1520627791895512064,我更赞同三个分开,2718.688,1708364158,5b4e526d
1521023430105978880,哈哈哈，前面的,2563.92,1708411322,b553b98a
1521547084388373504,克苏鲁了起来,2745.87,1708473746,2bc7f25d
1522708604589951232,是哪个意识在观测,2595.771,1708612210,164ded48
1523734953245245696,哈哈前面的，你是真信教科书上说的呀，参与反应本身就存在问题，能量一定会变的，也就是量,2552.856,1708734561,d8b5495b
1524372883437014528,人体有按钮，按下去就能触发某种联动,2562.916,1708810608,3e145f2f
1527738967150391040,性命双修,2796.143,1709211876,70a57111
1529115662369318912,都是要么一念正确的引起于正确的道路上让身体有序 要么就是无思像睡觉一样,2861.229,1709375991,b2446d3b
1530385645233783040,还有物理学,2572.795,1709527385,5ebf297f
1530387079006374400,练气,2743.662,1709527556,5ebf297f
1530388143193323264,"蚯蚓,壁虎断尾求生",2870.574,1709527683,5ebf297f
1532534714815294208,所有宗教的最高层都完整的说明了只是你不懂,2675.576,1709783574,a5469906
1534890321371221248,催化剂就是相信的力量,2561.12,1710064384,62081682
1547839603913129984,汉尼拔：庖丁解人？,2866.091,1711608059,2924f963
1565343465338884096,我悟了！随心所欲！想睡就睡，不行起床就不起床！工作爱谁干谁干，老子不爽，啥也不干,2865.521,1713694682,a097799c
1572567091251712256,养生=主；逍遥=游,2769.161,1714555805,372c8582
1590239059560099584,名可名，非恒名也,2630.965,1716662468,32e70d68
1590239493980714240,人的天赋差异,2665.61,1716662520,32e70d68
1590240603575560448,易经中的物极必反,2765.451,1716662652,32e70d68
1592060581706304768,啊，这个真没想到，有实证吗？,2560.711,1716879610,f9c33a0
1592061687744197376,大家好，我是新生代科玄家,2643.455,1716879742,f9c33a0
1594314014312289536,黄帝内经,2534.97,1717148240,10d4dc90
1616707099876686080,文惠君：解压短视频——庖丁解牛,2805.71,1719817704,67bcbd29
1626675886122125312,又回来了,2591.958,1721006076,5633d2a9
1631438955083855104,突然想起标题,2585.702,1721573878,21c7b3eb
1651791865642563072,有谁知道现在的背景音乐是什么吗？求求告诉我。,2643.134,1724000134,5f181478
1651794047494518272,AI识片酱,2699.113,1724000394,5f181478
1786991413704718848,分不清欲望意识的，修炼就是种方法,2714.281,1740117176,5486f4a0
1831179479373324544,早期解压小视频,2816.9,1745384804,b710be43
1831457109842711808,学音乐的人有体会，学音乐之前都是完整的听歌，学完以后现在都会无意中注意各个声部，很难完整的听了,2843.746,1745417900,dfe4b0fd
1862545145472995072,意识是其中一部分原因吧,2613.311,1749123883,fa202f09
2024269125094457856,我觉得是倒过来读,2729.341,1768402884,69b55d6
,,0.0,1775655591.4716349,
lb.c,,0.0,1775655591.4716349,
,,0.0,1775655591.4716349,
1510957622461777920,天魂,3128.676,1707211384,da322836
1511218571445973248,一个人不行的 量变才能引起质变,3198.341,1707242492,d42c8ad
1511230160643446528,阿卡西记录呗~,3238.541,1707243873,cd48e03d
1511530686627303424,NPC的集体AI啊,3237.649,1707279699,f170be36
1511568884010922240,是梦与愿望,3125.115,1707284252,b98c9fb3
1511570884618528512,是通灵的梦境,3206.23,1707284491,b98c9fb3
1511822907737834496,庄子：原来我时这么想的啊！,3134.221,1707314534,bda1f123
1512251072759342080,突然失去或者将情感带入了,3070.429,1707365576,4000cde6
1512252022500783360,灵光一闪，突然想到,3150.493,1707365689,4000cde6
1512252635288549376,其实是循序渐进，早有征兆，但大多数人无法察觉,3191.345,1707365762,4000cde6
1512253239452826112,那之前的猴子们为什么会开始蘸着海水吃呢,3230.319,1707365834,4000cde6
1512774213281604608,卧槽。混沌理论系统！！！！,3153.81,1707427939,8ed0c3de
1514016509931098624,你猜第一个发现螃蟹能吃的，到底怎么发现的？猴子又不傻,3209.326,1707576032,92e7c78e
1514073298105808384,迷因，或者说信息木马,3180.678,1707582802,2e37a580
1514583535271749888,第一只猴子受到启发后并做出的行动，是对猴子这个集体意识里编入了规则，从而改变了集体,3218.418,1707643627,c665640
1514639174123334656,自性,3026.532,1707650259,c4510bcb
1514640437590583296,更高的维度,3120.485,1707650410,81689b77
1514641035211329792,猴子阿卡西,3230.978,1707650481,c4510bcb
1514698547189152000,这里已经看不懂了。。。,2926.085,1707657337,9ffb6953
1514744780003978496,到这里就已经是我的认知极限了,2941.535,1707662849,9dd3ff7c
1514824981765295104,这BGM,2972.822,1707672409,e2780229
1515242570916536832,之前的是跟科学家学的,3233.369,1707722190,2562f491
1516890290877783552,火之意志,3111.925,1707918613,88702550
1518665084443254784,哎呦，不听了bgm太诡异,3049.544,1708130185,be292ef8
1518807268521512192,相信后人的智慧,3102.257,1708147135,f9adf723
1520316968576921600,应该是王浩，,3176.635,1708327105,3c73699e
1522419705653141504,形神俱秒，与道合真,3022.407,1708577771,be610f50
1523014509801892096,集体潜意识,3111.359,1708648677,1d21615c
1525945910948258816,传火,3093.569,1708998127,d2dd72c0
1526325358331251200,这里的理解就是形是个容器，而神就是被这个容器盛着的,2938.91,1709043361,f635abf2
1527744800521370112,薪火相传,3096.725,1709212572,70a57111
1527758035026471424,神能入石，神能飞形,2920.882,1709214149,62568114
1528889413248482048,传火黑魂,3116.323,1709349020,6f32af52
1530108341492489472,好困啊,3034.209,1709494328,5804464b
1534893210164506624,超体,2897.908,1710064729,62081682
1537580659072350720,想听妖怪篇,3181.802,1710385097,91e0a9c8
1544285120998244864,蝴蝶效应,3176.236,1711184332,384ddeeb
1544357386121272832,不会是共同意识吧,3095.67,1711192946,5783e517
1575480378784163840,信上帝,3134.598,1714903096,a388be22
1579708203527511552,问法官啊,3179.339,1715407092,36b4895d
1579948250130296320,精神,3090.485,1715435708,9b4ce596
1581621475461416704,这种背景音是什么，太喜欢了,3108.623,1715635172,de41b98e
1592064944445303808,你这CPU架构该优化了,2936.602,1716880130,f9c33a0
1592066053209484544,你也许不能创造自己，但至少可以改造自己，能不能创造也不一定,2998.077,1716880263,f9c33a0
1592067141253920768,我在乎的这一个失去了，我还不能难过？,3084.918,1716880392,f9c33a0
1596308833918038528,我还是会扶的,3164.151,1717386041,50e7d22
1606223054693128192,胖猫,3160.501,1718567909,daf8c946
1623418737971474432,昆山龙哥,3189.659,1720617794,db4ca287
1631442855685806336,大圣灵,3123.419,1721574343,21c7b3eb
1786995063336434432,如果潜意识是真的，那么人类身体的共生微观生物的集体潜意识是不是就是人类意识的温床？,3025.581,1740117611,5486f4a0
1806748969587135744,陀，你不是一个合格的科学家，但是，你是一个好心理医生！！！！,3076.512,1742472461,e9102dea
1916164431202230528,进击的巨人。,3222.153,1755515800,a8280c73
,,0.0,1775655591.4716349,
lb.c,,0.0,1775655591.4716349,
,,0.0,1775655591.4716349,
1510971530572945408,病毒也是,3260.161,1707213042,68adfe97
1510983347998903808,所以为什么说公众人物说话和行为是有影响力的。。,3271.184,1707214451,5344860d
1511047425832659456,虚空终端,3240.373,1707222090,8327211f
1511152281444385536,这个进度条够带劲,3267.0,1707234589,c82172ab
1511578410852420352,吃过,3323.709,1707285388,b98c9fb3
1511680385774603008,呜呜呜呜呜,3381.092,1707297544,350b71bd
1511864251613163520,好赞！！！已三连！！,3375.957,1707319463,a151a368
1511912731333112064,尼古拉特斯拉,3242.059,1707325242,e77b4efc
1512209128251316224,国之大事，唯戎唯祭,3343.927,1707360575,3d3ac38c
1512361484406102784,我说：看过这个视频的人都很快财富自由,3374.202,1707378738,c811e88f
1512905877231943168,如果可以，我请求我父亲的病症可以通过中医治好，不需要手术化疗,3385.38,1707443634,96c0ea62
1514017550168926720,这个叫榜样~,3263.867,1707576156,92e7c78e
1514052802664623104,巨人里也是这麽说的,3250.246,1707580358,8b405922
1514074494271267840,榜样,3250.657,1707582944,2e37a580
1514426217699705088,"随众生心,应所知量,循业发现",3338.047,1707624873,552666d8
1514467136347857152,传播学,3252.723,1707629751,fdae21aa
1514585089571321600,本质如up所讲，表观来看，是个体与其他体的互相影响,3257.288,1707643812,c665640
1514586357778151424,意识能向上编辑规则，从而让其他个体受到影响。,3375.288,1707643963,c665640
1515244400329096192,终于回到标题,3352.533,1707722408,2562f491
1515245365908168192,会，我赞美一个人，对方就会开心,3371.569,1707722523,2562f491
1515327875191339520,每个生物，即使不是生物也都有自己的编码程序，找到合适的接口，输入各种形式的命令就会产生各种光怪陆离的结果。。。,3381.143,1707732359,1ffbc1b5
1515820269367795712,言出法随,3371.896,1707791057,776bda24
1516768920881824512,我很有钱我会很有钱,3387.47,1707904145,70fd3c54
1516954469592933632,但是呢，很可惜，天地不仁以万物为刍狗，物质宇宙也不会因人的想法而转动,3336.001,1707926264,8384b083
1517633712840660224,真的已经三连了，你已经言出法随了,3390.09,1708007236,1733fcea
1518174832104131072,闭口禅开口定乾坤,3371.615,1708071743,8efd754e
1522714113464572160,阿卡西记录,3252.427,1708612867,164ded48
1522755371783948800,相信相信的力量,3370.14,1708617786,e361d6e7
1523774884663086848,不是八级大狂风吗？,3328.519,1708739321,66fc55c1
1525948176568456704,其实我也觉得我能影响天气,3349.825,1708998398,d2dd72c0
1526329365493732096,拉马努金,3246.818,1709043839,f635abf2
1527761067525454080,君子之德风，小人之德草,3264.903,1709214511,62568114
1528252348273969408,←前面发这个弹幕的，回旋镖在等着你,3334.468,1709273076,67438bf5
1528302863489519616,董仲舒的天人感应。。。,3335.263,1709279098,eb692ff6
1529666599341484032,岛上没有番薯，科学家带的,3240.346,1709441668,3c7337bc
1529668256988820992,首先得找到输入代码的入口,3366.077,1709441866,3c7337bc
1531277046981185792,原神，拯救世界,3377.201,1709633648,7039cd78
1532749734215975936,能影响天气？那不是萧敬腾吗？,3335.762,1709809206,a48a250c
1548578720279697920,关键小人物,3375.09,1711696169,c2ebb559
1561767342860648960,上传到云平台了，全人类的意识都在训练同一个AI模型,3240.735,1713268375,43544b2e
1579709736914476800,人定胜天,3362.094,1715407275,36b4895d
1592069102250627584,反正预知梦我确实做过,3243.288,1716880626,f9c33a0
1592069806364986880,罪己诏？,3318.523,1716880710,f9c33a0
1592070266757056768,所以萧雨神是怎么影响天气的？,3344.159,1716880765,f9c33a0
1606399670735766016,同样适用于所有宗教、政治,3277.292,1718588963,726a651a
1608730598024060416,终于绕回来了，哈哈づ♡ど,3350.983,1718866831,92bbae6d
1837860283956193536,刚开始说什么来着？咒语,3369.517,1746181218,eb39c167
1862551286277790976,媒体,3273.964,1749124615,fa202f09
1916166274984708352,等等，这不是董仲舒的天人感应吗？,3313.709,1755516020,a8280c73
1916166598281445376,这不是天人感应吗？,3285.004,1755516058,a8280c73
,,0.0,1775655591.4716349,
lb.c,,0.0,1775655591.4716349,
,,0.0,1775655591.4716349,
1510893569358271232,第一第一,1.699,1707203748,cde4d87e
1510899902287393024,因为翻译的过程信息会有误差,326.337,1707204503,18041a7d
1510909908177375488,大吹法螺，大敲法鼓,139.426,1707205696,6701cdaf
1510910844496804096,咒语：钵钵鸡 钵啊钵钵鸡 一元一串的钵钵鸡,264.042,1707205808,a2d527c6
1510919025335687680,角度新奇，有想法，尚,30.832,1707206783,68222e04
1510930884453687552,终于更新了,16.979,1707208197,520a78cf
1510950755354440448,临兵斗者皆烈阵在前,56.422,1707210566,7ab67633
1510958798544962048,传播的都是怎么分红，知识垄断和解释权垄断是宗教发展的重要手段,322.894,1707211524,68222e04
1511034478041378304,如果宗教失去神秘性，被彻底解构，那会彻底沦为娱乐产品，甚至被遗忘,316.877,1707220546,9f3bfdff
1511181262969388544,好家伙，这时长老夫相当满意,4.106,1707238044,cd48e03d
1511182539002482176,阿达瓦卡达哇,80.78,1707238196,c5b1b916
1511222906066129664,更新了,2.219,1707243008,2d45ce45
1511226942186302720,八利三藏,254.169,1707243490,925a8e
1511242451145711872,是临兵斗者皆阵组前行,60.751,1707245338,56542bc
1511243862948012288,呃稍微做个思想实验就知道了吧，两人用同一个咒语博弈，宇宙会让谁的生效？,48.369,1707245507,61765872
1511247346108166144,保持神秘性,324.439,1707245922,9ba24f69
1511269600958901504,起源于远古的傩戏吧，只是语言到后面音调之类的变了,229.695,1707248575,9a4d5722
1511286993429352448,傩戏？,195.086,1707250648,40e8b606
1511371366191285504,一本老书，魔界英雄传,56.191,1707260706,d7472b31
1511371955406711296,宗教、民俗需要权威啊，和普通人分开,332.559,1707260777,a03619e9
1511443430792994816,读作频率,50.419,1707269297,f170be36
1511449130046897920,ai是语音是ai服务人。所以按这个逻辑理解 咒语就是人服务神，而不是神服务人。,39.02,1707269976,c9088b35
1511456406702981888,欢乐豆效应,18.499,1707270844,9a409ed0
1511458951899097600,唵蓝净法界，乾元亨利贞,57.505,1707271147,935d4258
1511460489002457856,嘛哩嘛哩哄,115.187,1707271331,f79d57f0
1511461124523224064,巴啦啦小魔仙沙拉沙罗全身变~,122.181,1707271406,f79d57f0
1511464619930060288,大威天龙，般若妈妈哄！,123.144,1707271823,2694a6a3
1511484128527372544,盂兰神功,201.216,1707274149,b5a2bfa6
1511493372387584768,酆都,186.259,1707275251,aef8af5a
1511501312163094528,六字大明咒,65.699,1707276197,3c847720
1511518557304159744,但是指定语言可以掌握解释权，你传播了但是不听我的，那有什么用,321.567,1707278253,5eea56d8
1511520194298916352,惠州人冒头,133.131,1707278448,f388d0d7
1511530496667056128,奇术师,38.359,1707279676,9f798b2
1511539736383475456,背景音乐很好听,238.293,1707280778,e98af137
1511542792294497792,电的载，言的流音的体！！！~,92.155,1707281142,b98c9fb3
1511568683934632192,太平歌词,176.762,1707284228,dccf1241
1511634527880466688,嗯，用山东话来读论语对吧？！,303.511,1707292078,d9096a03
1511682304282562304,细思极恐,65.85,1707297773,e7a6fc0
1511691840704061440,这根本不是悖论，宗教信仰可以共享，但宗教解释权不能，用这些与众生不同的语言是刻意为之,314.645,1707298910,10fe7ea0
1511767484339176448,你要弄清楚什么是咒 在从你的语来研究,107.255,1707307927,c04d39b0
1511770286520144384,但咒语往往需要支付代价,42.49,1707308261,3e66d107
1511813234556941056,普罗米修斯！！！,263.753,1707313381,a151a368
1511845043487872768,我们称为：指令【狗头】,102.28,1707317173,8872ac8b
1511858711323561472,一切都会好起来的,9.076,1707318802,f57b51b5
1511865453088102912,其实就是呼出控制台输入权限内的命令而已,68.929,1707319606,de100637
1511902250002346752,日落西山呐～～～～～ 日落西山黑了天,180.056,1707323993,fe023968
1511930684984525312,殄文,153.507,1707327382,4024beb
1511982163430892032,涟漪到一定程度要么忽视要么被摧毁,76.168,1707333519,3b533936
1512199663267418368,异世界舅舅？,279.895,1707359447,668f1692
1512239974622197504,说不定咒语就是神鬼的语言,29.139,1707364253,cfd7ca0d
1512317236235702272,老法师啦。,154.589,1707373463,ac63fe8e
1512342985545859840,往生咒的话历史不会超过两千年,99.669,1707376532,ec1e650d
1512350557044727040,就连网庙上吹的不靠神仙的道教也是不受箓不拜师无法入道,325.259,1707377435,ec1e650d
1512385944664624896,真语音系统？,300.179,1707381653,85182cf1
1512396870666703616,是的，在河南搭台唱戏，只要开始了，哪怕没人看了，也要唱结束，因为还有鬼神要看,200.4,1707382956,e490b69f
1512401437198811648,前排提醒，这视频不是讲神秘学和民俗，也不是讲符号学人类学的，纯纯的地摊文未解之谜系列,0.0,1707383500,ec1e650d
1512411536671438080,配的视频太烂，为什么不用倩女幽魂里的夺命梵音？？！,65.249,1707384704,df179fd2
1512412001694205696,古代佛经没有文字，都是口口相传。分组背诵互为备份，防止荒腔走板。,130.443,1707384760,218bc651
1512413195863024640,戏曲规矩：一旦开唱就必须唱完，就算没有人听，也会有鬼神在听。,187.237,1707384902,218bc651
1512470663531772416,商博良也不能翻译吗？,254.691,1707391753,2192b47c
1512575622239711744,汽车人变形出发!,34.061,1707404265,1c876ed5
1512675556465262080,爷爷，你关注的up主更新了,0.053,1707416178,e6b1cced
1512800259246878720,雅语？,188.839,1707431044,22a12544
1512835991520727552,加油加油加油,49.519,1707435303,e2e36116
1512878834314398720,急急如律令,116.139,1707440411,ac66a05
1513407398424177664,咒语是古代文明在集体潜意识上构造的系统操作语言 辅助你用神识力共振现实,50.326,1707503420,bb2b695c
1513519125832521216,我知道了，来念，大威天龙,271.527,1707516739,8471b486
1513825907696042240,世界的本质就是震动,35.041,1707553310,97783db7
1513854484185655040,吃葡萄不吐葡萄皮,140.116,1707556717,d2d434c9
1513867228041500928,咒语很管用的，楞严咒大悲咒超管用，,79.791,1707558236,92141b11
1513869470635296768,楞严咒很厉害,124.271,1707558504,92141b11
1513869954716362240,太极腔,181.873,1707558561,92141b11
1513870167694691072,符合太极转动的腔调,207.251,1707558587,92141b11
1513875250914631936,哈嘛噼,256.295,1707559193,697c73c5
1514040566067789056,失传的语言,231.848,1707578900,2e37a580
1514042597747022336,传播的不是教义，而是以神秘把控对神言宗教的释义权，进而掌控教徒思想,318.305,1707579142,2e37a580
1514082080827877632,有句话叫做末法时代，咒语可能就是可以震动那些魔法元素的发音。越大的法术就是需要越多的魔法元素加入,159.257,1707583849,1d9e85c9
1514199858108791040,背景这个场景和美女好美好精致,97.689,1707597889,543b1b52
1514355957059465728,言灵,83.299,1707616497,b1181568
1514357118193747456,包饺砸！,221.677,1707616636,b1181568
1515017413597801984,玛卡巴卡,5.733,1707695349,65bbde51
1515075022790625536,港片能作为参考？？？,193.326,1707702217,19d790a7
1515323257966851840,龙族,33.379,1707731809,2a0baa1e
1515352156562250752,天猫精灵。开空调,86.414,1707735254,651def2b
1515858433734178048,不是讲究天人感应吗？我认为因该注重感应。,283.302,1707795606,38b7cd34
1515967506836537344,代码也是咒文←_←,144.937,1707808609,a1427164
1516076378326696448,纳米机器人就是魔法元素,168.409,1707821587,78fb5fc8
1516259650881020928,我认为一定不会是种真正的语言，或者说一定没有规律,11.119,1707843435,c9cb581b
1516599242444146176,这些咒语可能是调整自己能量的一种技巧，但是前提是对自身能量有认知，现在已失传了,121.64,1707883918,be0efab2
1517403587184422144,我知道，同伴加压耗时3防夜袭，是神秘交谈,276.082,1707979803,e63ec77b
1517533032255605248,恐怖的时长,9.17,1707995234,d8d03db0
1518137113181289216,陀螺么,9.807,1708067246,7fb60ea5
1518947474113374464,不算什么新想法，我小学时就在很多科普科幻书籍中见过了,34.415,1708163849,8d99378e
1518975570909053440,这些是谜因或者说是模因,88.047,1708167198,8d99378e
1518988018554381824,索绪尔《普通语言学教程》,207.331,1708168682,8d99378e
1518990509333373696,有没有可能神不需要语言,334.629,1708168979,8d99378e
1519019224050573312,手机便是魔杖,65.464,1708172402,eb2d8318
1519077329471963392,斯人已逝,155.313,1708179329,5ae573e0
1519119575835716352,终于有人说这个了！,14.259,1708184365,852f32d4
1519176036183758848,咒语 密码？,158.411,1708191095,f8fa38dc
1519415599787310080,摩西摩西,333.508,1708219654,a5fd0f2a
1519616248227790080,外星语吗,248.364,1708243573,c67dfee9
1519674270610095104,6++++++,227.168,1708250490,3ed244f1
1519776711493963008,梵文,128.253,1708262702,cac1ea43
1520599627219771648,"Hey, Siri就是一句咒语",52.979,1708360801,62dea387
1520960370053912832,把这个换成语音识别就对味了 哈哈,285.435,1708403805,6c47009f
1521046991315212032,一人之下--巫妖  神格面具,189.927,1708414131,484718e1
1521313780892562432,计算机语言和程序验证,344.643,1708445935,73ad9a4c
1521828578877088256,什么亚空间,274.869,1708507303,3f564a18
1522141123278263296,讲好一个故事,84.475,1708544561,749148d6
1522245180462621696,有没可能是为了所谓神秘感，你不懂就觉得神奇而已，有可能经文只是说你吃了没之类的话,349.408,1708556966,c4f0a743
1522338742013231104,言出法随！,72.482,1708568119,d4df00e7
1522739676061328128,言出法随,96.474,1708615914,9242b9d5
1523493689731924992,南无阿弥陀佛,132.559,1708705800,ed3aa3fa
1523727651624210944,说不定就是外星人教了一半,313.746,1708733690,9accefd7
1524238675792495360,古语或者外语加上误读？,120.786,1708794609,eb9bb181
1524350810652467456,纳米机械可以实现的,73.747,1708807977,3e145f2f
1524871559263616000,这其实和人类的傲慢有关,322.405,1708870055,334b68cd
1524951088132848640,宇宙系统的cmd指令,36.891,1708879535,4506ee92
1525478414050475264,大家不要误会这里，只是为了解释咒语，是一种娱乐的方向。研究的并不是宗教的政治性,325.499,1708942397,b958d312
1525514254814519040,唱诗人,282.422,1708946670,b6955852
1525986563543289088,失落的史前科技？！,42.619,1709002974,ea787008
1525990164084938496,有没有一种可能翻译后会失真？知其意，却不能知其境,315.411,1709003403,ea787008
1526707221625564160,已经关闭了，神远古的时候为了调试留的GM接口而已,51.784,1709088883,ac9c7a53
1527043400309016064,真名,289.935,1709128958,f2719655
1527406274621540096,遇事不决，外星语言,254.434,1709172216,b5f326f3
1527518713752931072,阿瓦达啃大瓜！！！！,75.721,1709185620,acc807f1
1529578567409916928,惊！晴雅集？！,29.392,1709431174,43bd4e89
1529581902888364032,一种保持自我文化的方式而已,313.873,1709431571,662e91a1
1530203757764441344,神秘主义,333.339,1709505702,961f4073
1531427263931784704,菠萝菠萝蜜~~~,139.178,1709651556,d798ad0c
1531911304212702464,？？巴利三藏是原始佛教语言，记录不应该是原始佛经么？怎么会翻译不出来,245.83,1709709258,1b499427
1532035581700394752,梵文,233.951,1709724073,180c64e8
1533269809557922048,我们所有的念想都是咒语,70.357,1709871204,62081682
1542529958940243200,是的，有的看似是梗，其实有些力量在的,90.778,1710975100,32e70d68
1543111050709208832,桐人：system call,56.917,1711044372,1fa48e31
1544947092043549440,想起句话，科学的尽头是玄学,207.987,1711263245,3e3a2c80
1547095614930966784,其他语种的经文怎么呢,303.683,1711519369,e6a80cdd
1547958184134834176,这里还有个悖论，当一个种族发展了一个宗教。那么肯定是这个种族的宝贝,330.11,1711622195,e32b7191
1548159716230860800,这不是维护正统核心地位的需要吗？,316.706,1711646219,41484aff
1548278444176366080,怎么证明或者证伪,44.389,1711660373,aa9228fe
1548340582077118976,表音文字,253.179,1711667780,26c06ef
1548341319083226368,为了最终解释权,332.879,1711667868,26c06ef
1548698437929915648,拉莱耶语,233.375,1711710440,cc4815cd
1549523100742364416,伊卜拉沙~,235.001,1711808747,145aa409
1555920021157790720,我也会：“小爱同学，帮我开灯”,47.483,1712571320,a7828a4c
1578907644843075328,就是高维能量语，链接你和你的原神,77.328,1715311658,89a93e3c
1579045791392150016,是高哥特语和低哥特语的意思吗？,256.159,1715328126,efbe4fb1
1579600572553052928,一陀翔,19.0,1715394262,c2ffcf2b
1593186662605772544,想让咒语变成真，你必须从相反视角观测咒语的实施～,6.368,1717013850,d9f65bf6
1595352854670238464,古神语,279.125,1717272080,548c6421
1613232999364002560,以前人少,319.025,1719403559,e64c5464
1625946687002524416,宇宙的代码,40.819,1720919149,3d151d8e
1639155093452823296,小孩子灵性高,163.464,1722493714,3b877167
1657286574037113856,科仪 密咒,211.368,1724655155,257a1ebb
1671812029079470592,宇宙编程语言,348.506,1726386724,67547af9
1685437688540383232,还有宇宙语,256.42,1728011029,f2f5aee3
1693835141027384576,巫在古代是指可以沟通天地的人,173.132,1729012083,76537ad9
1710183110169744896,没错，只要戏台子搭起来，没人也要唱，因为有鬼神也再看,183.934,1730960913,9820c3cc
,,0.0,1775655591.4716349,
lb.c,,0.0,1775655591.4716349,
,,0.0,1775655591.4716349,
1510900560373553408,撞到真空容器壁之后能量引起了容器壁的形变和内能增加，也就是做了功,659.79,1707204582,b9f37c81
1510900651868260864,现象难道不是人规定出来的吗？,458.885,1707204593,b7253f15
1511025437420547840,这里bgm有人知道吗,518.722,1707219468,9039f3b4
1511030251256490240,这个有解释,449.298,1707220042,1555eca4
1511042247267934720,达摩是真实的历史人物啊，有记载的,360.85,1707221472,3d58d951
1511091314459339776,光音天,449.444,1707227322,4404adee
1511091935325041920,光音天,447.529,1707227396,4404adee
1511092919216725760,阿凡达团建,389.076,1707227513,165e8d50
1511105664078934784,真空中应该是没有物质媒介来共振,579.255,1707229032,ff133554
1511151090589253376,那么问题来了，神无所不能，为啥不啥语言都懂,402.783,1707234447,4653de3d
1511177058464783872,这个逻辑有问题，就算耶稣真的复活了，那后世的人都没见过又凭什么相信，那没见过的后人可以相信，没见过的前人就也可以相信,385.196,1707237543,a002bc65
1511180170973705728,阵法？,686.459,1707237914,6d8b995d
1511196360635076352,吊在板上的原因,581.869,1707239844,8e8a9411
1511282684226246912,相信神存在≠神真的存在。,394.928,1707250135,be6a4a57
1511337549380404736,相信相信的力量,406.35,1707256675,d23c6e91
1511344816028825856,这个应该是心理学。,421.01,1707257541,86ff93e9
1511444496154427392,啊，竟然有文献？,539.327,1707269424,57b0d9a5
1511492257423854848,是催眠学，不是心理学，在很多时候是超心理学的概念,516.282,1707275118,2a863fc8
1511508387635012608,现象不是人规定的，是人发现归纳总结的，无法复现没找到规律的就是神秘,468.904,1707277041,3e818a27
1511522047493633792,"祝由术算不算,听说确实有一定效果",428.512,1707278669,f0e5ceae
1511531083693425920,共振就是功放,624.337,1707279746,3291c759
1511536718556469248,可以理解为神灵C语言,509.384,1707280418,25a3a2fb
1511545975553024768,遇事不决，量子力学,497.303,1707281521,18d3d9b6
1511604753430393344,好像臭名昭著的水知道答案也提过类似的理论吧,656.368,1707288528,c0dcfb2c
1511628251397654528,耶稣也是真实的历史人物啊,364.559,1707291329,be83c184
1511695680824204032,曼陀罗,630.593,1707299368,2b4097c
1511698937155826944,声音不是消耗了能量才出现的？,477.243,1707299756,e274e0d6
1511868531464402176,灵能科技会引发亚空间天灾,434.039,1707319973,de100637
1511906428947239424,这种事是完全有可能的 但是距离神学 十亿八千万光年,522.151,1707324491,fe023968
1511907011250652928,真空不空 朋友,583.404,1707324560,fe023968
1511986773247507200,别迷信了，就算法翻译成同样的语言也是近似意和本意肯定有区别的，声音也分很多种，人与人听到也会有差别，这方面确实大家都不懂就看谁在那装，相信科学，拒绝迷信,411.888,1707334069,3b533936
1511992122906106624,只要别傲慢就很难迷信,487.448,1707334706,3b533936
1512399397458329600,逸散成熵了,482.04,1707383257,e490b69f
1512416070420826624,全国无论南北，都有一种去除喉咙鱼刺的祝由术。无法用现代理论解释，但真管用。,424.813,1707385245,218bc651
1512417522790590464,压点效应会产生电磁波，另一块同规格压电材料能够接收同频电磁辐射。,532.909,1707385418,218bc651
1512553623576776704,这太扯了,499.588,1707401642,3ff15c6
1512961307039537152,听音识曲,557.452,1707450242,3b054801
1513120392393488640,曼陀罗 荷鲁斯,627.43,1707469206,cb704783
1513607207155996928,祝由术,431.192,1707527239,4c09d4ff
1513712709210978816,千里传音,544.654,1707539816,51e24fc0
1514046186527756800,金花,637.486,1707579570,2e37a580
1514414867174400768,扯什么？的布罗伊物质波也是这个差不多的情景,506.264,1707623520,2610031c
1514810229593054464,有时候挺好使的,424.53,1707670651,7abc00a5
1515079558796536832,是语言就能承载,442.446,1707702757,19d790a7
1515889347617151232,言出法随,688.232,1707799292,38e0cfa7
1516074366621033728,有体验，比如快睡着半梦半醒间有时就会听到别人的说话声,510.885,1707821348,87b7cc89
1516142762431414528,巫医:我用的巫药是地塞米松,371.827,1707829501,7885fa40
1517231888501551872,能量在引起介质震动时就损耗了,667.08,1707959335,b02b4760
1519097112141709824,脉轮,632.163,1708181687,b79fb829
1519149031283219968,六字大明咒的“唵”字声波成像出来的就是一个坛城的模样,702.861,1708187876,b4116d28
1520413688194932736,只看结果，不看过程,434.976,1708338635,18f90f29
1521193655723901440,打电话不也是这样吗,543.23,1708431614,1afc700e
1521515294374641152,很多佛世界是以音声形式存在的就是这个意思，佛说法的音声响彻三千大千世界乃至无量无边世界却互不干扰，个人推测原理也是如此甚至更高端,646.222,1708469957,2bc7f25d
1521869830855307520,九龙化骨水,428.984,1708512221,5e5b832e
1522614177301480704,我都不知道我是從哪裡開始聽不懂的,680.949,1708600954,e5b3855e
1523056658296037376,虚拟世界么？,434.293,1708653702,11aee060
1523111823023342080,这也是因为有电场啊,525.467,1708660278,caf65355
1523399379279849984,真空量子涨落产生虚粒子，这些虚粒子可以震动传递声音,509.3,1708694557,e0aa4922
1523733545385058304,就像音乐会影响人的情绪或行为,589.669,1708734393,c0cf273f
1523896536491566336,神说要有钱，于是真的有了钱,407.087,1708753823,a623f050
1523921070451773184,直接操作底层代码的意思？,460.701,1708756748,bc3c5dc4
1524083323922976512,听不懂，但是爱听,547.719,1708776090,3238262a
1524151221777249792,我想到了催眠！,451.94,1708784184,31a50c5b
1524872064241377536,找个海妖，她们有语言插件,395.524,1708870115,4df1c005
1525795062360167424,如果是相同结构的设备，很有可能只是因为固有频率相同,579.875,1708980145,38db071e
1525895530184793856,魔术？,376.219,1708992122,2846fd25
1526905709101803520,源代码,625.148,1709112544,53713d10
1527805746459515904,可以用同一条鱼用火烧软 放水中喝下去就可以了 没试过 可以试试,428.36,1709219837,c3660b3b
1528746137987852032,抵抗重力我笑死,447.8,1709331941,b18ca3c3
1529391240104563712,真空没有空气啊，能量没法传递呗。,474.731,1709408843,acab398a
1529393029109376512,图案与物质形成未必有关联，结,685.81,1709409056,acab398a
1530561309647992576,原神，启动,440.699,1709548326,7039cd78
1530563428618802176,原神，拯救世界,685.059,1709548578,7039cd78
1535763481922828288,你好。地球人,502.126,1710168473,369f2308
1538300396295406080,当你相信神存在的时候，你无法分辨神不存在,400.555,1710470897,380fb161
1543391465777099264,太阳：那我走？,403.631,1711077800,e185455b
1543744512340334080,雷达？,682.265,1711119886,3ab4cc58
1545168316992144640,别着急反驳～人家都有资料的，又不是信口胡说。先看看中不？,522.289,1711289617,2a2f81cb
1547835726564081664,大型演唱会,392.023,1711607597,ef69e866
1548724242135296000,这不是共振，这是系统的耦合运动，不要望文生义,587.954,1711713516,5e86f2be
1550077398274505728,披着科幻外衣的外星非洲,415.033,1711874825,594a703a
1551541533415911424,画符？,697.612,1712049363,f686d65e
1551666175614980608,电子设备的声音和人体的一样吗,654.95,1712064222,af883166
1559681438692134144,频率,462.398,1713019716,1d73ca06
1565534952362303744,分形几何,688.766,1713717509,5db64ff1
1578153244038174464,非局域耦合机械振子的同步及奇异态,589.095,1715221727,4350c6ed
1582038471336594176,史前超级治愈机器人，通过语音交流借用,417.043,1715684882,97213204
1587104621032583424,突然串戏到了浮世叁千问233,549.603,1716288814,482d75e4
1589353646557061120,看到这个我立马想到了麦田圈的图案,681.825,1716556919,5931d69a
1605616503556794112,==没人说达摩是神吧？佛教从来说佛是开悟的人而已,401.019,1718495602,926fe657
1616096372220716544,那就是每个读音都与某种波共振，或组织成固定的波形组合，这样的波形组合就产生某种能量，达到一定强度就能影响能量场,475.339,1719744900,13b5d3c3
1616896630853157376,转化成内能了啊,473.553,1719840298,22286d56
1622573075915028992,逗猫棒,585.05,1720516983,72808daf
1623704623200179200,真空不真，即使太空，也是相对真空，不是绝对,499.219,1720651874,4c99fc82
1639981537342845184,总裁那里看过这段,603.241,1722592233,95e48e44
1655747505583124480,麦田怪圈,690.774,1724471683,b7d61015
1657054149197909760,所以皇帝学天人的音乐就是为了拯救当年的人,705.618,1724627447,bb2b695c
1684301329097158656,节拍器,580.965,1727875564,fea2e132
1707933810337497600,神“说”：要有“光”,450.231,1730692776,c87e78db
1786962726779324416,首先发出声音的东西你必须得给它一个定位，或是锚点，一切从它出发才有对错，或许这就是人类限制？,712.141,1740113757,5486f4a0
,,0.0,1775655591.4716349,
lb.c,,0.0,1775655591.4716349,
,,0.0,1775655591.4716349,
1510908556394966784,芭芭拉：治疗就交给我吧,914.772,1707205535,66b8a922
1510931899072224768,就算时空不连续，我们感受到的也是连续的。,1022.773,1707208318,de0d96f7
1510932180552081408,比如：眨眼补帧。视频一顿一顿的，可是在我们看来，就是连续的。,1024.733,1707208351,de0d96f7
1510932571318612736,卡顿，对于连续来说，通过对比，才有卡顿。,1026.053,1707208398,de0d96f7
1510939667150138880,细说深入,977.537,1707209244,6840d8d4
1511037968390157824,图穷匕见,773.855,1707220962,f2194801
1511107728758915584,这是波纹攻击,919.726,1707229278,ff133554
1511108334592237824,开始看不懂了,1019.318,1707229350,ff133554
1511115165905922560,我喜欢,775.271,1707230165,21836113
1511154999126838016,那如果光可以被力吸引或者退离呢。。。,810.518,1707234913,4653de3d
1511215457519212800,这个招数电影里的神婆经常用,949.238,1707242121,833e8924
1511244701272300544,法术：言出法随,847.578,1707245607,ddd5415e
1511440245227354368,时间是否存在都是个问题，讨论这个,865.197,1707268917,cb122b68
1511450399830701568,魔术大师,951.539,1707270128,c35938f7
1511467769114449152,万事不决，量子力学,1006.523,1707272198,5d76bd6e
1511492002686982912,其实是魔术而已,992.258,1707275087,1253f646
1511543661714979840,如果魔术能救一个濒死的人就好了,1003.873,1707281246,f0e5ceae
1511544817807974400,我还以为我屏幕上有蚂蚁！！！,960.27,1707281383,275bd317
1511551857225513984,？,956.623,1707282223,18d3d9b6
1511686273318952960,遇事不决 量子力学,999.821,1707298246,afd6932a
1511694476094334976,图穷匕见+1,789.081,1707299224,e7d94bb0
1511739552522725888,这不会是芭芭拉的原型吧,919.964,1707304598,68b8b69b
1511765376005291776,所以关键是理解共振的本质吗，共振为什么存在,720.256,1707307676,d3926e93
1511837427696720384,我的老师跟我们讲过很多这种，老老师懂的很多，都给我们讲，现在可能没老师知道了,969.57,1707316265,928db7c7
1511839115250015744,不是魔术，我那个老老师说，超自然跟化学物理学有关，不是假的，只是我们现在不懂,996.13,1707316466,928db7c7
1511872289778621440,"光不会被引力吸引,而是沿着空间最短的路径传播而已.所以黑洞是扰动空间而非拉扯光子",823.721,1707320421,de100637
1511937045143108608,因为观测了,1052.265,1707328140,54505dd5
1512001545351270912,众所周知宏观效应会有一个概率趋势这不就连起来了？不想卡bug也不是不可以,1026.596,1707335830,3b533936
1512232402234451712,有没有可能芭芭拉学过医学，打着巫医的旗号在实施专业手术？,996.828,1707363350,668f1692
1512476769406749184,噗，再见,981.123,1707392481,2192b47c
1512608267246103808,就象我们看动画片那样，动画片也不是连续的，只是我们觉得是连续的。,1031.334,1707408156,aaba05d6
1514049108397391616,这类魔术手法被揭秘过,954.314,1707579918,2e37a580
1514763847821686528,科学的尽头是神学,1067.514,1707665122,ec0293b2
1515115708605221120,不，相对论证明时空是变量,782.777,1707707067,9ba94f75
1515382011794174720,路西法,799.388,1707738813,8b55cc44
1516202209334213888,遇事不决量子力学,989.899,1707836588,8e9d9c30
1516399092161618688,有没有一种可能，一切只是场物质流动产生的变化,857.976,1707860058,e4ab6b8a
1516472943654308608,直到魔法揭秘开始播放,997.288,1707868862,dc228f33
1516934833941766144,主要就是，声音的能量太少了，除非是有放大器，或者类似引动雪崩一样的引子,846.614,1707923923,8384b083
1516941263289824512,说其他我还不一定熟，这个芭芭拉帕奇塔不久前我还看过揭秘,875.114,1707924690,8384b083
1519459610443232512,芭芭拉 冲鸭,875.621,1708224900,bdcd674a
1519521141822387200,法器？,863.309,1708232235,85109700
1519734356447349760,我记得有书说 唵 代表世间万物,745.784,1708257652,6e104b80
1520925161463963648,造神嘛，哪都一样,977.215,1708399607,39380461
1521520242915206656,黄帝外经到底什么内容啊,953.712,1708470547,2bc7f25d
1522305516666245888,芭芭拉冲呀！,901.502,1708564159,cfd4b043
1522600013229157888,你这个芭芭拉回复效果有点强,901.821,1708599265,afb33c7e
1523116779063697664,这就是芭芭拉原型吗,894.658,1708660869,caf65355
1523117225723492096,研究出来可是能“水”一篇论文的啊，怎么会有学者不感兴趣呢,921.75,1708660922,caf65355
1523826720631923968,所有的一切都是能量的互相干涉,868.615,1708745500,3c7337bc
1524834345603342592,遇事不决，量子力学,990.708,1708865619,2ecd090a
1525447203026720512,来困了..............,1051.074,1708938677,733e5dc3
1526071318246951680,那倒立行走是不是会活的久一点,839.812,1709013077,aec86728
1526213258074652160,就喜欢这句！,722.968,1709029998,a48a250c
1526215241627702272,芭芭拉冲鸭,932.186,1709030234,3fc86396
1528921959411564288,时空之王，命运道标,858.034,1709352900,f7ab0be
1529095836045338112,那是你念唵这类时 你的肌肉呼吸机都在随着你念这个字时有规律运动 按摩内脏,787.375,1709373628,b2446d3b
1529096324883104000,将无序混乱 通过振动变的重新有序，规律,845.558,1709373686,b2446d3b
1530200422705674496,我更倾向于时间是一把尺子 本来不存在只是为了让人类理解而造出来的工具 ,1065.539,1709505305,a5220fbb
1534711957620495616,因为思维是线性的,1034.803,1710043122,62081682
1543746423835697152,这么离谱？,910.195,1711120114,3ab4cc58
1546005639908824320,算了吧,907.089,1711389433,990cb761
1549518129745755904,苗医没病拿水,995.939,1711808155,ceb9f1ab
1551541810399105024,咒语就是用声音画符,730.627,1712049396,f686d65e
1551542719128959232,衰变，老化,838.951,1712049505,f686d65e
1562180038324307456,科学没有尽头。,1077.795,1713317572,59236c22
1577511418495228928,咒令：我，秦始皇，打钱！！！,886.446,1715145215,d59fe5b0
1578778053835180544,芭芭拉：演唱，开始！,890.933,1715296210,b897fdc1
1594020501347522304,黑客帝国,944.659,1717113251,10d4dc90
1615813523726791168,我每次睡不着就看他视频，一听就困，比安眠药管用,1041.055,1719711182,29578a32
1622577590823022080,幻影移形,1038.551,1720517521,72808daf
1639987416305571072,回调芭芭拉！,906.754,1722592934,95e48e44
1655797195032993536,湖北某个道教县的某个局长，就是被这种方式治疗的癌症，还拍了视频,957.966,1724477607,f85c634d
1682123295757073152,遇事不决，量子力学,986.771,1727615923,46c0c30d
1682123743473752832,缩地术！,1036.086,1727615976,46c0c30d
1693841864656055296,憨豆先生也干过类似的事,948.417,1729012885,76537ad9
1727377496854866432,读书时巴不得有这能力省下通勤,1036.921,1733010644,9d6fe986
1801466163009000448,高手啊,966.308,1741842701,705a891
1812420769691477504,怪不得蒙德城有个芭芭拉,992.077,1743148592,94749c01
1825597102567617536, 那光的散射呢？,816.808,1744719333,1a6d2728
1825599134908975616,电影中环节在他眼前上演，不敢想象他当时得震惊到什么程度,957.706,1744719575,1a6d2728
,,0.0,1775655591.4716349,
lb.c,,0.0,1775655591.4716349,
,,0.0,1775655591.4716349,
1510937110897690880,如果说是量子隧穿的话，概率极低，忽略不计。不如直接把射向他人的子弹，无伤遂穿到脑后。,1232.142,1707208939,de0d96f7
1510938654141682944,这难度，比空间传送还难,1249.191,1707209123,de0d96f7
1510941287778876160,言出法随？,1238.539,1707209437,520a78cf
1510960014297565440,有道理,1356.308,1707211669,73dbef55
1510973142066364672,我小时候经常混淆绿色和蓝色,1337.774,1707213234,2eb64d21
1511086203624329984,有合理解释了,1302.605,1707226712,903d032f
1511164230840225536,集体潜意识,1433.111,1707236014,4b967118
1511215250052352256,狼孩的故事如果是真的，那么鸿蒙讲座的故事岂不是真的？传道是真的,1431.28,1707242096,b789a2e2
1511218110945282304,所以自旋到底是什么意思,1100.438,1707242437,ad5cbc3e
1511255395841472512,思想烙印.  ,1347.877,1707246882,b694ac7c
1511404765434047488,这不是道家学说，这是道教学说,1156.319,1707264688,925a8e
1511431593041043200,阿赖耶识,1436.598,1707267886,cdf28e6f
1511460786487543808,本来就没有时间，,1087.225,1707271366,af3bc664
1511478139933912064,有道理,1368.836,1707273435,7a0bddcc
1511516709016718080,阿赖耶,1437.162,1707278033,3e818a27
1511533126998994176,观测物质世界必会对物质世界造成扰动，也就是互动，所以在微观世界，所有观测均是与物质互动后的结果,1368.97,1707279990,2b0a5cad
1511534374871452416,陀一定是博士后，逻辑，章节环环相扣,1206.486,1707280138,62081682
1511536152619183104,这就是地球ol的规矩呀,1351.549,1707280350,baaac14b
1511592607808412416,我们的世界是虚拟的,1141.448,1707287080,6e468b55
1511730073613624064,意识冰山，水面上的冰山看似独立，下面却连成一片？,1434.891,1707303468,ed61d4d3
1511912129274695168,其实可以吃 你喜欢的话（用过的容易产生细菌 吃进去会生病）,1339.593,1707325170,d67e1d47
1512134764138867200,这点认同，在学校考试的时候，明明我自己不紧张，题感觉也不难，但就是脑子空白，不会思考，感觉自己的意识被别人影响了,1430.906,1707351710,95936744
1512240897428290560,五蕴,1348.701,1707364363,f7efa00d
1512262604377145344,假设空间本就在你只是在这空间里放了个烟花，接着烟花充斥整个空间并不断蔓延,1169.81,1707366950,6031d481
1512505554680108288,有些所谓的证明只是为了让事情变的合理,1411.255,1707395912,f49ebad4
1513928600649548288,懂了，太上老君是量子（bushi,1170.598,1707565552,1a1281fd
1514382712004454144,神学不为用，科技为用,1247.087,1707619687,26b4c7d7
1514692285949028608,这个突然出现，也许是奇点以外的更高维世界对它产生了什么影响,1165.973,1707656591,2562f491
1514708046239426560,因为人本身就在系统中,1295.196,1707658470,2562f491
1514710233921327104,绿色也可以叫green,1337.739,1707658730,2562f491
1514711110069364736,确实,1434.603,1707658835,2562f491
1516133256528101376,石头人是吧,1438.144,1707828368,eef05dc0
1519363206387544576,时间和空间是连续的吗,1312.594,1708213408,89704736
1519643780385783040,地球不就在自旋吗,1103.687,1708246855,9c248688
1521295412676657408,？？？,1192.427,1708443745,1892977d
1521523478031927808,所以各大正教都重视语言的作用，圣经里丈夫可以否掉妻子的发愿，佛教和道教都说言语能召来福祸就是这意思,1231.27,1708470932,2bc7f25d
1522116546367880448,这可以假设并不是不教，而是教不了，或者不知道怎么把这种共振甚至说同频的展示给我们，甚至这个可以理解为天赋说的夸张点也就是超能力般是独有的，可以传承但不一定遇到差不多能遇到一个对师傅会咒语一样有天赋的,1267.781,1708541632,f4485a9e
1522694772203129600,所以世界就是像素组成的，根本不连续,1123.286,1708610561,164ded48
1522697891523916800,集体潜意识,1437.666,1708610933,164ded48
1525303812967995136,混元行意,1136.666,1708921583,48beeaa6
1526282993864606208,矩阵,1348.66,1709038311,1596239a
1526913926909220608,真言咒,1234.346,1709113524,53713d10
1529101675288482560,一段振动同样是有序的 会改变无序 同样消除混乱的应力,1321.582,1709374324,b2446d3b
1529103192561254400,认知定义牢笼,1374.684,1709374505,b2446d3b
1535828119645251840,净土宗,1225.742,1710176179,a125d774
1539225571467521536,真空中各方向的力是相同的，但是空间被扭曲之后就会出现“引力”,1127.443,1710581186,9798cac3
1544269461069150720,薛定谔的猫,1332.189,1711182465,384ddeeb
1548355340456971520,为什么打死狼,1382.359,1711669540,26c06ef
1549858698313306624,一语成谶,1237.96,1711848754,6bfe7442
1550314692902376192,像不像一个游戏的世界，从仅有一个世界到加载各种内容的样子？,1156.541,1711903113,7991c86e
1554004188055479296,少数的听到一半，发现已经一句话都听不懂了的视频，世界真神奇,1123.397,1712342935,9cd415f0
1558134519037870080,AI开机了,1178.136,1712835309,569fb314
1579252691224311808,五蕴,1355.02,1715352791,36dd6ae7
1579800639058708992,假装自己能听懂。这是咒语的一部分。,1109.409,1715418111,1d5a13e1
1592047346571685888,普通人的意识、记忆太靠不住了,1339.163,1716878033,f9c33a0
1616905396319193856,《白发魔女传》,1392.275,1719841343,22286d56
1628290035444993792,其实是不确定原理,1291.341,1721198498,e9ae1482
1641605769663529728,言灵,1230.33,1722785857,885fe8e9
1650106204409803520,信则有，不信则无，是不是也是共振，相信才可以和对方同一频率才能感受到，不相信频率不对就什么都不会发生，所以同一个方法，有的人灵，有的人不灵,1249.341,1723799188,2562f491
1661697840449405952,开控制台了,1234.173,1725181019,766e2ccb
1688364293735441664,假的？这是有记录的，还被写入了教育心理学的,1406.421,1728359907,2852ec86
1801377511042126592,时间是人道的概念,1104.052,1741832133,bd550466
1801378425123447040,人类对游戏的开发与创造，像不像天道对人类社会的创造,1212.996,1741832242,bd550466
1806733657709799424,张祥前的《统一场理论》能解释这些现像吗？,1287.425,1742470635,e9102dea
1827140962385317888,你看名字也知道，原始既是原初开始,1133.215,1744903376,1e8ae9f6
1902998389101029120,来自于经验和集体定义,1348.111,1753946285,2f11bf61
,,0.0,1775655591.4716349,
lb.c,,0.0,1775655591.4716349,
,,0.0,1775655591.4716349,
1510906544102140160,这是否能证明一定程度上证明灵魂的存在？,1624.165,1707205295,b7253f15
1510910449561168640,这部分应该是荣格的集体潜意识理论,1440.31,1707205761,1492c5f6
1510914819380157184,是不是给乌龟养大我们也能长命百岁了,1482.1,1707206282,66b8a922
1510920275179427072,比如心里说谁，谁就会打喷嚏,1749.222,1707206932,f57edb10
1510935521063628032,少了云端的算力支持,1472.716,1707208750,fc3b5a83
1510938085855267072,我用在感应外卖员是否到门口了，突然身体本能去开门,1748.476,1707209055,fc3b5a83
1510939849174349568,最新研究，意识，滞后于行为。行为是明星，意识是行为的经纪人。先做，后记录，再修改，更新下一次的行为模式，然后无限循环,1611.618,1707209265,de0d96f7
1510940204163147520,观测者效应，只能说仅供参考,1639.328,1707209308,de0d96f7
1510941203993114112,开智,1688.672,1707209427,1175e65c
1510943420246570240,这是真实的,1483.775,1707209691,fb5a2a45
1510944543003220992,开悟,1713.61,1707209825,7414f425
1510961183887348992,因无所住而生其心,1706.063,1707211809,cf105ce1
1511035621878063616,乌龟那个没法验证，因为乌龟不是哺乳类不会养小孩,1485.194,1707220682,e81cc6
1511063764844415488,高维观测者,1482.859,1707224037,3d58d951
1511111395234618368,但是谁也不敢保证动物没有意识啊？,1506.329,1707229715,ff133554
1511209499552427264,全世界觉得世界是天堂，那么世界就会变成天堂？,1481.001,1707241410,be61b0c1
1511216834996027392,双胞胎？,1610.797,1707242285,b789a2e2
1511223146534047744,古希腊掌管某某的神（doge,1550.905,1707243037,ad5cbc3e
1511223961420548352,如数家珍,1623.444,1707243134,ad5cbc3e
1511228030968900864,应该有吧，比如幸存者偏差；你只记住了说曹操就到的情况，或者父母回家的时间是规律的，你的生物钟告诉了你，使你有所防备,1746.417,1707243619,ad5cbc3e
1511477452092956160,亚空间四小贩,1570.169,1707273353,7c4f903
1511495235413645056,共业,1629.976,1707275473,e6bdc74d
1511497316744741120,上帝,1497.298,1707275721,922862d0
1511508691051051264,阿赖耶识,1441.43,1707277077,aef8af5a
1511568011436567296,阿赖耶识,1692.985,1707284148,d2e363e1
1511621789049190912,凉宫春日的忧郁,1540.488,1707290559,c396cf1d
1511623568927411456,灵能者？,1602.063,1707290771,efbe4fb1
1511631995141424640,那么反过来是不是父母到家前会觉得你在看电视,1750.205,1707291776,c0dcfb2c
1511640842572549632,余光再广也广不到背后,1785.868,1707292830,be83c184
1511687451415241984,xia我一跳,1542.529,1707298387,b82e8d5b
1511708301216445696,提到荣格的集体潜意识，那就不得不提到他在中国看到的《太乙金华宗旨》，后来又翻译回来的的《金花的秘密了》,1735.111,1707300872,9d05f18f
1511795647848672768,悟道,1725.188,1707311285,22b0b17c
1511835804467800832,因为个人意识 改变不了 集体意识,1538.777,1707316072,12d7ee3c
1511842276740092928,【黑门】个体高度独立，目标高度一致,1574.604,1707316843,12d7ee3c
1511847891394797056,喧闹的教室里突然所有人都不说话了。。。。,1765.309,1707317513,32e883ab
1511851208367988480,这不就是佛学么,1697.612,1707317908,9a409ed0
1512144308310928896,答案很显然是能,1505.483,1707352848,a7dc3a93
1512507446907027200,未来人KFK说的2048年之后,1636.84,1707396138,f49ebad4
1512542422654299648,“小我，大我，无我”,1702.041,1707400307,9c484b9d
1513849460013352192,目光这个确实神奇，我从小就可以感知到后面有人看我,1790.395,1707556118,f3c434db
1514406144062621440,人生如梦 梦就是我 我就是梦,1687.096,1707622480,552666d8
1514627335700539648,膀光,1780.411,1707648848,c4510bcb
1515381706549783040,gumayusi,1584.18,1707738776,faace91f
1516918028389108480,神圣的卡拉链接这我们,1465.03,1707921920,999e69a0
1517597278641419520,是每个意识单位都储存了集体意识 是一个同系统中可以共享的系统,1572.941,1708002893,63d7d7da
1517666500956532480,阿赖耶识,1570.555,1708011145,a9fcc626
1518446959336199936,超心理學?,1652.517,1708104183,4d77aa7c
1518686839769391872,王阳明的心外无物？,1704.751,1708132779,b80c6dd6
1519156000530225152,本自具足,1738.358,1708188707,b4116d28
1519202762028528640,还有睡觉突然自然醒，下一秒家里人会上厕所，或者谁在外面开始吵，都有提前性,1742.498,1708194281,b4b0d916
1519465296652840704,我被监控了,1455.932,1708225578,bdcd674a
1519800696000798208,erf,1760.395,1708265561,3f86f535
1520216088720532736,人能常清静天地悉皆归,1715.183,1708315079,a950714f
1520302050620088832,阿赖耶？,1443.431,1708325327,3c73699e
1520317563220260352,我和老爸闻出饺子馅咸不咸 都没尝,1758.613,1708327176,4cbb01a9
1520611966702639104,量子层面的怎么检测？,1511.223,1708362272,5b4e526d
1520612472183090176,科学的尽头是神学,1557.242,1708362332,5b4e526d
1520613854860544000,我对信息的传播方式更感兴趣,1661.023,1708362497,5b4e526d
1520614712394699264,干掉意识，请潜意识接管,1729.544,1708362599,5b4e526d
1520616434609354240,潜意识也应该有一个特定的通道,1775.277,1708362804,5b4e526d
1521527782797361408,不然你以为各大教派的教祖们都是怎么拉人头的,1516.589,1708471446,2bc7f25d
1523572044858465792,光音天,1618.639,1708715141,64dba629
1523572161124859904,光音天,1628.666,1708715154,64dba629
1523572275033640192,光音天,1634.063,1708715168,64dba629
1523572371754514432,光音天,1573.019,1708715179,64dba629
1523747023587911168,吾心自足，不假外求,1711.148,1708736000,c0cf273f
1523816576254704128,人能常清静，天地悉皆归,1699.89,1708744291,82bd86f4
1526257160668196096,宇宙这破地方对我们来说太大了，对别人来说太小了，原子不到,1551.06,1709035231,812c45be
1526916016251444480,云空间,1477.227,1709113773,53713d10
1528515952529233920,背后看我我完全能感觉到,1791.179,1709304500,e10a7d61
1529106510876402176,不是的 心无或者空时 你的身体自愈能力因为没有意识干扰 而从混乱变的重新有序,1770.288,1709374900,b2446d3b
1530376323233619712,念力,1529.842,1709526274,5ebf297f
1534718542484718592,果然还是佛学最接近宇宙真相,1723.379,1710043907,62081682
1536894454429364736,格式塔,1458.951,1710303296,82c0412c
1544845675316129792,近朱者赤近墨者黑,1611.934,1711251155,8a1c28a0
1546345570111973120,神识传音,1624.429,1711429956,4c9bc43a
1547691396486664192,生物电,1787.056,1711590391,2f361cc9
1547828874304575488,感谢尊者,1716.918,1711606780,2924f963
1548014426916315392,量子纠缠,1441.439,1711628900,166ca231
1548417538671826432,有没有一种可能 因为是狼孩天天被展览 被折磨死的喃？,1459.171,1711676954,fa755f5a
1548563003577111552,阿根廷：这我们很懂,1732.447,1711694295,c2ebb559
1548730885837164800,亚空间竟遥遥领先,1563.0,1711714308,cc4815cd
1549298721945368064,战锤P都给我出来,1606.423,1711781999,b1be4194
1550142669161201920,所以一堆人许同一个愿望有可能成功？？！,1666.191,1711882606,426ba631
1550770763064439552,荣格是看太乙金华才写出这个东西的~道家核心,1735.942,1711957480,dd2809d
1555063178428207616,结婚十年后，就变成大智之人,1706.235,1712469176,d60f4f19
1558138007037515776,大圣灵,1585.527,1712835724,569fb314
1565316480193916928,阳明心学，不符合物质世界统治,1755.958,1713691465,a097799c
1578482733217387008,也许宇宙就是一台计算机,1495.132,1715261005,6a93eb7d
1579057566506747136,亚空间灵能,1573.999,1715329530,efbe4fb1
1579058387558354176,放个屏蔽灵能的设备就感应不到了,1631.979,1715329628,efbe4fb1
1579254921771946496,佛陀,1546.46,1715353057,36dd6ae7
1579256023708093184,心有灵犀一点通,1608.875,1715353188,36dd6ae7
1592049700339921920,看我用闪电光速拳打破这一切,1571.994,1716878313,f9c33a0
1612321553985591552,《黑科技》,1629.812,1719294906,a219ff4e
1625968406040107520,古希腊掌管意识,1554.605,1720921738,3d151d8e
1649055077350368768,给你个眼神，你理解一下,1636.409,1723673884,5aaf2537
1652352658549466368,灵觉,1641.621,1724066986,a16cb467
1661107407721556480,脑波可以散发，我之前在一次小区跑步的时候，想起了一首歌，但是我只开始发出一个音节，走在前面的人突然开始唱那个歌词了。,1604.769,1725110633,5d2d3a9
1682127693300132352,一直观测不累吗,1483.673,1727616447,46c0c30d
1701599915598113024,什么？个人意识？人从出生就在被环境塑造所谓个人意识大多只是环境结合以及自身思考的结果,1504.402,1729937717,dedb02ff
1701603790564615424,说的有理,1704.659,1729938178,dedb02ff
1783338091067602176,被重力束缚的灵魂,1524.8,1739681666,2c44889a
1783338729121912064,量子纠缠,1596.358,1739681742,2c44889a
1783339428169745152,元气弹,1675.578,1739681826,2c44889a
1786974265653554176,影响别人心理学上可以轻易做到,1504.76,1740115132,5486f4a0
1786975214421919232,心理学上一个人可以轻易做到影响别人，那么扩大一下，理论上可以影响世界，甚至物质不是不可以的！,1526.38,1740115245,5486f4a0
1786976220400488960,一个北海岸的猴子学会了用棍子，南海岸的猴子不久也会了用棍子,1592.42,1740115365,5486f4a0
1916143344204589824,进击的巨人是吧？,1622.518,1755513286,a8280c73
,,0.0,1775655591.4716349,
lb.c,,0.0,1775655591.4716349,
,,0.0,1775655591.4716349,
1510907383742748672,跑得很快，求生意识很强,1859.8,1707205395,b7253f15
1510918903147094528,他修炼了《太乙金华宗旨》,2023.924,1707206769,7de28024
1510991378388436224,借鉴了太乙金华宗旨,1837.888,1707215408,294d453
1511005315775364096,哈哈哈,1963.285,1707217070,927717c4
1511014668888519424,上帝之手,1918.028,1707218185,ca822b25
1511166440768539136,这个棋盘不对,2072.106,1707236277,4653de3d
1511371598396001024,有没有可能是来自DNA,1950.402,1707260734,7fac09c3
1511483614431370496,牛逼,2021.509,1707274087,7a0bddcc
1511485013181729024,如今的奇怪现象就是没有没有了封建迷信，而破除封建迷信的虽然不是科学，但是科学却已经快成为过去的封建迷信了，我们想看到一件事的源头的时候，就会可以加上所谓的科学,2130.976,1707274254,af3bc664
1511504705279391232,金花的秘密,1815.389,1707276602,a98acdbb
1511512530986694912,人活着就是为了结婚生子买楼买车,1866.718,1707277534,aef8af5a
1511559259358233600,是的,2055.246,1707283105,b98c9fb3
1511559430016283904,不是的,2075.589,1707283125,b98c9fb3
1511559759764321792,言的流,2114.893,1707283165,b98c9fb3
1511559948726130432,演的流音的体,2137.413,1707283187,b98c9fb3
1511560084688445696,言的流音的体,2153.621,1707283203,b98c9fb3
1511565634423857408,分不清~,1884.517,1707283865,933259ff
1511602383002993408,《周公解梦》,2037.176,1707288246,6ff793a8
1511624784738764544,某些时候也是知识水平决定的，夏虫不可语冰,2085.835,1707290916,50d5c8b
1511646783602726912,夏虫不可语冰是认知层面上的,2089.501,1707293539,be83c184
1511686028237673472,金花的秘密+1,1819.319,1707298217,a061f1a1
1512226107229853696,我认为，由于身体硬件相差不大，当思想到某一个峰值的时候，有可能会触发身体的某种开关，而引发现象,1877.869,1707362599,4000cde6
1512227452569843712,基因,1912.019,1707362760,4000cde6
1512227704295081216,基因希望存活、和延续的意志,1890.303,1707362790,4000cde6
1512236336088623360,或许曾经真的有魔法，因为人们认为世界上有魔法，现在没有魔法，是因为人们认为世界是科学的,2100.762,1707363819,4000cde6
1512239475148106496,人体，很奇妙吧！,2126.422,1707364193,27b83167
1512239655066593024,可是我在梦里是可以飞翔的,1994.485,1707364214,265b6271
1512362316396920064,好多次做梦都在飞，有时候觉得就算现实都能飞了,2001.879,1707378837,4220556d
1512364029216148480,其实有关联的,2134.299,1707379041,4220556d
1512480029035323904,鬼故事：进度条,1986.306,1707392869,65c077b4
1512511491256164608,就像那个著名的死囚实验，蒙上死囚的眼睛，在胳膊上滴水，但是告诉他是把手腕割破了，最后死囚死了,1998.61,1707396620,f49ebad4
1512758448813970688,……左和右的A和A以及左和右的B和B比较吗——相同,2073.468,1707426059,eb3ee6e6
1512924223243730432,说不同的吧图片保存下来吸取颜色画线就知道了,2080.35,1707445821,699e6f85
1514001847558388224,可我几乎记不得梦里的情形，甚至醒了后忘的很快,2013.071,1707574284,92e7c78e
1514629060230230784,共食性,1922.803,1707649054,c4510bcb
1515208208879558912,太乙金华宗旨,1820.396,1707718094,2562f491
1516831083335831808,曼德拉效应就是意识改变世界的例子,2115.96,1707911555,a0af2f4
1517339590636122880,一个人有个人意识，在群体中个体无意识,1856.843,1707972174,16f2bbca
1517340428742268160,基因表达的侵略和修改……,1922.122,1707972274,16f2bbca
1518340789556555008,这图不是著名的假图吗？,2076.051,1708091526,7bc7e17c
1518977214304181504,我用卫生纸遮住，亮度也是明显不同,2076.376,1708167394,7b4973e9
1519556650824935168,sOx的时候,1849.993,1708236468,bde99489
1519704264153583360,根本就不一样,1987.828,1708254065,c4176682
1519724956970561024,庄生晓梦迷蝴蝶,2000.801,1708256532,71375078
1520496850229345536,"我怎么彷佛听到哀乐的声音,,,",1958.693,1708348549,8d4759ff
1520618504934856704,你牛逼,1956.753,1708363051,5b4e526d
1520621387814055936,意识可以改变世界，方法、强度、时间,2113.674,1708363395,5b4e526d
1521535987929572352,乌合之众也说过这个事儿吧,1846.43,1708472424,2bc7f25d
1521537440450462976,一般来说治疗这种病的话求助巫医的多，以及，很多都是能量附体啥的就很能说明问题，总归是业力，负面能量集中在某几个人身上以之为祭品的话，守村人啥的就出现了,1900.246,1708472597,2bc7f25d
1521538643486181120,宗教里对梦境的解释更加合理而且能找到和现实显化的对应的特别多,1982.965,1708472740,2bc7f25d
1522429998416676096,我看过,2027.856,1708578998,1a2551f2
1522430086144580096,红叔，我是真的没有懂他的逻辑在哪里，因为确实讲了很多他的梦境，特别是二战的时候,2029.696,1708579008,1a2551f2
1522449276075153152,涂尔干的集体欢腾,1849.819,1708581296,2268529f
1522702111547525632,阿努纳奇,1914.388,1708611436,164ded48
1523066636838878720,《世界是一个巨大的人类补完计划》,1884.829,1708654891,ded02f3a
1524532962606070784,通过对比RGB发现，AB两点颜色是有明显差异的,2073.796,1708829691,22aa0f2b
1526036773640537600,人的动物性，也就是深层次潜意识占了肉体主导地位。人类受的教育是未了压制原始伤害性欲望，所以人性本恶？,1906.67,1709008959,5990b651
1526309394483435520,意识在我看来最大的作用是编码，而对我们行为做出决定的是潜意识，所以，我是意识在编码的时候形成的虚幻概念,1804.446,1709041458,f635abf2
1529108745760615680,中医精神病患烦躁的 是有身体热,2036.695,1709375167,b2446d3b
1529109335303665664,黑客的信息病毒会让硬件过载烧掉,2107.015,1709375237,b2446d3b
1530381264878675712,盗梦空间?,2050.537,1709526863,5ebf297f
1530381665493414912,"以前的日心说,地心说",2098.366,1709526911,5ebf297f
1534719463906337280,荣格就是星际宝宝,1822.664,1710044016,62081682
1539231689010641152,我们班级基本上看一眼就知道对方的情绪，而且，有时候我前桌甚至知道我在想什么,1801.193,1710581916,9798cac3
1539233523800655616,那是你要长高了,1999.187,1710582134,9798cac3
1543386100599866880,曼德拉效应,2122.645,1711077160,7b1896f7
1565315906044132608,佛学和道家比，差几个境界,1809.015,1713691397,a097799c
1573349828916924160,他有修炼,2032.259,1714649115,336113a1
1573350443558662912,太极,2102.099,1714649188,336113a1
1578361954559677440,有人尝试过AI解梦没？很有意思,2041.123,1715246607,d607362e
1590228868223436800,意识水平这词说的妙啊,2088.428,1716661253,32e70d68
1600658511925350656,我听懂了他在说什么。他说的没错,2052.81,1717904564,3080c9a7
1602239587080851712,看了东方的书 吕洞宾,1832.756,1718093042,69bea4b0
1624819953872344064,靠，颜色居然真的想通，具体看评论区,2075.46,1720784832,fe252aac
1649059446992731392,意识是不是种能量,2157.324,1723674405,5aaf2537
1657206902897253376,左右图不一样啊,2071.912,1724645657,bb2b695c
1786980775188154112,这点承认，多层意识观测的结果，总结的很好,2103.861,1740115908,5486f4a0
,,0.0,1775655591.4716349,
lb.c,,0.0,1775655591.4716349,
,,0.0,1775655591.4716349,
1510911112671956992,我们过于相信科学，认为他是真理了。这是否是一种固步自封？,2425.662,1707205840,b7253f15
1511043103258296832,免疫系统：啊对对对,2316.231,1707221574,2ab2c67e
1511044392453046528,从青城山下来的老中医让我感受到真实的炁,2355.993,1707221728,b35f19a4
1511116286984442880,不是抵抗力吗？,2322.185,1707230298,ff133554
1511235917728701440,←宗教神学等被认为与科学相对立的学科现在也被认为是人们对于无法用科学解释的现象的自我安慰,2429.827,1707244560,ad5cbc3e
1511272775527040768,好的中医实在太少 遇到是福气,2364.25,1707248953,dfbee101
1511487267166930432,针灸,2457.037,1707274523,7a0bddcc
1511488226815205888,最可怕的就是如今，已经脱离了所谓的封建迷信，可是我们脱离的真的是封建迷信吗，而且如今证明任何事情的时候一定要加一些有关科学的东西，这也是一种对科学的过度迷信吧,2424.626,1707274637,af3bc664
1511490249644360192,西医和中医还真不是有关联，这点我不认同，中医和西医文化上就是相反的，中医和西医不在一个维度上，一个年轻人发现了老者走过的路，你能硬说他们是有关联的吗，西方文化的弊端,2473.872,1707274878,af3bc664
1511491297306146304,在治疗过程之后，人开始认为自己会好起来？,2422.389,1707275003,85a4eac4
1511516174092251392,然而恰恰相反,2214.264,1707277969,aef8af5a
1511531146054523648,是的，上学的时候胃痉挛，当时生物老师，就用力掐我虎口，一点点的缓解了,2472.447,1707279754,2a157ba2
1511540666142896896,针灸：我TM来了,2449.592,1707280888,ac9066d7
1511560550700850688,是普洱的味我这,2209.157,1707283259,b98c9fb3
1511561083603974144,表象是化学的，本质是物理的。其实整体上化学是物理的宏观而已。,2394.803,1707283322,dc8b0e4a
1511562175272190720,是电脑制作的,2402.846,1707283453,b98c9fb3
1511562415010359808,电的载言的流音的体,2431.439,1707283481,b98c9fb3
1511616696140648192,有没有一种可能，人的思维就是高维生物思维在三维世界的投射,2233.578,1707289952,51f3e284
1511629591763218432,《金花的秘密》,2198.031,1707291489,50d5c8b
1511713660849069824,卧槽,2252.769,1707301511,9d05f18f
1511845184265346816,任何的任何，所有的所有，尽头都是易经。,2400.141,1707317190,2cb16c2f
1511848725457576960,每个个体意识都是高维意识的神经突触？,2239.216,1707317612,12d7ee3c
1512021031039366400,每一个字都看得懂，句意也知道但是深度不够就会产生一些别人一看就知道是错误的猜想,2435.828,1707338152,3b533936
1512219504078473472,S于新冠？,2246.511,1707361812,ad11dac3
1512243732911897088,个体影响主体，主体影响个体,2501.573,1707364701,4000cde6
1512397767090551040,中医里没有癌症这个概念并不是说不能这就能解释断肢者为什么还能感觉到到失去肢体的疼痛,2427.562,1707383063,5a4a6244
1512442956387476992,寡人二刷,2469.849,1707388450,85d43060
1512444733740298496,抵抗力，是个比较抽象的概念；你心情不好的时候，抵抗力就会差些……,2329.185,1707388662,ae0ac0c3
1512515443531734272,在圣经里有一些奇妙的描述，用身体必须人，用人必须身体。与这段类似,2500.145,1707397091,74b8ee47
1512549070609536000,针灸,2458.17,1707401100,9c484b9d
1512896328530001152,缓解没有用，不满意，要治愈。因为可能欺骗身体,2509.863,1707442496,1c12d50
1514036594607452672,不太正确，人的思维本身拥有更高维度，只是身体在目前空间最高只能是三维,2237.494,1707578426,4f1113dd
1514062225051420928,心理健康与身体健康确实关联很深,2304.737,1707581482,2e37a580
1515215889161593600,有听过得了癌症然后全世界旅游最后癌症反而痊愈的例子，也许就是脱离了致癌环境加上好的精神状态的结果,2221.041,1707719009,2562f491
1515795323803729664,这个真实体验，真的是这样,2292.632,1707788083,776bda24
1516057247812173568,经脉,2467.808,1707819307,82e8dd71
1516098734025386240,难道不是靠免疫系统吗,2217.268,1707824252,57df44d5
1516612670131155712,其实西医也有很玄的东西，比如免疫力，什么时候叫免疫力好，根本没有具体的概念,2352.269,1707885518,6697a20f
1516991386145065216,高维世界的VR游戏,2242.624,1707930665,48d70840
1517344831318743040,用人参、黄芪,2224.338,1707972799,16f2bbca
1517347802605385216,精神意识=软件信息，身体物质=下载3D打印,2410.515,1707973153,16f2bbca
1517582444402952449,卧槽，这就是天赋异禀,2209.346,1708001125,88fbb66
1518174427320574720,不是西医是现代医学,2493.541,1708071694,3c60f134
1519730201108750592,科学是方法，为何要不相信呢？,2430.059,1708257157,71375078
1520622084756373248,他修炼了,2190.139,1708363478,5b4e526d
1520623330330361344,自己！有个外国医生实验过，靠强烈的心理暗示治好了牛皮癣,2265.456,1708363626,5b4e526d
1520908359560115456,气伤则痛，形伤则肿。气比血先行六寸。,2463.567,1708397605,a0cafc8b
1520963744061128704,前面那个，火子哥直呼内行,2236.008,1708404207,80f2eb12
1520976130982018816,迷迷糊糊的是玄学 不解的神学 懂得科学,2164.245,1708405683,6c47009f
1521541107815769088,这算啥异端啊，打坐在基督教里又不是没有，很少有人修到那么深而已,2197.052,1708473034,2bc7f25d
1521544602920772096,万一西医本来继承的是黄帝外径那乐子就大了，岐伯万一就是那个希波克拉底岂不更可怕，很好奇当年恩基作为蛇族老大到底传了什么功法和理论下来,2474.618,1708473451,2bc7f25d
1523114759841384448,先生大义,2220.415,1708660628,db9cfae7
1523126538688596992,橙汁还是纯水,2313.98,1708662032,caf65355
1523127209450338816,地上对应马斯洛需求前两层，天对应后三层,2330.991,1708662112,caf65355
1525636257588286464,按摩！！！！,2448.508,1708961214,c53b682b
1528241822726842368,信念生物学,2263.622,1709271821,67438bf5
1529109935458407680,因为不到的时候没惊喜 你记不住 只有曹操到了 有惊喜 你记住了,2178.542,1709375309,b2446d3b
1529110732233364480,你意识紧张了 身体一系列物理化学反应 给你留下了太多应力,2273.522,1709375404,b2446d3b
1529112483883823616,但你的意识会干扰这种修复运动 天长日久 应力积累 你修复不了,2482.358,1709375612,b2446d3b
1534725077554193920,疗愈我们的，永远是自己的内在,2271.099,1710044686,62081682
1539356874623708928,睡的好，第二天精神抖擞心情自然就好，所以认为自己健康，重点在开心快乐,2335.221,1710596839,bfc60bba
1548194627050484736,那这个流行性病毒怎么解释呢,2357.649,1711650381,1d7ce053
1548737409313900288,针灸和点穴！,2457.962,1711715086,cc4815cd
1548993516074816768,针灸穴位？,2464.159,1711745616,6a29f185
1550050407584231168,把他理解成状态就行了，科学也是一种状态。,2376.561,1711871607,ccb411bd
1551006195068880640,我曾把气壁离体外，，还发出了影响世界的声音噗噗,2375.778,1711985546,f522bbb6
1555121621273371136,因为电的手疼,2473.939,1712476143,ea11837c
1565496225019493120,西医无法治疗检测不出原因的病症，但中医却能从不同角度解释并治愈,2218.107,1713712892,db9fdcf0
1571601289748546816,分形，局部是整体和自己的可变参数，万花筒,2504.482,1714440673,21037bc0
1573351739003034624,爽,2252.579,1714649343,336113a1
1573352303841283328,三魂七魄,2315.899,1714649410,336113a1
1573352830830809344,穴位,2374.619,1714649473,336113a1
1573353742068092672,任督二脉,2456.859,1714649581,336113a1
1578362787087190528,天魔入侵意识,2212.663,1715246706,d607362e
1579291454101486848,吸引力法则,2176.759,1715357412,ee107ec5
1580492236670840064,针灸,2507.608,1715500556,cfe44174
1582387350733290240,nonono，是玄学,2264.528,1715726471,19d5eff4
1590230282005697024,描述的很准确啊,2206.25,1716661422,32e70d68
1590232687867065344,这类人的意识程度较高,2296.406,1716661708,32e70d68
1590234558584909056,针灸的原理,2452.39,1716661931,32e70d68
1605835904344478464,足疗必须入医保,2518.927,1718521757,9969ad27
1626647873456418816,双系统是吧,2310.978,1721002737,8dd59655
1629547859357964288,在陕西上学时，跑遍各大医院一年都治不好的过敏，被一个小镇的中医14副中药治好了,2341.119,1721348442,29760c94
1650116862052451072,先天体质差,2285.144,1723800458,2562f491
1650261338385420800,阿赖耶识,2391.787,1723817681,a2dbbf2a
1682133631210146048,？？,2169.502,1727617155,46c0c30d
1682136044864119808,……这个所谓“先兆”用中医更好解释,2414.885,1727617442,46c0c30d
1784896564435635712,手术治不了疾病，只是切掉病坏的组织，最终战胜疾病还是靠自身免疫力,2269.278,1739867451,9cb0fde9
1786987271728803072,为什么那么多人总认为一切理所当然呢？你身体有问题，你第一想法是啥？,2446.361,1740116683,5486f4a0
1830415254694682880,这个就像很多人挠痒痒明明挠左手结果连带着身上一个地方也痒痒,2511.665,1745293702,16af4bf5
1862541813677282816,真相：活得百岁以上的人体内不是没有癌症，而是没有去过度处理，或者根本不知道。,2259.253,1749123486,fa202f09
1903035108337248768,嗯嗯，所以说科学一点是优于玄学的，所谓玄学，就是你没办法证明真，所谓科学是你要想办法证伪。恕我无才，看不出孰高孰低。,2433.468,1753950663,bd550466
,,0.0,1775655591.4716349,
lb.c,,0.0,1775655591.4716349,
,,0.0,1775655591.4716349,
1510952832432415488,经络,2577.363,1707210813,da322836
1510991273237134336,此处需要二舅,2787.883,1707215396,e61716b0
1511219917113070592,逐渐忘记标题,2540.273,1707242652,cd48e03d
1511241564939450880,也有观点认为量子坍缩是应为受到了外界的干扰，干扰源和意识没关系，比如一个光子,2647.722,1707245233,ad5cbc3e
1511250899723715072,质的变幻,2604.981,1707246346,99d607ef
1511251694502139648,有时候分不清是意识还是欲望或是意志,2699.741,1707246440,99d607ef
1511252858329573632,锻刀赛，奥德彪,2838.509,1707246579,99d607ef
1511489279375808768,集体潜意识是不是就是宗教里面的神,2696.952,1707274763,7a0bddcc
1511539839638453248,问题是双缝实验并不是意识干涉物质，只是对应的观测行为导致了结果不同，就像人眼观测万物只是万物把光反射进人眼而已,2598.026,1707280790,2b0a5cad
1511543098244037120,内观,2829.376,1707281178,2bd59f90
1511563184681708288,是承合,2523.182,1707283573,b98c9fb3
1511573785415964416,心理作用确实在起作用....现有科学体系认知下，确实离谱了,2616.921,1707284837,933259ff
1511574982160060416,看到这想起了我朋友总说的“有些东西的意思，只有在特定的语言下，才能不变形的完整表达出来，翻译成别的语言，就不是原本的东西了”，虽然他调侃的是网络河蟹,2683.356,1707284979,933259ff
1511633916526979840,进击的巨人-路,2675.093,1707292005,50d5c8b
1511780150743128320,催化剂是参与反应的,2548.702,1707309437,1eda1f81
1511852761502107648,这里可能指：被屠宰分割后的牛肉块的肌肉还能正常颤动,2847.467,1707318093,16cebda2
1512029021372691200,低于标准线的拉上去高于标准线的误导下去结局早已注定,2860.137,1707339105,3b533936
1512214670243791360,炼神返虚、,2769.67,1707361236,749823ac
1512214775856221440,炼虚合道,2782.265,1707361249,749823ac
1512247837205778176,或许养生主本来就是一个词，他有一个单独的意思,2728.225,1707365190,4000cde6
1512265698607546368,都对，文言文言简意赅,2710.272,1707367319,6df0c1d6
1512897040949031168,假说不能验证，就有点伪科学了,2559.982,1707442581,1c12d50
1512988025402061568,“名可名，非恒名”,2630.507,1707453427,bf7bf192
1514006800888858368,经脉,2527.311,1707574875,92e7c78e
1514008915740832768,催化剂很多种类的，有参与后还原型的，也有不参反应与只影响的,2559.507,1707575127,92e7c78e
1514065585376442880,不是推向玄学，而是曾经以为是玄学的现象有了能以科学理解的可能,2635.15,1707581882,2e37a580
1514637225634528256,庖丁·：舍不得刀,2834.589,1707650027,c4510bcb
1514643111123638016,维特斯根坦：语言的边界...,2698.257,1707650729,608c8027
1515917648968501760,玄之又玄众妙之门,2657.089,1707802665,38e0cfa7
1517587125145587968,要是长期催眠自己会怎么样,2725.298,1708001683,88fbb66
1517675852157326336,读金刚经,2672.59,1708012260,a9fcc626
1519780859342057216,感受到过，甚至知道是什么。但是害怕接触。,2665.365,1708263196,58acec7
1520469782808481536,道可道非常道,2629.481,1708345322,d762be28
1520627791895512064,我更赞同三个分开,2718.688,1708364158,5b4e526d
1521023430105978880,哈哈哈，前面的,2563.92,1708411322,b553b98a
1521547084388373504,克苏鲁了起来,2745.87,1708473746,2bc7f25d
1522708604589951232,是哪个意识在观测,2595.771,1708612210,164ded48
1523734953245245696,哈哈前面的，你是真信教科书上说的呀，参与反应本身就存在问题，能量一定会变的，也就是量,2552.856,1708734561,d8b5495b
1524372883437014528,人体有按钮，按下去就能触发某种联动,2562.916,1708810608,3e145f2f
1527738967150391040,性命双修,2796.143,1709211876,70a57111
1529115662369318912,都是要么一念正确的引起于正确的道路上让身体有序 要么就是无思像睡觉一样,2861.229,1709375991,b2446d3b
1530385645233783040,还有物理学,2572.795,1709527385,5ebf297f
1530387079006374400,练气,2743.662,1709527556,5ebf297f
1530388143193323264,"蚯蚓,壁虎断尾求生",2870.574,1709527683,5ebf297f
1532534714815294208,所有宗教的最高层都完整的说明了只是你不懂,2675.576,1709783574,a5469906
1534890321371221248,催化剂就是相信的力量,2561.12,1710064384,62081682
1547839603913129984,汉尼拔：庖丁解人？,2866.091,1711608059,2924f963
1565343465338884096,我悟了！随心所欲！想睡就睡，不行起床就不起床！工作爱谁干谁干，老子不爽，啥也不干,2865.521,1713694682,a097799c
1572567091251712256,养生=主；逍遥=游,2769.161,1714555805,372c8582
1590239059560099584,名可名，非恒名也,2630.965,1716662468,32e70d68
1590239493980714240,人的天赋差异,2665.61,1716662520,32e70d68
1590240603575560448,易经中的物极必反,2765.451,1716662652,32e70d68
1592060581706304768,啊，这个真没想到，有实证吗？,2560.711,1716879610,f9c33a0
1592061687744197376,大家好，我是新生代科玄家,2643.455,1716879742,f9c33a0
1594314014312289536,黄帝内经,2534.97,1717148240,10d4dc90
1616707099876686080,文惠君：解压短视频——庖丁解牛,2805.71,1719817704,67bcbd29
1626675886122125312,又回来了,2591.958,1721006076,5633d2a9
1631438955083855104,突然想起标题,2585.702,1721573878,21c7b3eb
1651791865642563072,有谁知道现在的背景音乐是什么吗？求求告诉我。,2643.134,1724000134,5f181478
1651794047494518272,AI识片酱,2699.113,1724000394,5f181478
1786991413704718848,分不清欲望意识的，修炼就是种方法,2714.281,1740117176,5486f4a0
1831179479373324544,早期解压小视频,2816.9,1745384804,b710be43
1831457109842711808,学音乐的人有体会，学音乐之前都是完整的听歌，学完以后现在都会无意中注意各个声部，很难完整的听了,2843.746,1745417900,dfe4b0fd
1862545145472995072,意识是其中一部分原因吧,2613.311,1749123883,fa202f09
2024269125094457856,我觉得是倒过来读,2729.341,1768402884,69b55d6
,,0.0,1775655591.4716349,
lb.c,,0.0,1775655591.4716349,
,,0.0,1775655591.4716349,
1510957622461777920,天魂,3128.676,1707211384,da322836
1511218571445973248,一个人不行的 量变才能引起质变,3198.341,1707242492,d42c8ad
1511230160643446528,阿卡西记录呗~,3238.541,1707243873,cd48e03d
1511530686627303424,NPC的集体AI啊,3237.649,1707279699,f170be36
1511568884010922240,是梦与愿望,3125.115,1707284252,b98c9fb3
1511570884618528512,是通灵的梦境,3206.23,1707284491,b98c9fb3
1511822907737834496,庄子：原来我时这么想的啊！,3134.221,1707314534,bda1f123
1512251072759342080,突然失去或者将情感带入了,3070.429,1707365576,4000cde6
1512252022500783360,灵光一闪，突然想到,3150.493,1707365689,4000cde6
1512252635288549376,其实是循序渐进，早有征兆，但大多数人无法察觉,3191.345,1707365762,4000cde6
1512253239452826112,那之前的猴子们为什么会开始蘸着海水吃呢,3230.319,1707365834,4000cde6
1512774213281604608,卧槽。混沌理论系统！！！！,3153.81,1707427939,8ed0c3de
1514016509931098624,你猜第一个发现螃蟹能吃的，到底怎么发现的？猴子又不傻,3209.326,1707576032,92e7c78e
1514073298105808384,迷因，或者说信息木马,3180.678,1707582802,2e37a580
1514583535271749888,第一只猴子受到启发后并做出的行动，是对猴子这个集体意识里编入了规则，从而改变了集体,3218.418,1707643627,c665640
1514639174123334656,自性,3026.532,1707650259,c4510bcb
1514640437590583296,更高的维度,3120.485,1707650410,81689b77
1514641035211329792,猴子阿卡西,3230.978,1707650481,c4510bcb
1514698547189152000,这里已经看不懂了。。。,2926.085,1707657337,9ffb6953
1514744780003978496,到这里就已经是我的认知极限了,2941.535,1707662849,9dd3ff7c
1514824981765295104,这BGM,2972.822,1707672409,e2780229
1515242570916536832,之前的是跟科学家学的,3233.369,1707722190,2562f491
1516890290877783552,火之意志,3111.925,1707918613,88702550
1518665084443254784,哎呦，不听了bgm太诡异,3049.544,1708130185,be292ef8
1518807268521512192,相信后人的智慧,3102.257,1708147135,f9adf723
1520316968576921600,应该是王浩，,3176.635,1708327105,3c73699e
1522419705653141504,形神俱秒，与道合真,3022.407,1708577771,be610f50
1523014509801892096,集体潜意识,3111.359,1708648677,1d21615c
1525945910948258816,传火,3093.569,1708998127,d2dd72c0
1526325358331251200,这里的理解就是形是个容器，而神就是被这个容器盛着的,2938.91,1709043361,f635abf2
1527744800521370112,薪火相传,3096.725,1709212572,70a57111
1527758035026471424,神能入石，神能飞形,2920.882,1709214149,62568114
1528889413248482048,传火黑魂,3116.323,1709349020,6f32af52
1530108341492489472,好困啊,3034.209,1709494328,5804464b
1534893210164506624,超体,2897.908,1710064729,62081682
1537580659072350720,想听妖怪篇,3181.802,1710385097,91e0a9c8
1544285120998244864,蝴蝶效应,3176.236,1711184332,384ddeeb
1544357386121272832,不会是共同意识吧,3095.67,1711192946,5783e517
1575480378784163840,信上帝,3134.598,1714903096,a388be22
1579708203527511552,问法官啊,3179.339,1715407092,36b4895d
1579948250130296320,精神,3090.485,1715435708,9b4ce596
1581621475461416704,这种背景音是什么，太喜欢了,3108.623,1715635172,de41b98e
1592064944445303808,你这CPU架构该优化了,2936.602,1716880130,f9c33a0
1592066053209484544,你也许不能创造自己，但至少可以改造自己，能不能创造也不一定,2998.077,1716880263,f9c33a0
1592067141253920768,我在乎的这一个失去了，我还不能难过？,3084.918,1716880392,f9c33a0
1596308833918038528,我还是会扶的,3164.151,1717386041,50e7d22
1606223054693128192,胖猫,3160.501,1718567909,daf8c946
1623418737971474432,昆山龙哥,3189.659,1720617794,db4ca287
1631442855685806336,大圣灵,3123.419,1721574343,21c7b3eb
1786995063336434432,如果潜意识是真的，那么人类身体的共生微观生物的集体潜意识是不是就是人类意识的温床？,3025.581,1740117611,5486f4a0
1806748969587135744,陀，你不是一个合格的科学家，但是，你是一个好心理医生！！！！,3076.512,1742472461,e9102dea
1916164431202230528,进击的巨人。,3222.153,1755515800,a8280c73
,,0.0,1775655591.4716349,
lb.c,,0.0,1775655591.4716349,
,,0.0,1775655591.4716349,
1510971530572945408,病毒也是,3260.161,1707213042,68adfe97
1510983347998903808,所以为什么说公众人物说话和行为是有影响力的。。,3271.184,1707214451,5344860d
1511047425832659456,虚空终端,3240.373,1707222090,8327211f
1511152281444385536,这个进度条够带劲,3267.0,1707234589,c82172ab
1511578410852420352,吃过,3323.709,1707285388,b98c9fb3
1511680385774603008,呜呜呜呜呜,3381.092,1707297544,350b71bd
1511864251613163520,好赞！！！已三连！！,3375.957,1707319463,a151a368
1511912731333112064,尼古拉特斯拉,3242.059,1707325242,e77b4efc
1512209128251316224,国之大事，唯戎唯祭,3343.927,1707360575,3d3ac38c
1512361484406102784,我说：看过这个视频的人都很快财富自由,3374.202,1707378738,c811e88f
1512905877231943168,如果可以，我请求我父亲的病症可以通过中医治好，不需要手术化疗,3385.38,1707443634,96c0ea62
1514017550168926720,这个叫榜样~,3263.867,1707576156,92e7c78e
1514052802664623104,巨人里也是这麽说的,3250.246,1707580358,8b405922
1514074494271267840,榜样,3250.657,1707582944,2e37a580
1514426217699705088,"随众生心,应所知量,循业发现",3338.047,1707624873,552666d8
1514467136347857152,传播学,3252.723,1707629751,fdae21aa
1514585089571321600,本质如up所讲，表观来看，是个体与其他体的互相影响,3257.288,1707643812,c665640
1514586357778151424,意识能向上编辑规则，从而让其他个体受到影响。,3375.288,1707643963,c665640
1515244400329096192,终于回到标题,3352.533,1707722408,2562f491
1515245365908168192,会，我赞美一个人，对方就会开心,3371.569,1707722523,2562f491
1515327875191339520,每个生物，即使不是生物也都有自己的编码程序，找到合适的接口，输入各种形式的命令就会产生各种光怪陆离的结果。。。,3381.143,1707732359,1ffbc1b5
1515820269367795712,言出法随,3371.896,1707791057,776bda24
1516768920881824512,我很有钱我会很有钱,3387.47,1707904145,70fd3c54
1516954469592933632,但是呢，很可惜，天地不仁以万物为刍狗，物质宇宙也不会因人的想法而转动,3336.001,1707926264,8384b083
1517633712840660224,真的已经三连了，你已经言出法随了,3390.09,1708007236,1733fcea
1518174832104131072,闭口禅开口定乾坤,3371.615,1708071743,8efd754e
1522714113464572160,阿卡西记录,3252.427,1708612867,164ded48
1522755371783948800,相信相信的力量,3370.14,1708617786,e361d6e7
1523774884663086848,不是八级大狂风吗？,3328.519,1708739321,66fc55c1
1525948176568456704,其实我也觉得我能影响天气,3349.825,1708998398,d2dd72c0
1526329365493732096,拉马努金,3246.818,1709043839,f635abf2
1527761067525454080,君子之德风，小人之德草,3264.903,1709214511,62568114
1528252348273969408,←前面发这个弹幕的，回旋镖在等着你,3334.468,1709273076,67438bf5
1528302863489519616,董仲舒的天人感应。。。,3335.263,1709279098,eb692ff6
1529666599341484032,岛上没有番薯，科学家带的,3240.346,1709441668,3c7337bc
1529668256988820992,首先得找到输入代码的入口,3366.077,1709441866,3c7337bc
1531277046981185792,原神，拯救世界,3377.201,1709633648,7039cd78
1532749734215975936,能影响天气？那不是萧敬腾吗？,3335.762,1709809206,a48a250c
1548578720279697920,关键小人物,3375.09,1711696169,c2ebb559
1561767342860648960,上传到云平台了，全人类的意识都在训练同一个AI模型,3240.735,1713268375,43544b2e
1579709736914476800,人定胜天,3362.094,1715407275,36b4895d
1592069102250627584,反正预知梦我确实做过,3243.288,1716880626,f9c33a0
1592069806364986880,罪己诏？,3318.523,1716880710,f9c33a0
1592070266757056768,所以萧雨神是怎么影响天气的？,3344.159,1716880765,f9c33a0
1606399670735766016,同样适用于所有宗教、政治,3277.292,1718588963,726a651a
1608730598024060416,终于绕回来了，哈哈づ♡ど,3350.983,1718866831,92bbae6d
1837860283956193536,刚开始说什么来着？咒语,3369.517,1746181218,eb39c167
1862551286277790976,媒体,3273.964,1749124615,fa202f09
1916166274984708352,等等，这不是董仲舒的天人感应吗？,3313.709,1755516020,a8280c73
1916166598281445376,这不是天人感应吗？,3285.004,1755516058,a8280c73
,,0.0,1775655591.4716349,
lb.c,,0.0,1775655591.4716349,
,,0.0,1775655591.4716349,
